!------------------------------------------------------------!
  Date: 20191122
  Simulation name: ANX4 
  Filename:perpvelbyx.txt                                                                                                                                        
  Produced in mod-subroutine:  massdist/energypotential                                                                                                                              
  Written by AK September 2019
  Description:integrates perpvel over width                                                                                                                         
  Data format: RMAX by t array of perpvel in channel                                                                                                                
!------------------------------------------------------------!
        0.0000000000
        1.5177479958
        0.0000000000
        0.0000000000
        0.0000000000
        0.0000000000
        0.0000000000
        0.0000000000
        0.0000000000
        0.0000000000
        0.0000000000
        0.0000000000
        0.0000000000
        0.0000000000
        0.0000000000
        0.0000000000
        0.0000000000
        0.0000000000
        0.0000000000
        0.0000000000
        0.0000000000
        0.0000000000
        0.0000000000
        0.0000000000
        0.0000000000
        0.0000000000
        0.0000000000
        0.0000000000
        0.0000000000
        0.0000000000
        0.0000000000
        0.0000000000
        0.0000000000
        0.0000000000
        0.0000000000
        0.0000000000
        0.0000000000
        0.0000000000
        0.0000000000
        0.0000000000
        0.0000000000
        0.0000000000
        0.0000000000
        0.0000000000
        0.0000000000
        0.0000000000
        0.0000000000
        0.0000000000
        0.0000000000
        0.0000000000
        0.0000000000
        0.0000000000
        0.0000000000
        0.0000000000
        0.0000000000
        0.0000000000
        0.0000000000
        0.0000000000
        0.0000000000
        0.0000000000
        0.0000000000
        0.0000000000
        0.0000000000
        0.0000000000
        0.0000000000
        0.0000000000
        0.0000000000
        0.0000000000
        0.0000000000
        0.0000000000
        0.0000000000
        0.0000000000
        0.0000000000
        0.0000000000
        0.0000000000
        0.0000000000
        0.0000000000
        0.0000000000
        0.0000000000
        0.0000000000
        0.0000000000
        0.0000000000
        0.0000000000
        0.0000000000
        0.0000000000
        0.0000000000
        0.0000000000
        0.0000000000
        0.0000000000
        0.0000000000
        0.0000000000
        0.0000000000
        0.0000000000
        0.0000000000
        0.0000000000
        0.0000000000
        0.0000000000
        0.0000000000
        0.0000000000
        0.0000000000
        0.0000000000
        0.0000000000
        0.0000000000
        0.0000000000
        0.0000000000
        0.0000000000
        0.0000000000
        0.0000000000
        0.0000000000
        0.0000000000
        0.0000000000
        0.0000000000
        0.0000000000
        0.0000000000
        0.0000000000
        0.0000000000
        0.0000000000
        0.0000000000
        0.0000000000
        0.0000000000
        0.0000000000
        0.0000000000
        0.0000000000
        0.0000000000
        0.0000000000
        0.0000000000
        0.0000000000
        0.0000000000
        0.0000000000
        0.0000000000
        0.0000000000
        0.0000000000
        0.0000000000
        0.0000000000
        0.0000000000
        0.0000000000
        0.0000000000
        0.0000000000
        0.0000000000
        0.0000000000
        0.0000000000
        0.0000000000
        0.0000000000
        0.0000000000
        0.0000000000
        0.0000000000
        0.0000000000
        0.0000000000
        0.0000000000
        0.0000000000
        0.0000000000
        0.0000000000
        0.0000000000
        0.0000000000
        0.0000000000
        0.0000000000
        0.0000000000
        0.0000000000
        0.0000000000
        0.0000000000
        0.0000000000
        0.0000000000
        0.0000000000
        0.0000000000
        0.0000000000
        0.0000000000
        0.0000000000
        0.0000000000
        0.0000000000
        0.0000000000
        0.0000000000
        0.0000000000
        0.0000000000
        0.0000000000
        0.0000000000
        0.0000000000
        0.0000000000
        0.0000000000
        0.0000000000
        0.0000000000
        0.0000000000
        0.0000000000
        0.0000000000
        0.0000000000
        0.0000000000
        0.0000000000
        0.0000000000
        0.0000000000
        0.0000000000
        0.0000000000
        0.0000000000
        0.0000000000
        0.0000000000
        0.0000000000
        0.0000000000
        0.0000000000
        0.0000000000
        0.0000000000
        0.0000000000
        0.0000000000
        0.0000000000
        0.0000000000
        0.0000000000
        0.0000000000
        0.0000000000
        0.0000000000
        0.0000000000
        0.0000000000
        0.0000000000
        0.0000000000
        0.0000000000
        0.0000000000
        0.0000000000
        0.0000000000
        0.0000000000
        0.0000000000
        0.0000000000
        0.0000000000
        0.0000000000
        0.0000000000
        0.0000000000
        0.0000000000
        0.0000000000
        0.0000000000
        0.0000000000
        0.0000000000
        0.0000000000
        0.0000000000
        0.0000000000
        0.0000000000
        0.0000000000
        0.0000000000
        0.0000000000
        0.0000000000
        0.0000000000
        0.0000000000
        0.0000000000
        0.0000000000
        0.0000000000
        0.0000000000
        0.0000000000
        0.0000000000
        0.0000000000
        0.0000000000
        0.0000000000
        0.0000000000
        0.0000000000
        0.0000000000
        0.0000000000
        0.0000000000
        0.0000000000
        0.0000000000
        0.0000000000
        0.0000000000
        0.0000000000
        0.0000000000
        0.0000000000
        0.0000000000
        0.0000000000
        0.0000000000
        0.0000000000
        0.0000000000
        0.0000000000
        0.0000000000
        0.0000000000
        0.0000000000
        0.0000000000
        0.0000000000
        0.0000000000
        0.0000000000
        0.0000000000
        0.0000000000
        0.0000000000
        0.0000000000
        0.0000000000
        0.0000000000
        0.0000000000
        0.0000000000
        0.0000000000
        0.0000000000
        0.0000000000
        0.0000000000
        0.0000000000
        0.0000000000
        0.0000000000
        0.0000000000
        0.0000000000
        0.0000000000
        0.0000000000
        0.0000000000
        0.0000000000
        0.0000000000
        0.0000000000
        0.0000000000
        0.0000000000
        0.0000000000
        0.0000000000
        0.0000000000
        0.0000000000
        0.0000000000
        0.0000000000
        0.0000000000
        0.0000000000
        0.0000000000
        0.0000000000
        0.0000000000
        0.0000000000
        0.0000000000
        0.0000000000
        0.0000000000
        0.0000000000
        0.0000000000
        0.0000000000
        0.0000000000
        0.0000000000
        0.0000000000
        0.0000000000
        0.0000000000
        0.0000000000
        0.0000000000
        0.0000000000
        0.0000000000
        0.0000000000
        0.0000000000
        0.0000000000
        0.0000000000
        0.0000000000
        0.0000000000
        0.0000000000
        0.0000000000
        0.0000000000
        0.0000000000
        0.0000000000
        0.0000000000
        0.0000000000
        0.0000000000
        0.0000000000
        0.0000000000
        0.0000000000
        0.0000000000
        0.0000000000
        0.0000000000
        0.0000000000
        0.0000000000
        0.0000000000
        0.0000000000
        0.0000000000
        0.0000000000
        0.0000000000
        0.0000000000
        0.0000000000
        0.0000000000
        0.0000000000
        0.0000000000
        0.0000000000
        0.0000000000
        0.0000000000
        0.0000000000
        0.0000000000
        0.0000000000
        0.0000000000
        0.0000000000
        0.0000000000
        0.0000000000
        0.0000000000
        0.0000000000
        0.0000000000
        0.0000000000
        0.0000000000
        0.0000000000
        0.0000000000
        0.0000000000
        0.0000000000
        0.0000000000
        0.0000000000
        0.0000000000
        0.0000000000
        0.0000000000
        0.0000000000
        0.0000000000
        0.0000000000
        0.0000000000
        0.0000000000
        0.0000000000
        0.0000000000
        0.0000000000
        0.0000000000
        0.0000000000
        0.0000000000
        0.0000000000
        0.0000000000
        0.0000000000
        0.0000000000
        0.0000000000
        0.0000000000
        0.0000000000
        0.0000000000
        0.0000000000
        0.0000000000
        0.0000000000
        0.0000000000
        0.0000000000
        0.0000000000
        0.0000000000
        0.0000000000
        1.5177479958
        1.4117405253
        1.3651128697
        1.3067729799
        1.3039594489
        1.2928517555
        0.7339725905
        0.7962303823
        0.8957618204
        1.0056211796
        1.1469640873
        1.2544172121
        0.7691809213
        0.7378508511
        0.7799061881
        0.8666334570
        0.8513706388
        0.3695502584
        0.5623625989
        0.4880853051
        0.4787111882
        0.4797835586
        0.4842281425
        0.4839689572
        0.6918439024
        1.0128342627
        1.3885036567
        1.7266776532
        1.0522492828
        1.5118179958
        1.9124784707
        2.3503759859
        2.7630797415
        3.0520077917
        1.9495013792
        1.9908029578
        1.9898332380
        2.0116598370
        1.9151590400
        1.7687507515
        0.9679577100
        0.9314834952
        0.9114375059
        0.8598433154
        0.8250589009
        0.4316801750
        0.4237103988
        0.4070729727
        0.3916655742
        0.3599545852
        0.3413591769
        0.1724024118
        0.1613259913
        0.1587879685
        0.1437429987
        0.1388954868
        0.0642268818
        0.0771739561
        0.0674512594
        0.0672544271
        0.0600260847
        0.0610230463
        0.0496680488
        0.0479524072
        0.0460399717
        0.0432662543
        0.0448165901
        0.0224761595
        0.0460771347
        0.0443255967
        0.0444588538
        0.0428818465
        0.0403636894
        0.0346837238
        0.0320359352
        0.0283518136
        0.0246433988
        0.0189547326
        0.0067490623
        0.0125927851
        0.0089853148
        0.0068030935
        0.0124838128
        0.0208483800
        0.0143067390
        0.0221549900
        0.0290697153
        0.0324534704
        0.0409745921
        0.0507296014
        0.0338745457
        0.0434508380
        0.0469254581
        0.0564549014
        0.0610065016
        0.0449709237
        0.0499879710
        0.0581736542
        0.0603645546
        0.0691763194
        0.0720702891
        0.0503410669
        0.0601080955
        0.0617930489
        0.0698210989
        0.0712702857
        0.0414648975
        0.0514204894
        0.0606795493
        0.0612139374
        0.0679163160
        0.0678228513
        0.0470179356
        0.0469533027
        0.0501571023
        0.0510658570
        0.0460145400
        0.0233265922
        0.0281053478
        0.0242587982
        0.0189742956
        0.0137752447
        0.0067026878
        0.0025616040
        0.0098176007
        0.0183715287
        0.0273754122
        0.0376885928
        0.0253368154
        0.0401321070
        0.0502450120
        0.0591842042
        0.0675249907
        0.0776432709
        0.0547881617
        0.0658752636
        0.0739547904
        0.0796091309
        0.0897060225
        0.0999836217
        0.0667557111
        0.0777880090
        0.0839524340
        0.0933923697
        0.1014436809
        0.0693016310
        0.0778053613
        0.0852034775
        0.0893067036
        0.0967048363
        0.1025637729
        0.0670370898
        0.0776732612
        0.0821385962
        0.0881410381
        0.0912880199
        0.0517703825
        0.0647699976
        0.0720156795
        0.0743727215
        0.0786948271
        0.0817736646
        0.0520625179
        0.0565840245
        0.0571470143
        0.0554953968
        0.0537657246
        0.0268816075
        0.0294285864
        0.0287592961
        0.0224524941
        0.0165949423
        0.0086551336
        0.0017808473
        0.0095789961
        0.0188263863
        0.0290894178
        0.0395767955
        0.0270724788
        0.0431930001
        0.0536517211
        0.0628707657
        0.0731587215
        0.0859719995
        0.0597978030
        0.0714299441
        0.0820520989
        0.0848795518
        0.0956544819
        0.1094147926
        0.0727806057
        0.0867248293
        0.0893769572
        0.1027765384
        0.1075156153
        0.0783064307
        0.0833990583
        0.0941961738
        0.0951518054
        0.1061144912
        0.1081009869
        0.0745939604
        0.0866461993
        0.0868639123
        0.0965620645
        0.0960080510
        0.0553707638
        0.0681284403
        0.0787614608
        0.0774225024
        0.0849448837
        0.0832786219
        0.0576655746
        0.0566897677
        0.0592289273
        0.0595651518
        0.0528703006
        0.0259486748
        0.0307657130
        0.0264346626
        0.0191677083
        0.0129847181
        0.0069170108
        0.0065311195
        0.0136364307
        0.0231244759
        0.0331487696
        0.0437727163
        0.0283102751
        0.0466710248
        0.0573141216
        0.0664719291
        0.0748221440
        0.0846801388
        0.0613643536
        0.0728748509
        0.0811725543
        0.0864665318
        0.0959849340
        0.1055393408
        0.0716909045
        0.0833291624
        0.0888479716
        0.0980851574
        0.1046797743
        0.0729996478
        0.0820262243
        0.0898978633
        0.0933782132
        0.1002187145
        0.1042810371
        0.0685262966
        0.0800946296
        0.0842599765
        0.0902112008
        0.0919646430
        0.0500194556
        0.0638154034
        0.0718170078
        0.0739105721
        0.0773857882
        0.0792439666
        0.0493556393
        0.0543582876
        0.0546681301
        0.0529661717
        0.0508152563
        0.0233988575
        0.0244181190
        0.0253097639
        0.0182024440
        0.0137524638
        0.0104712063
        0.0101214399
        0.0143756533
        0.0235973950
        0.0334971094
        0.0434773258
        0.0274271911
        0.0454717854
        0.0560240061
        0.0647830747
        0.0740762479
        0.0842404112
        0.0586100415
        0.0706597346
        0.0799741844
        0.0820053076
        0.0908701495
        0.1011409096
        0.0668623045
        0.0795949443
        0.0819484305
        0.0914610729
        0.0939173874
        0.0674317941
        0.0734632268
        0.0816497774
        0.0817037181
        0.0883446364
        0.0878397245
        0.0595929591
        0.0702973724
        0.0701045963
        0.0754655862
        0.0743575412
        0.0368434100
        0.0501585212
        0.0581047111
        0.0574678952
        0.0588526562
        0.0578580640
        0.0380265124
        0.0382043407
        0.0405566810
        0.0378958343
        0.0325727879
        0.0129827497
        0.0175551728
        0.0156613523
        0.0096378542
        0.0064834581
        0.0047569242
        0.0060468239
        0.0103995184
        0.0155071070
        0.0204516824
        0.0247358117
        0.0125676758
        0.0255737862
        0.0315784090
        0.0342317769
        0.0357889645
        0.0410740175
        0.0311801993
        0.0350880380
        0.0381809530
        0.0363404581
        0.0368928832
        0.0416098473
        0.0325583873
        0.0344128197
        0.0315552964
        0.0337812688
        0.0319636992
        0.0320710826
        0.0278551379
        0.0288699090
        0.0253864263
        0.0266973365
        0.0242135046
        0.0321906775
        0.0236721094
        0.0197305106
        0.0207925662
        0.0167850420
        0.0050286997
        0.0301788297
        0.0166068753
        0.0129604373
        0.0132951998
        0.0107408182
        0.0222611364
        0.0101928567
        0.0086501540
        0.0088191246
        0.0062179893
        0.0014479103
        0.0109655304
        0.0050108372
        0.0029029070
        0.0023882159
        0.0019898969
        0.0017125242
        0.0018397861
        0.0019249240
        0.0020190292
        0.0020490092
        0.0012144583
        0.0097489404
        0.0036446203
        0.0023340536
        0.0031417174
        0.0042579550
        0.0107742347
        0.0039068292
        0.0026087662
        0.0026964764
        0.0030881406
        0.0036210091
        0.0071707001
        0.0025259163
        0.0025474707
        0.0027207363
        0.0032498364
        0.0034373460
        0.0023562084
        0.0023366717
        0.0023600914
        0.0024067379
        0.0024322128
        0.0000000000
        0.0000000000
        0.0000000000
        1.5177479958
        1.4138331909
        1.3623158458
        1.2980816620
        1.2819129617
        1.2511697149
        0.6935517806
        0.7098384632
        0.7837625774
        0.8696961521
        0.9953477497
        1.0534144207
        0.6141362589
        0.4930508031
        0.4748952785
        0.5093397936
        0.4507701938
        0.1214397455
        0.4072573035
        0.3135295272
        0.3048692010
        0.3615433656
        0.4593913809
        0.6878680110
        0.8102191710
        0.9864344119
        1.2049951859
        1.4208047136
        0.8569321210
        1.3301014114
        1.5276063799
        1.7744356205
        2.0464950094
        2.3494797273
        1.5812832344
        1.8275322445
        2.0977457005
        2.4041635397
        2.6868778498
        2.9858372110
        1.8275890990
        2.0777398458
        2.3972488032
        2.7021500163
        3.1150314234
        1.8257182856
        2.0972512707
        2.3941209525
        2.7117020084
        2.9809480581
        3.3260790432
        1.9144344465
        1.9942785791
        2.2564244637
        2.4910271304
        2.7483382595
        1.2864116357
        1.6442865137
        1.6748161098
        1.9390104247
        2.0837346447
        2.3723653740
        1.4813938270
        1.2807790310
        1.2600313150
        1.2986189629
        1.5332011024
        0.6352481235
        1.5240213319
        1.5164120056
        1.5193873398
        1.5369214818
        1.6070532022
        1.8288475813
        1.9468646192
        2.0746293103
        2.2469227746
        2.4379891653
        1.2676749128
        1.8734605617
        1.9936841635
        2.0875378205
        2.1444411358
        2.1575779241
        1.2967617294
        1.3544296850
        1.3830804458
        1.3577128085
        1.3383929786
        1.3117538022
        0.7584262150
        0.7947860187
        0.8023970304
        0.8134310052
        0.8077954087
        0.4661770678
        0.4919131554
        0.5166995179
        0.5154457678
        0.5214000150
        0.5141146318
        0.2775670037
        0.3022187819
        0.3101392778
        0.3241462727
        0.3201975908
        0.1738243315
        0.1679355189
        0.1854181129
        0.1882291187
        0.1989976786
        0.1948171016
        0.1035324187
        0.0988480695
        0.1010622103
        0.1021258222
        0.0897926667
        0.0448603911
        0.0451841078
        0.0295107038
        0.0255552582
        0.0214191787
        0.0197857847
        0.0213489603
        0.0320080524
        0.0454380965
        0.0599101552
        0.0746421219
        0.0477466365
        0.0615026297
        0.0741443618
        0.0867558303
        0.0983503041
        0.1068602244
        0.0662937719
        0.0751068633
        0.0826300101
        0.0950439749
        0.1033270943
        0.1079572593
        0.0653383138
        0.0670841927
        0.0771867779
        0.0833916993
        0.0937698214
        0.0607821829
        0.0541149009
        0.0589065882
        0.0666212253
        0.0688678640
        0.0751144814
        0.0591947928
        0.0366073092
        0.0418326240
        0.0437393337
        0.0490224239
        0.0274011364
        0.0532299210
        0.0303986294
        0.0236854492
        0.0249554622
        0.0275880581
        0.0402916648
        0.0226595423
        0.0087060478
        0.0088454818
        0.0090958930
        0.0055721314
        0.0215391117
        0.0110846440
        0.0053606917
        0.0054330011
        0.0053423954
        0.0037573653
        0.0042747552
        0.0036114089
        0.0032951765
        0.0029220108
        0.0018067624
        0.0262500876
        0.0185231882
        0.0091609372
        0.0118014600
        0.0153662267
        0.0377784098
        0.0263483759
        0.0232694230
        0.0239696833
        0.0254568308
        0.0305796301
        0.0433312041
        0.0338230821
        0.0360257236
        0.0382303745
        0.0401894513
        0.0401379576
        0.0410152275
        0.0444877060
        0.0447710613
        0.0483152333
        0.0495975480
        0.0392947500
        0.0490248288
        0.0494403188
        0.0531931884
        0.0531877768
        0.0287667332
        0.0402304201
        0.0497271312
        0.0502309338
        0.0528808563
        0.0518018529
        0.0366756570
        0.0388858530
        0.0414871366
        0.0415055229
        0.0363554068
        0.0167862246
        0.0220101365
        0.0205088447
        0.0146446151
        0.0102511399
        0.0048726617
        0.0029781567
        0.0083490995
        0.0148231970
        0.0214613684
        0.0286215970
        0.0181679325
        0.0306479868
        0.0401286225
        0.0464685122
        0.0514684393
        0.0591855578
        0.0418881577
        0.0514530730
        0.0579495762
        0.0595451614
        0.0652614853
        0.0730994968
        0.0477883261
        0.0589022701
        0.0622011387
        0.0676302656
        0.0711706381
        0.0477787664
        0.0567363348
        0.0615635391
        0.0618151249
        0.0655741227
        0.0676376097
        0.0430958070
        0.0540568932
        0.0555461522
        0.0579815608
        0.0576017708
        0.0305312343
        0.0384353605
        0.0462406318
        0.0465921569
        0.0477828037
        0.0477486239
        0.0293406645
        0.0338997967
        0.0334652972
        0.0324219740
        0.0292561924
        0.0129287762
        0.0159997554
        0.0164021094
        0.0125679944
        0.0093127507
        0.0062422573
        0.0037778609
        0.0048752206
        0.0078479077
        0.0120440362
        0.0157824259
        0.0095115946
        0.0171475644
        0.0223164396
        0.0254333218
        0.0290537081
        0.0327026666
        0.0234056005
        0.0285137759
        0.0305203678
        0.0299050545
        0.0319842949
        0.0357664555
        0.0260259608
        0.0300742787
        0.0306788951
        0.0312364284
        0.0319913290
        0.0248100305
        0.0281865478
        0.0285069959
        0.0277878424
        0.0276993764
        0.0281163652
        0.0242784557
        0.0264888876
        0.0259901019
        0.0253020009
        0.0251271878
        0.0092163584
        0.0236646589
        0.0231625861
        0.0231298246
        0.0213201418
        0.0213516432
        0.0199857663
        0.0187474497
        0.0190786726
        0.0176160735
        0.0146663673
        0.0047838022
        0.0141678976
        0.0118145527
        0.0100006798
        0.0097106583
        0.0090739183
        0.0076122409
        0.0076556241
        0.0078363829
        0.0082085264
        0.0089927222
        0.0039009081
        0.0147240624
        0.0132254734
        0.0112905185
        0.0125169223
        0.0159867596
        0.0211534929
        0.0173630955
        0.0161168297
        0.0140891724
        0.0152494434
        0.0195945602
        0.0254265913
        0.0199474761
        0.0168277347
        0.0186030995
        0.0192705827
        0.0245930079
        0.0206132263
        0.0205792920
        0.0184092738
        0.0202577557
        0.0208350557
        0.0237295064
        0.0229575845
        0.0207613134
        0.0222148529
        0.0203684774
        0.0074506017
        0.0223368191
        0.0223265956
        0.0201533446
        0.0215616153
        0.0212932985
        0.0192270812
        0.0187382664
        0.0179502790
        0.0182404944
        0.0162029411
        0.0068185292
        0.0136702043
        0.0126428493
        0.0123432643
        0.0118732467
        0.0111139714
        0.0096986141
        0.0096129696
        0.0097622275
        0.0105802442
        0.0106566558
        0.0052810386
        0.0110847985
        0.0115654113
        0.0123192866
        0.0137306150
        0.0155340803
        0.0116463483
        0.0125730531
        0.0128818481
        0.0126790720
        0.0149815148
        0.0170716700
        0.0109802881
        0.0114439818
        0.0115854234
        0.0122969776
        0.0131331008
        0.0085474706
        0.0079781189
        0.0078130276
        0.0074764034
        0.0073443815
        0.0073038856
        0.0000000000
        0.0000000000
        0.0000000000
        0.0000000000
        1.4072884143
        1.3499453310
        1.2767561740
        1.2587788486
        1.2226037366
        0.6838848801
        0.6850129149
        0.7649246546
        0.8327133264
        0.9313348741
        0.9792890428
        0.5932322792
        0.4558755890
        0.4357016775
        0.4554158715
        0.3848725949
        0.1110954859
        0.4213703223
        0.3188430071
        0.3344795814
        0.4295039861
        0.5563299511
        0.7412761652
        0.8610931489
        1.0239821853
        1.2228161276
        1.4146749612
        0.7792691454
        1.2277064455
        1.4104720920
        1.6277689516
        1.8727447502
        2.1541130037
        1.3587524468
        1.5841323766
        1.8049855779
        2.0681669635
        2.3128094663
        2.5928972581
        1.4704282296
        1.6665925372
        1.9141690010
        2.1973243562
        2.5699406118
        1.4092419921
        1.6236007955
        1.8633418856
        2.1246600419
        2.3438857225
        2.6023315655
        1.4423414614
        1.4735468575
        1.6581187557
        1.8435114038
        2.0277950430
        0.8117519836
        1.2011721079
        1.1868753861
        1.3088563536
        1.4141116990
        1.5833654530
        1.1260177260
        1.0273164877
        0.9013733072
        0.8454879391
        0.8568723462
        0.2659554242
        0.9515586991
        0.8999004106
        0.8883578018
        0.9284152221
        1.0195987106
        1.3098045864
        1.4939041313
        1.7525057146
        2.0585524570
        2.3609732589
        1.3575224238
        2.0868246859
        2.4299721409
        2.8266597574
        3.2115487430
        3.6558128889
        2.4966155788
        2.8213434679
        3.2372769070
        3.5637004448
        3.9357392690
        4.3001518350
        2.7117306138
        3.0160166499
        3.2985841935
        3.6611101906
        3.9930893033
        2.3321572048
        2.5871829053
        3.0416195945
        3.3997339750
        3.8229908662
        4.1841873773
        2.5939084137
        2.8751242491
        3.1995330959
        3.5910084350
        3.8718745404
        1.8519079925
        2.3967448783
        2.5006819021
        2.6724026581
        2.8588801957
        2.9941537370
        1.7786388253
        1.6191325422
        1.6372354166
        1.6933831154
        1.5594703038
        0.5555377723
        1.3508257720
        1.2476564874
        1.2915901486
        1.3334898257
        1.3634433156
        1.1837148959
        1.2781009668
        1.4118193893
        1.5821173581
        1.7500357096
        0.9539983622
        1.5304396460
        1.6898998475
        1.8433588927
        1.9843712840
        2.1029763883
        1.3073963796
        1.3842351045
        1.4289431610
        1.4504891768
        1.4287395311
        1.4111729750
        0.8183642160
        0.8661547246
        0.8981149931
        0.9119541450
        0.9306911870
        0.5267386374
        0.5783621806
        0.6091070807
        0.6262945267
        0.6324285941
        0.6449204948
        0.3413882205
        0.3811281860
        0.4092847498
        0.4214425564
        0.4359029956
        0.2358608978
        0.2357865178
        0.2592948572
        0.2798004785
        0.2834227917
        0.2999671526
        0.1470560349
        0.1659636550
        0.1676837996
        0.1580010094
        0.1613063435
        0.0804952782
        0.0657832916
        0.0570132470
        0.0452819548
        0.0327783602
        0.0262890937
        0.0304577189
        0.0528676955
        0.0802422371
        0.1101117266
        0.1421542362
        0.0951481725
        0.1262328126
        0.1566778034
        0.1866642470
        0.2141941173
        0.2492903495
        0.1519812417
        0.1821184358
        0.2146474209
        0.2338027200
        0.2607682694
        0.2918358529
        0.1700468344
        0.2035828124
        0.2245880778
        0.2576944665
        0.2777316878
        0.1686774532
        0.1880219779
        0.2171472028
        0.2305151681
        0.2562383544
        0.2694034491
        0.1553458019
        0.1803158351
        0.1939502773
        0.2171174880
        0.2259479476
        0.1392302101
        0.1365744228
        0.1584566802
        0.1665204358
        0.1862863294
        0.1893290066
        0.1088783975
        0.1121257808
        0.1172802464
        0.1242790505
        0.1155752823
        0.0633625013
        0.0594505781
        0.0488065295
        0.0425162367
        0.0306934160
        0.0139688954
        0.0054232609
        0.0217193154
        0.0409314590
        0.0618046280
        0.0861015080
        0.0622941795
        0.0778195584
        0.0995779945
        0.1221392607
        0.1434758028
        0.1616637844
        0.1027847714
        0.1230816828
        0.1401113883
        0.1631481342
        0.1835968503
        0.1991730781
        0.1196121443
        0.1380719131
        0.1605657587
        0.1786903858
        0.2018961340
        0.1155775352
        0.1354731544
        0.1509029544
        0.1683462407
        0.1811269815
        0.1991482075
        0.1098832610
        0.1257918533
        0.1436756339
        0.1541209850
        0.1693657562
        0.1012831005
        0.1027431718
        0.1125140152
        0.1260002211
        0.1328142422
        0.1451047088
        0.0772470207
        0.0866078171
        0.0899094509
        0.0886127233
        0.0922981083
        0.0497982608
        0.0431744901
        0.0404322259
        0.0347507963
        0.0254733958
        0.0126852522
        0.0034578028
        0.0143576744
        0.0288604812
        0.0455339641
        0.0633946985
        0.0468637865
        0.0570569149
        0.0734515533
        0.0908282387
        0.1071220072
        0.1286855400
        0.0756769680
        0.0913078716
        0.1104519865
        0.1224621775
        0.1385321305
        0.1572865062
        0.0895975103
        0.1075339212
        0.1202908695
        0.1405811763
        0.1525391196
        0.0908243750
        0.1003415848
        0.1170809114
        0.1255187267
        0.1414360587
        0.1498805246
        0.0854865258
        0.0976198282
        0.1058009803
        0.1196653056
        0.1260380937
        0.0810240430
        0.0765325008
        0.0867733232
        0.0920173291
        0.1044158551
        0.1067714219
        0.0611088190
        0.0616266193
        0.0641986072
        0.0690813520
        0.0659396027
        0.0378690903
        0.0351696146
        0.0276208051
        0.0250860887
        0.0191529511
        0.0100429471
        0.0041550559
        0.0088252107
        0.0186997712
        0.0295257412
        0.0428458084
        0.0333611987
        0.0378295924
        0.0476343280
        0.0592725244
        0.0707978414
        0.0809111919
        0.0497354214
        0.0573359980
        0.0650752181
        0.0779615958
        0.0888316606
        0.0957933382
        0.0566849623
        0.0622001540
        0.0733370233
        0.0823491154
        0.0947121538
        0.0523866211
        0.0578028575
        0.0637593112
        0.0728318674
        0.0789961283
        0.0884701394
        0.0479498875
        0.0497064134
        0.0576658554
        0.0618243549
        0.0700904516
        0.0452333722
        0.0419434582
        0.0420141990
        0.0479317678
        0.0509743207
        0.0565194543
        0.0295446550
        0.0300102825
        0.0308313167
        0.0309491423
        0.0329346803
        0.0193791090
        0.0159162097
        0.0130046856
        0.0117041370
        0.0088585283
        0.0053933577
        0.0038402095
        0.0047008856
        0.0070315560
        0.0113072580
        0.0159700622
        0.0128251898
        0.0141948617
        0.0160961097
        0.0196051622
        0.0229020089
        0.0271834379
        0.0155752552
        0.0160492740
        0.0185972845
        0.0197629306
        0.0213182713
        0.0237409306
        0.0129188720
        0.0129369877
        0.0131584143
        0.0141707250
        0.0144961906
        0.0076550124
        0.0058424965
        0.0049819471
        0.0037730050
        0.0030982699
        0.0028540023
        0.0000000000
        0.0000000000
        0.0000000000
        0.0000000000
        0.3668769578
        0.3754923150
        0.3143116375
        0.2994474867
        0.2708533683
        0.1553962901
        0.2373100783
        0.2417547338
        0.2336898576
        0.2614728633
        0.3067668766
        0.3260733639
        0.2611417297
        0.2383552992
        0.2372957396
        0.1872935013
        0.0404120004
        0.3416708896
        0.3153799838
        0.3362433783
        0.4107009252
        0.5142862447
        0.6768811257
        0.7838132558
        0.9271901007
        1.1023537030
        1.2871479881
        0.7020787134
        1.1034914307
        1.2718355855
        1.4816961201
        1.7230816595
        1.9892340632
        1.2289070448
        1.4209691942
        1.6237399485
        1.8662831560
        2.0761605106
        2.3148396287
        1.2700911999
        1.4346623493
        1.6403023469
        1.8821294071
        2.2083937662
        1.1926421666
        1.3509023771
        1.5190986468
        1.7147613174
        1.9055992183
        2.1264737538
        1.4053097294
        1.3314747289
        1.3608149284
        1.3929730745
        1.4489176382
        0.3631790841
        1.0707408355
        1.0404943570
        1.0058218639
        1.0096068529
        1.0658390672
        1.0401007352
        1.0035192048
        0.9052136003
        0.7987757720
        0.7483086167
        0.3027202252
        1.0597832774
        1.0293385276
        1.0111091320
        1.0628348179
        1.1773790869
        1.5936688203
        1.7318187985
        1.9230827709
        2.1896677435
        2.4520881248
        1.3956555755
        2.1842350435
        2.4369955241
        2.7529132968
        3.0937461427
        3.4870475262
        2.4234156058
        2.7009632803
        3.0904253682
        3.3774299822
        3.7351485402
        4.1368573228
        2.5669988831
        2.8409211893
        3.1342914618
        3.4878775186
        3.8885420352
        2.2653590335
        2.5591013284
        2.9698344286
        3.2787506645
        3.6350852924
        3.9530722232
        2.2138237582
        2.5086425672
        2.8342580400
        3.1683381049
        3.4193890283
        1.5458627246
        1.9983734571
        2.1490354468
        2.3116817503
        2.5689008543
        2.7252649474
        1.4561701380
        1.3911275297
        1.4644685236
        1.5964322783
        1.4930930026
        0.4486351919
        0.8495334838
        0.6091715008
        0.5175492791
        0.4545933083
        0.3999840750
        0.5255840057
        0.7124795900
        0.9680999047
        1.2756825991
        1.5934994276
        0.9554727176
        1.3391708184
        1.7325231227
        2.1595262730
        2.5746135796
        2.9732277107
        1.8880655703
        2.2768965256
        2.6572346665
        3.0195575048
        3.3525217758
        3.6775303848
        2.1924235270
        2.6126757919
        3.0419510180
        3.4266754590
        3.8062762056
        2.0865882161
        2.4081809453
        2.7278249843
        3.0041096302
        3.1875532020
        3.3372439939
        1.7445658220
        1.9748757853
        2.3001551918
        2.6308603211
        3.0225938798
        1.8195752212
        2.3415989652
        2.6367497481
        2.9099146188
        3.0630957128
        3.1580924258
        1.9058322722
        1.9633371328
        1.9580786451
        1.9351535538
        1.9201424592
        0.8791078155
        1.2705245938
        1.2130416612
        1.2160763793
        1.2205324171
        1.2271055615
        0.9910621884
        1.0596903635
        1.1616097372
        1.3300188131
        1.4786998857
        0.7706543141
        1.1120503532
        1.1429431813
        1.1568245416
        1.1992500653
        1.2167450705
        0.7227311584
        0.7467674749
        0.7812721529
        0.7741200494
        0.7737680350
        0.7733322313
        0.4267611357
        0.4565759583
        0.4644608511
        0.4762087605
        0.4719789149
        0.2617874457
        0.2741207966
        0.2907672050
        0.2846259148
        0.2889140059
        0.2822260591
        0.1486699006
        0.1538010938
        0.1517521188
        0.1570341837
        0.1518232585
        0.0858784428
        0.0840399976
        0.0812921824
        0.0718332197
        0.0739662656
        0.0708274338
        0.0509736036
        0.0387665021
        0.0328742415
        0.0335764478
        0.0289909858
        0.0140201101
        0.0319843404
        0.0259756210
        0.0278002585
        0.0293749463
        0.0305744852
        0.0284519699
        0.0316615645
        0.0351377444
        0.0393273517
        0.0422962460
        0.0250529330
        0.0331761448
        0.0333061173
        0.0344048802
        0.0362504263
        0.0374056474
        0.0309356205
        0.0261740086
        0.0221240575
        0.0236602603
        0.0247920781
        0.0232301687
        0.0333715820
        0.0233259321
        0.0095632220
        0.0114989299
        0.0120033175
        0.0296662153
        0.0206633373
        0.0100863650
        0.0062340785
        0.0105208596
        0.0110695712
        0.0267381837
        0.0209339026
        0.0162344056
        0.0171514344
        0.0155456664
        0.0059056501
        0.0227544094
        0.0225926018
        0.0217101621
        0.0224764832
        0.0225976392
        0.0198888741
        0.0216713584
        0.0226046398
        0.0220425703
        0.0193169921
        0.0075923352
        0.0137981707
        0.0140450284
        0.0116604482
        0.0095939150
        0.0073770379
        0.0045920442
        0.0050774413
        0.0068857709
        0.0109550423
        0.0148521184
        0.0088726945
        0.0187606519
        0.0245300738
        0.0292991294
        0.0339344798
        0.0392529672
        0.0291272611
        0.0368346130
        0.0413023153
        0.0416881120
        0.0456296645
        0.0522054689
        0.0372065771
        0.0456740286
        0.0476031636
        0.0516244298
        0.0543259398
        0.0405889643
        0.0470170479
        0.0522841479
        0.0516925707
        0.0547257153
        0.0561210814
        0.0408143857
        0.0502446884
        0.0514782245
        0.0543077404
        0.0532018618
        0.0262422792
        0.0387051637
        0.0471872042
        0.0475486825
        0.0488571135
        0.0484440693
        0.0341983875
        0.0366351012
        0.0396367371
        0.0379374457
        0.0327571774
        0.0139895972
        0.0214023557
        0.0200188644
        0.0161469592
        0.0127374461
        0.0091735530
        0.0054414114
        0.0054936942
        0.0075462116
        0.0117617650
        0.0169286987
        0.0099856316
        0.0189757886
        0.0260016986
        0.0303084779
        0.0335131264
        0.0395411125
        0.0268328434
        0.0345686393
        0.0392867691
        0.0395039166
        0.0422450311
        0.0482861061
        0.0305951417
        0.0393480040
        0.0417835936
        0.0441769327
        0.0471874139
        0.0312482020
        0.0389107820
        0.0424781592
        0.0420038649
        0.0428910913
        0.0446225319
        0.0283694600
        0.0371022568
        0.0386012530
        0.0394001077
        0.0381650237
        0.0175514306
        0.0250867021
        0.0312077408
        0.0314413471
        0.0313767526
        0.0315931932
        0.0189493701
        0.0225697978
        0.0226121374
        0.0213179351
        0.0181409586
        0.0070551424
        0.0098037337
        0.0095913835
        0.0078163863
        0.0067082522
        0.0058051324
        0.0050585961
        0.0058272551
        0.0073946583
        0.0098483924
        0.0121790418
        0.0069572123
        0.0121730535
        0.0150351338
        0.0167698904
        0.0187436862
        0.0208290515
        0.0134031518
        0.0160764744
        0.0167789666
        0.0162225478
        0.0177848230
        0.0191605466
        0.0116079580
        0.0127742546
        0.0125710913
        0.0127779788
        0.0127749062
        0.0075521436
        0.0067494082
        0.0059104516
        0.0050005473
        0.0043755872
        0.0039639721
        0.0000000000
        0.0000000000
        0.0000000000
        0.0000000000
        0.2267439702
        0.2745828583
        0.2463763062
        0.2327621187
        0.2202945631
        0.0987772858
        0.2639184456
        0.2901063085
        0.2970009773
        0.3256510079
        0.3499978403
        0.3169784527
        0.2656539296
        0.2578748793
        0.2515991332
        0.2047368918
        0.0856980563
        0.3212436313
        0.2670121232
        0.2773745099
        0.3484960009
        0.4430301660
        0.5229014400
        0.6114888094
        0.7344746886
        0.8724041915
        1.0257876459
        0.5318260473
        0.8314390459
        0.9986055993
        1.1999290290
        1.3937430244
        1.5892245913
        0.9318760522
        1.0921059821
        1.2685539876
        1.4560344008
        1.6193511766
        1.8031824786
        1.0018553744
        1.1329438139
        1.2824568146
        1.4106040924
        1.6115322290
        1.0369800922
        1.0849555458
        1.1598437257
        1.2450269666
        1.3015260413
        1.4222441202
        1.1490710486
        1.1283226326
        1.0913643296
        1.0590745934
        1.0672449600
        0.1381938018
        1.0001017007
        0.9935164204
        0.9582471703
        0.8798433375
        0.8167635873
        0.9446848634
        0.9385847310
        0.8602965375
        0.7743601818
        0.7304546555
        0.4142488451
        1.1812695955
        1.1646242447
        1.1619522167
        1.2201268624
        1.3247947877
        1.6458611310
        1.7829906912
        1.9706505274
        2.2356397908
        2.4740486856
        1.3644938375
        2.1298920751
        2.3386993565
        2.6263537849
        2.9480252134
        3.3429540208
        2.2209870907
        2.4847400257
        2.8097777110
        3.1238519392
        3.4753912806
        3.8684460976
        2.2247695508
        2.4495069171
        2.7396424618
        3.0832245134
        3.4587563962
        1.9817733733
        2.1974842178
        2.4900476113
        2.7253157167
        2.9877048606
        3.1632133747
        1.7371590914
        1.8530897748
        2.0618223839
        2.3602725176
        2.5301555930
        1.0954047342
        1.3889509297
        1.5708216183
        1.7198788878
        2.0110679600
        2.2281545058
        1.4409199362
        1.3782730262
        1.3397487119
        1.3550579417
        1.2085677265
        0.1762647347
        0.8807626364
        0.7386416288
        0.6951187420
        0.6473735048
        0.5964546288
        1.0527064785
        1.1778736408
        1.3616272154
        1.5741358139
        1.8181960177
        1.1968371547
        1.8088339765
        2.0797895169
        2.3842891625
        2.7148623794
        2.9987607559
        2.1146735527
        2.4562026624
        2.7865466948
        3.1099117302
        3.4029304061
        3.7068384600
        2.4114722417
        2.7479384037
        3.1282676450
        3.4972951624
        3.8665937371
        2.3006254058
        2.6572913563
        2.9785358069
        3.2919471732
        3.5691129143
        3.8744721177
        2.3374949180
        2.5266287343
        2.8250434073
        3.1617920326
        3.4657737631
        1.6121814547
        2.1385745423
        2.2616210784
        2.4697349176
        2.5951877656
        2.7883276048
        1.6017490672
        1.7091643068
        1.8180894126
        1.9290394297
        2.0718824345
        0.8391021203
        1.1755206805
        1.1412546344
        1.1134607906
        1.0169090022
        0.9027156154
        0.6981171110
        0.7711660357
        0.9507102795
        1.1759668337
        1.4240926834
        0.8319298834
        1.2251224830
        1.5399446712
        2.0243251238
        2.5448314300
        3.1051847552
        1.7782478415
        2.1476066928
        2.6242732349
        3.0415587426
        3.4539574906
        3.8553476535
        1.9036435606
        2.2444054893
        2.6431131377
        3.0299031758
        3.3467125332
        1.5501124265
        1.7124918654
        1.9777067699
        2.2327627810
        2.4419657659
        2.5969490712
        1.5429858203
        1.6453188738
        1.7781595465
        1.8411647689
        1.8390798674
        0.7004282378
        1.0806996612
        1.1110260741
        1.0687238861
        1.0104127086
        0.9612069679
        0.9037122086
        0.9213810827
        0.8709207491
        0.8420727673
        0.6972386590
        0.2784966990
        0.5860918163
        0.4863203401
        0.4825555474
        0.4889936765
        0.4920809424
        0.4195874002
        0.4411405576
        0.4653851264
        0.4893033804
        0.4980427791
        0.2535270179
        0.3593945080
        0.3794201133
        0.3936940117
        0.4004027316
        0.3978984802
        0.2521421487
        0.2655943356
        0.2735996543
        0.2775883349
        0.2775145249
        0.2750952781
        0.1636429371
        0.1717053484
        0.1775060426
        0.1785748381
        0.1806546440
        0.1058044650
        0.1090137893
        0.1116365108
        0.1126336070
        0.1108256066
        0.1114929138
        0.0709387570
        0.0633781028
        0.0597688355
        0.0574496120
        0.0583512305
        0.0299690463
        0.0518870359
        0.0402671940
        0.0297430032
        0.0258492155
        0.0254409860
        0.0353097992
        0.0261810839
        0.0173434428
        0.0147159544
        0.0140484718
        0.0070394591
        0.0189429170
        0.0148467256
        0.0135031545
        0.0136839924
        0.0130985144
        0.0096937920
        0.0095873538
        0.0089231711
        0.0085264042
        0.0076213236
        0.0038467916
        0.0199050553
        0.0179227630
        0.0098172808
        0.0069655167
        0.0094504669
        0.0270698082
        0.0237112434
        0.0150286505
        0.0147646936
        0.0141750197
        0.0156387019
        0.0305075089
        0.0252778047
        0.0213661117
        0.0216096857
        0.0211940218
        0.0278034061
        0.0234267292
        0.0259309896
        0.0254801894
        0.0249377518
        0.0239401230
        0.0269265518
        0.0259809789
        0.0278521164
        0.0285016493
        0.0267237248
        0.0103666238
        0.0235645764
        0.0251667830
        0.0267009261
        0.0263309601
        0.0245382171
        0.0186565141
        0.0203956389
        0.0232483053
        0.0223857594
        0.0187999604
        0.0060553109
        0.0118838977
        0.0121976193
        0.0098079003
        0.0084156296
        0.0062436892
        0.0025237767
        0.0019820538
        0.0022399548
        0.0039267989
        0.0054781523
        0.0016133329
        0.0121634820
        0.0111019935
        0.0129581404
        0.0134318455
        0.0152587745
        0.0173809649
        0.0161070366
        0.0178009202
        0.0162800770
        0.0151989179
        0.0160756633
        0.0204251628
        0.0167813759
        0.0162990582
        0.0156684930
        0.0140490088
        0.0196410842
        0.0151779873
        0.0167579599
        0.0145302518
        0.0126286455
        0.0112723359
        0.0187046290
        0.0141768779
        0.0129254803
        0.0118571433
        0.0089263377
        0.0018493799
        0.0164633528
        0.0116158136
        0.0077933354
        0.0065855847
        0.0080419036
        0.0121679082
        0.0078474301
        0.0047168242
        0.0039209170
        0.0044785391
        0.0027779661
        0.0061454113
        0.0037687532
        0.0022290558
        0.0031563050
        0.0034023279
        0.0036824491
        0.0039523123
        0.0042974447
        0.0044423706
        0.0041812557
        0.0007935206
        0.0058236790
        0.0054217957
        0.0052424925
        0.0049606844
        0.0051494980
        0.0066505031
        0.0052722509
        0.0046452409
        0.0037407652
        0.0032787610
        0.0035152184
        0.0051632103
        0.0029654295
        0.0025380391
        0.0019507310
        0.0018521350
        0.0025730260
        0.0018093726
        0.0017001663
        0.0016022423
        0.0015535052
        0.0014952965
        0.0000000000
        0.0000000000
        0.0000000000
        0.0000000000
        0.2459289811
        0.2700652276
        0.2574442830
        0.2397609799
        0.2352188740
        0.1413160118
        0.3037674250
        0.3545443631
        0.3957440577
        0.4555722794
        0.5302335795
        0.3344504807
        0.2862750466
        0.2685150196
        0.2652254987
        0.2200628033
        0.0343937476
        0.2301084827
        0.1815171577
        0.2082587178
        0.2782457950
        0.3685947899
        0.4014643076
        0.4960695404
        0.6205192437
        0.7612188029
        0.9166948164
        0.4351800463
        0.6728695835
        0.8434152277
        1.0441697007
        1.2375226515
        1.4269468772
        0.7823535615
        0.9306761700
        1.0809105590
        1.2730655530
        1.4476765457
        1.6330787181
        0.8730514366
        0.9539900020
        1.0650131871
        1.2346202095
        1.5014999925
        0.9409049571
        0.9477999448
        0.9383321456
        0.9702046980
        1.0792873828
        1.3086167961
        0.9799833689
        0.9686193817
        0.9521774265
        0.9200897048
        0.9251292514
        0.0971707602
        0.8324074688
        0.8364399190
        0.8133655929
        0.7718716097
        0.7640589792
        0.8267273639
        0.7696956438
        0.7095436883
        0.6571021770
        0.6642076182
        0.4319197444
        1.1464047839
        1.1309175288
        1.1342847205
        1.1981268522
        1.2773827884
        1.5286677865
        1.6445709616
        1.8006283797
        1.9988381420
        2.2008317699
        1.1667754180
        1.8646600034
        2.0643817305
        2.3066232005
        2.5678197661
        2.8769655444
        1.8089184714
        2.0585141724
        2.3724801570
        2.6023158869
        2.8585264502
        3.1757231467
        1.7713886281
        2.0086096002
        2.2895882971
        2.6446184417
        2.9655335205
        1.6178557742
        1.8019129091
        2.0574635950
        2.2581629327
        2.4808790635
        2.6199513737
        1.6813347735
        1.7211747245
        1.7081052952
        1.7909061018
        1.8520280639
        0.4409892038
        1.2475577642
        1.4154441802
        1.4363625782
        1.5324551546
        1.4847828860
        1.2994643737
        1.2593747542
        1.2793725611
        1.3429013724
        1.2634557272
        0.5374162987
        1.5549156667
        1.3773231641
        1.2611713756
        1.1889542918
        1.1434885621
        1.6871226457
        1.7263577647
        1.8366168123
        1.9812652714
        2.1484704286
        1.3637655158
        2.0709474203
        2.2938772371
        2.5669196706
        2.8702125335
        3.1491848519
        2.2883247538
        2.5994748510
        2.9390850187
        3.2292407579
        3.5260332139
        3.8227903378
        2.4086361688
        2.6211320057
        2.9071981589
        3.1888107400
        3.5288826223
        2.1596530132
        2.4601823542
        2.7985863503
        3.1410248752
        3.4922354258
        3.8428643677
        2.3204349557
        2.5332233614
        2.8520915277
        3.1749343080
        3.4715896061
        1.5565064024
        2.1333569407
        2.3440504198
        2.6295649971
        2.8738841748
        3.1333490728
        1.6758183245
        1.8131165355
        1.9869377924
        2.0784306034
        2.1284228917
        0.7809950212
        1.0900837929
        0.9997622249
        0.9025097891
        0.7623810993
        0.5804558032
        0.3355341005
        0.4457521985
        0.6785615863
        1.0053687012
        1.3476676552
        0.8837259861
        1.2812277662
        1.6004998686
        1.9900975211
        2.3948092933
        2.8637595142
        1.6544833051
        1.9517356863
        2.3989665765
        2.7409188526
        3.1424589706
        3.6129087932
        2.0070698635
        2.3610193332
        2.6858168755
        3.1265558613
        3.5009554479
        1.8964221263
        2.2202517700
        2.6568047302
        3.0449089361
        3.4393151372
        3.7807838674
        2.1467381210
        2.2867090863
        2.4595596230
        2.7518159162
        2.9460951369
        1.3331225756
        1.7438958715
        1.9641167915
        2.1027783249
        2.3616363223
        2.4198236085
        1.4635963478
        1.4516935136
        1.5608803563
        1.7775347504
        1.7303739939
        0.8082926446
        1.1023745133
        0.9521600907
        0.9562669434
        0.9877195652
        0.9680714263
        0.8238137785
        1.0051370931
        1.3230487232
        1.6949558915
        2.0256291191
        1.0962717379
        1.5758780715
        1.8417607471
        2.1463171319
        2.4643268212
        2.7681186241
        1.7007680439
        1.7752319483
        1.9628987959
        2.1647896473
        2.3523012495
        2.4899276616
        1.3051486956
        1.5430713393
        1.7411823650
        1.9261555602
        2.1381984220
        1.2420771312
        1.4075780705
        1.5774588980
        1.7656684405
        1.9102988426
        2.0382229041
        1.1925220292
        1.2522646500
        1.2819419636
        1.2571173802
        1.2558251812
        0.5723522124
        0.6529822392
        0.6228487834
        0.6094154695
        0.5803954569
        0.5719003643
        0.3037295476
        0.2939420193
        0.2712291789
        0.2400848745
        0.2338965748
        0.1027318415
        0.1290945306
        0.1231013530
        0.1159321809
        0.1077950545
        0.1021542988
        0.0891078112
        0.0982466359
        0.1197915861
        0.1486675863
        0.1730573128
        0.1020163117
        0.1385489049
        0.1638791389
        0.1866527091
        0.2044174347
        0.2229994150
        0.1332254551
        0.1546502324
        0.1742200190
        0.1846226955
        0.1979079981
        0.2114461401
        0.1205292328
        0.1397734379
        0.1510811535
        0.1644645640
        0.1733964009
        0.1000729278
        0.1121548996
        0.1245670909
        0.1288935467
        0.1379684496
        0.1430558152
        0.0799919181
        0.0888170569
        0.0928292167
        0.1000020628
        0.1025444738
        0.0605066308
        0.0600761730
        0.0651956950
        0.0662591928
        0.0709546332
        0.0715807507
        0.0424399702
        0.0382241007
        0.0376132922
        0.0378748836
        0.0341385028
        0.0191208597
        0.0220392214
        0.0128460243
        0.0107615841
        0.0103027636
        0.0107346946
        0.0112103553
        0.0155831832
        0.0217587821
        0.0287578552
        0.0361487571
        0.0248822402
        0.0320250153
        0.0374834661
        0.0427730302
        0.0483053963
        0.0530980261
        0.0366033678
        0.0391470784
        0.0416077976
        0.0473690518
        0.0530676829
        0.0569339868
        0.0376238149
        0.0377538233
        0.0409817036
        0.0445332237
        0.0510937460
        0.0330000097
        0.0317518759
        0.0322953574
        0.0361027259
        0.0394990131
        0.0446291092
        0.0294906438
        0.0244848056
        0.0255039151
        0.0271190388
        0.0316468708
        0.0215629816
        0.0243257210
        0.0186067049
        0.0190322014
        0.0203047918
        0.0231867051
        0.0171743493
        0.0119633158
        0.0106358254
        0.0108771206
        0.0122253191
        0.0081856958
        0.0086138172
        0.0050670948
        0.0047554630
        0.0045168011
        0.0037682166
        0.0025842434
        0.0026882931
        0.0031279678
        0.0041749684
        0.0056657259
        0.0049311219
        0.0072190901
        0.0053718468
        0.0053953097
        0.0066566196
        0.0081294941
        0.0080013891
        0.0048673889
        0.0042828530
        0.0044706461
        0.0049589129
        0.0052507477
        0.0059948832
        0.0028417726
        0.0021613381
        0.0023279602
        0.0023685942
        0.0030438953
        0.0019370795
        0.0018063500
        0.0019834676
        0.0020987384
        0.0022307954
        0.0000000000
        0.0000000000
        0.0000000000
        0.0000000000
        0.1714320076
        0.1548032927
        0.1404063156
        0.1383660025
        0.1739356700
        0.2479800914
        0.3986334335
        0.4324021522
        0.4507921666
        0.4969820603
        0.5590511136
        0.3554115985
        0.3451859058
        0.3572832368
        0.3662443602
        0.3275023657
        0.0940182858
        0.2316223666
        0.1786725756
        0.1735378460
        0.1924579869
        0.2345812344
        0.2739635353
        0.3568145133
        0.4596246607
        0.5862107182
        0.7350374158
        0.3447337790
        0.5552181980
        0.7014293337
        0.8767178927
        1.0561317104
        1.2277677985
        0.6783812662
        0.7935144283
        0.9067940279
        1.0865887359
        1.2519246962
        1.4312159080
        0.7692673478
        0.8128877252
        0.9176443279
        1.1135080521
        1.3642320888
        0.8155876173
        0.8204781743
        0.8382141508
        0.9009624950
        1.0499307381
        1.2541959590
        0.8527007614
        0.8287369283
        0.8190002157
        0.8151540975
        0.8541255919
        0.1626072612
        0.7713860726
        0.7433939163
        0.7191209034
        0.6956335518
        0.7041159606
        0.6781013532
        0.6467725059
        0.6147225603
        0.5729748730
        0.5822717644
        0.3239284509
        0.9415096421
        0.9254891255
        0.9309678355
        0.9817537457
        1.0618716742
        1.3136363748
        1.4295691359
        1.5746817101
        1.7528634728
        1.9440651242
        1.0269033639
        1.6174390755
        1.8239880147
        2.0549975754
        2.2917330346
        2.5750183171
        1.5283509030
        1.7364115408
        2.0140031417
        2.2223950010
        2.4484162367
        2.7156380086
        1.4749712222
        1.6938249566
        1.8639897298
        2.1174132038
        2.3403186414
        1.3508549638
        1.4343986859
        1.5931449523
        1.6888951339
        1.8528293412
        2.0006238572
        1.5100026500
        1.5597099164
        1.5233255243
        1.5387156895
        1.4546850903
        0.1064505641
        1.1366771709
        1.2683398865
        1.2218637916
        1.2502276238
        1.1506099862
        1.1808884765
        1.0768429751
        1.0444028917
        1.0805536624
        0.9865602569
        0.4385590430
        1.2908990568
        1.1740136780
        1.1248757370
        1.1187766408
        1.1833012732
        1.6844439102
        1.7705869580
        1.9216508907
        2.1290683788
        2.3195114321
        1.3445560213
        2.1873717045
        2.4184432802
        2.6813571471
        2.9646812901
        3.2563649409
        2.2505604144
        2.5432994572
        2.8491345479
        3.1442725281
        3.4595496516
        3.7805507646
        2.2639057578
        2.5047786987
        2.8044828100
        3.1047394963
        3.4831116491
        2.0141392188
        2.2693655883
        2.5507686106
        2.8199628690
        3.0547524284
        3.3028244763
        1.8354105029
        2.0589571374
        2.3599134752
        2.6378617392
        2.8913232051
        1.2929247140
        1.7085026291
        1.8633500148
        2.0623122103
        2.2579604222
        2.4445495379
        1.4484471255
        1.5062812250
        1.5352659179
        1.5289733600
        1.5234404243
        0.4373632467
        0.8570327304
        0.7884148246
        0.7351577756
        0.6410811693
        0.5181243119
        0.5438234576
        0.5835239224
        0.7206185870
        0.9440986031
        1.2104491441
        0.7875066116
        1.1722981847
        1.4275006058
        1.7466887445
        2.0811856438
        2.4710226255
        1.5242221146
        1.7645647883
        2.1362696191
        2.4491522406
        2.8127020197
        3.2241015840
        1.8536179197
        2.1720332745
        2.5105651032
        2.9428835588
        3.3275744525
        1.9058383596
        2.1922868119
        2.5676076917
        2.8674856779
        3.2462305578
        3.5588940343
        1.8349234169
        2.0968635313
        2.3400283449
        2.6799126324
        2.9091806054
        1.3304653091
        1.5506908337
        1.7801554847
        2.0152257820
        2.3151922630
        2.5058010251
        1.2668641611
        1.2990253384
        1.4712860153
        1.5634942492
        1.5519036132
        0.6204533932
        0.8246503358
        0.6603893984
        0.6399850056
        0.6351591230
        0.6778913886
        0.7153189505
        0.8466984902
        1.1238513536
        1.4869748484
        1.8666995777
        1.0262374883
        1.4616138722
        1.8055341351
        2.2542652281
        2.6883249474
        3.1082958177
        1.6362931519
        2.0198082730
        2.4514653859
        2.8647766803
        3.2390271540
        3.5998739729
        1.9979040753
        2.1962946641
        2.5112822140
        2.8373332652
        3.2801271834
        1.7819194490
        2.1688464773
        2.5660564038
        3.0359038013
        3.5141536484
        3.9852374009
        2.2161095615
        2.4007847038
        2.7423879928
        2.9925120937
        3.2347186978
        1.3560773636
        1.7863760971
        1.8170132686
        1.9862389394
        2.1098511293
        2.3147808973
        1.3051838936
        1.3307881245
        1.4975320586
        1.6443224596
        1.7629459701
        0.8795282195
        1.1285111166
        1.0888882171
        1.2054701253
        1.3042490822
        1.3394230683
        1.1139840147
        1.1935637652
        1.3944395297
        1.7121813656
        2.0226933855
        1.1586640369
        1.7741723109
        2.0775950650
        2.4080681849
        2.7327106796
        3.0173378636
        1.9595936302
        2.1861024827
        2.4011575964
        2.5611406479
        2.7090251026
        2.8209962631
        1.6491270896
        1.7694387100
        1.8569436839
        1.9587119359
        2.1024501002
        1.2254989882
        1.2457750077
        1.2776462889
        1.2704924114
        1.2418487249
        1.1898156539
        0.6295749195
        0.6244937670
        0.6313221642
        0.6426375863
        0.6196817192
        0.3205740952
        0.3095863117
        0.3193587027
        0.3201795432
        0.3334535819
        0.3169364747
        0.1666918366
        0.1482730594
        0.1457223538
        0.1455763134
        0.1205935691
        0.0562269436
        0.0714611184
        0.0577300369
        0.0551134212
        0.0540736239
        0.0569644639
        0.0593050545
        0.0744408903
        0.0948993710
        0.1164371690
        0.1365763035
        0.0831876498
        0.1167114230
        0.1380877331
        0.1550906733
        0.1690016891
        0.1798054406
        0.1179295651
        0.1361363261
        0.1466448601
        0.1579965964
        0.1693856635
        0.1794392542
        0.1107285393
        0.1246443779
        0.1341956254
        0.1424224322
        0.1545504342
        0.0921936248
        0.1037388410
        0.1089744616
        0.1146816857
        0.1204200803
        0.1289813884
        0.0723320446
        0.0794716205
        0.0839128426
        0.0866119532
        0.0924498274
        0.0546800506
        0.0545940606
        0.0571701598
        0.0594328243
        0.0598967751
        0.0643924456
        0.0328616329
        0.0338896524
        0.0319876318
        0.0294800216
        0.0304566477
        0.0167017204
        0.0137810047
        0.0103613976
        0.0087932475
        0.0080924944
        0.0082687594
        0.0091335336
        0.0123506316
        0.0164566870
        0.0209308284
        0.0250729106
        0.0165445035
        0.0214279350
        0.0238613971
        0.0265100590
        0.0288969563
        0.0313551649
        0.0194305962
        0.0203179485
        0.0216570128
        0.0220985749
        0.0228290586
        0.0232967390
        0.0132864242
        0.0129115997
        0.0125968899
        0.0124748889
        0.0117443084
        0.0065811741
        0.0053093232
        0.0045512011
        0.0039718621
        0.0034803512
        0.0032024143
        0.0000000000
        0.0000000000
