!------------------------------------------------------------!
  Date: 20191111
  Simulation name: AVX4 
  Filename:slice_middle.txt                                                                                                                                      
  Produced in mod-subroutine:  column.mod/slice                                                                                                                                      
  Written by AK September 2019
  Description:Veritcal column at x300_z450                                                                                                                          
  Data format: t  YYY  EPP   U_G   DPU   T_G   Ri                                                                                                                   
!------------------------------------------------------------!
  1      198.000000000000       14.000347260752        0.000000000000        0.000000000000      273.000000000000        0.000000000000
  1      201.000000000000       14.000347260752        0.000000000000        0.000000000000      273.000000000000        0.000000000000
  1      204.000000000000       14.000347260752        0.000000000000        0.000000000000      273.000000000000        0.000000000000
  1      207.000000000000       14.000347260752        0.000000000000        0.000000000000      273.000000000000        0.000000000000
  1      210.000000000000       14.000347260752        0.000000000000        0.000000000000      273.000000000000        0.000000000000
  1      213.000000000000       14.000347260752        0.000000000000        0.000000000000      273.000000000000        0.000000000000
  1      216.000000000000       14.000347260752        0.000000000000        0.000000000000      273.000000000000        0.000000000000
  1      219.000000000000       14.000347260752        0.000000000000        0.000000000000      273.000000000000        0.000000000000
  1      222.000000000000       14.000347260752        0.000000000000        0.000000000000      273.000000000000        0.000000000000
  1      225.000000000000       14.000347260752        0.000000000000        0.000000000000      273.000000000000        0.000000000000
  1      228.000000000000       14.000347260752        0.000000000000        0.000000000000      273.000000000000        0.000000000000
  1      231.000000000000       14.000347260752        0.000000000000        0.000000000000      273.000000000000        0.000000000000
  1      234.000000000000       14.000347260752        0.000000000000        0.000000000000      273.000000000000        0.000000000000
  1      237.000000000000       14.000347260752        0.000000000000        0.000000000000      273.000000000000        0.000000000000
  1      240.000000000000       14.000347260752        0.000000000000        0.000000000000      273.000000000000        0.000000000000
  1      243.000000000000       14.000347260752        0.000000000000        0.000000000000      273.000000000000        0.000000000000
  1      246.000000000000       14.000347260752        0.000000000000        0.000000000000      273.000000000000        0.000000000000
  1      249.000000000000       14.000347260752        0.000000000000        0.000000000000      273.000000000000        0.000000000000
  1      252.000000000000       14.000347260752        0.000000000000        0.000000000000      273.000000000000        0.000000000000
  1      255.000000000000       14.000347260752        0.000000000000        0.000000000000      273.000000000000        0.000000000000
  1      258.000000000000       14.000347260752        0.000000000000        0.000000000000      273.000000000000        0.000000000000
  1      261.000000000000       14.000347260752        0.000000000000        0.000000000000      273.000000000000        0.000000000000
  1      264.000000000000       14.000347260752        0.000000000000        0.000000000000      273.000000000000        0.000000000000
  1      267.000000000000       14.000347260752        0.000000000000        0.000000000000      273.000000000000        0.000000000000
  1      270.000000000000       14.000347260752        0.000000000000        0.000000000000      273.000000000000        0.000000000000
  1      273.000000000000       14.000347260752        0.000000000000        0.000000000000      273.000000000000        0.000000000000
  1      276.000000000000       14.000347260752        0.000000000000        0.000000000000      273.000000000000        0.000000000000
  1      279.000000000000       14.000347260752        0.000000000000        0.000000000000      273.000000000000        0.000000000000
  1      282.000000000000       14.000347260752        0.000000000000        0.000000000000      273.000000000000        0.000000000000
  1      285.000000000000       14.000347260752        0.000000000000        0.000000000000      273.000000000000        0.000000000000
  1      288.000000000000       14.000347260752        0.000000000000        0.000000000000      273.000000000000        0.000000000000
  1      291.000000000000       14.000347260752        0.000000000000        0.000000000000      273.000000000000        0.000000000000
  1      294.000000000000       14.000347260752        0.000000000000        0.000000000000      273.000000000000        0.000000000000
  1      297.000000000000       14.000347260752        0.000000000000        0.000000000000      273.000000000000        0.000000000000
  1      300.000000000000       14.000347260752        0.000000000000        0.000000000000      273.000000000000        0.000000000000
  1      303.000000000000       14.000347260752        0.000000000000        0.000000000000      273.000000000000        0.000000000000
  1      306.000000000000       14.000347260752        0.000000000000        0.000000000000      273.000000000000        0.000000000000
  1      309.000000000000       14.000347260752        0.000000000000        0.000000000000      273.000000000000        0.000000000000
  1      312.000000000000       14.000347260752        0.000000000000        0.000000000000      273.000000000000        0.000000000000
  1      315.000000000000       14.000347260752        0.000000000000        0.000000000000      273.000000000000        0.000000000000
  1      318.000000000000       14.000347260752        0.000000000000        0.000000000000      273.000000000000        0.000000000000
  1      321.000000000000       14.000347260752        0.000000000000        0.000000000000      273.000000000000        0.000000000000
  1      324.000000000000       14.000347260752        0.000000000000        0.000000000000      273.000000000000        0.000000000000
  1      327.000000000000       14.000347260752        0.000000000000        0.000000000000      273.000000000000        0.000000000000
  1      330.000000000000       14.000347260752        0.000000000000        0.000000000000      273.000000000000        0.000000000000
  1      333.000000000000       14.000347260752        0.000000000000        0.000000000000      273.000000000000        0.000000000000
  1      336.000000000000       14.000347260752        0.000000000000        0.000000000000      273.000000000000        0.000000000000
  1      339.000000000000       14.000347260752        0.000000000000        0.000000000000      273.000000000000        0.000000000000
  1      342.000000000000       14.000347260752        0.000000000000        0.000000000000      273.000000000000        0.000000000000
  1      345.000000000000       14.000347260752        0.000000000000        0.000000000000      273.000000000000        0.000000000000
  1      348.000000000000       14.000347260752        0.000000000000        0.000000000000      273.000000000000        0.000000000000
  1      351.000000000000       14.000347260752        0.000000000000        0.000000000000      273.000000000000        0.000000000000
  1      354.000000000000       14.000347260752        0.000000000000        0.000000000000      273.000000000000        0.000000000000
  1      357.000000000000       14.000347260752        0.000000000000        0.000000000000      273.000000000000        0.000000000000
  1      360.000000000000       14.000347260752        0.000000000000        0.000000000000      273.000000000000        0.000000000000
  1      363.000000000000       14.000347260752        0.000000000000        0.000000000000      273.000000000000        0.000000000000
  1      366.000000000000       14.000347260752        0.000000000000        0.000000000000      273.000000000000        0.000000000000
  1      369.000000000000       14.000347260752        0.000000000000        0.000000000000      273.000000000000        0.000000000000
  1      372.000000000000       14.000347260752        0.000000000000        0.000000000000      273.000000000000        0.000000000000
  1      375.000000000000       14.000347260752        0.000000000000        0.000000000000      273.000000000000        0.000000000000
  1      378.000000000000       14.000347260752        0.000000000000        0.000000000000      273.000000000000        0.000000000000
  1      381.000000000000       14.000347260752        0.000000000000        0.000000000000      273.000000000000        0.000000000000
  1      384.000000000000       14.000347260752        0.000000000000        0.000000000000      273.000000000000        0.000000000000
  1      387.000000000000       14.000347260752        0.000000000000        0.000000000000      273.000000000000        0.000000000000
  1      390.000000000000       14.000347260752        0.000000000000        0.000000000000      273.000000000000        0.000000000000
  1      393.000000000000       14.000347260752        0.000000000000        0.000000000000      273.000000000000        0.000000000000
  1      396.000000000000       14.000347260752        0.000000000000        0.000000000000      273.000000000000        0.000000000000
  1      399.000000000000       14.000347260752        0.000000000000        0.000000000000      273.000000000000        0.000000000000
  1      402.000000000000       14.000347260752        0.000000000000        0.000000000000      273.000000000000        0.000000000000
  1      405.000000000000       14.000347260752        0.000000000000        0.000000000000      273.000000000000        0.000000000000
  1      408.000000000000       14.000347260752        0.000000000000        0.000000000000      273.000000000000        0.000000000000
  1      411.000000000000       14.000347260752        0.000000000000        0.000000000000      273.000000000000        0.000000000000
  1      414.000000000000       14.000347260752        0.000000000000        0.000000000000      273.000000000000        0.000000000000
  1      417.000000000000       14.000347260752        0.000000000000        0.000000000000      273.000000000000        0.000000000000
  1      420.000000000000       14.000347260752        0.000000000000        0.000000000000      273.000000000000        0.000000000000
  1      423.000000000000       14.000347260752        0.000000000000        0.000000000000      273.000000000000        0.000000000000
  1      426.000000000000       14.000347260752        0.000000000000        0.000000000000      273.000000000000        0.000000000000
  1      429.000000000000       14.000347260752        0.000000000000        0.000000000000      273.000000000000        0.000000000000
  1      432.000000000000       14.000347260752        0.000000000000        0.000000000000      273.000000000000        0.000000000000
  1      435.000000000000       14.000347260752        0.000000000000        0.000000000000      273.000000000000        0.000000000000
  1      438.000000000000       14.000347260752        0.000000000000        0.000000000000      273.000000000000        0.000000000000
  1      441.000000000000       14.000347260752        0.000000000000        0.000000000000      273.000000000000        0.000000000000
  1      444.000000000000       14.000347260752        0.000000000000        0.000000000000      273.000000000000        0.000000000000
  1      447.000000000000       14.000347260752        0.000000000000        0.000000000000      273.000000000000        0.000000000000
  1      450.000000000000       14.000347260752        0.000000000000        0.000000000000      273.000000000000        0.000000000000
  1      453.000000000000       14.000347260752        0.000000000000        0.000000000000      273.000000000000        0.000000000000
  1      456.000000000000       14.000347260752        0.000000000000        0.000000000000      273.000000000000        0.000000000000
  2      198.000000000000       14.000347260752       -0.061797975959        0.000000000000      272.997966544589        0.000000000000
  2      201.000000000000       14.000347260752       -0.053597731982        0.000000000000      272.999991759736        0.000000000000
  2      204.000000000000       14.000347260752       -0.021231816913        0.000000000000      272.999999789732        0.000000000000
  2      207.000000000000       14.000347260752       -0.005561656211        0.000000000000      272.999999994865        0.000000000000
  2      210.000000000000       14.000347260752        0.001181753034        0.000000000000      272.999999999894        0.000000000000
  2      213.000000000000       14.000347260752        0.004573607070        0.000000000000      273.000000000003        0.000000000000
  2      216.000000000000       14.000347260752        0.006684669190        0.000000000000      273.000000000006        0.000000000000
  2      219.000000000000       14.000347260752        0.008053830231        0.000000000000      273.000000000006        0.000000000000
  2      222.000000000000       14.000347260752        0.008805318853        0.000000000000      273.000000000007        0.000000000000
  2      225.000000000000       14.000347260752        0.008979703494        0.000000000000      273.000000000006        0.000000000000
  2      228.000000000000       14.000347260752        0.008586384572        0.000000000000      273.000000000006        0.000000000000
  2      231.000000000000       14.000347260752        0.007606303286        0.000000000000      273.000000000007        0.000000000000
  2      234.000000000000       14.000347260752        0.006056512215        0.000000000000      273.000000000006        0.000000000000
  2      237.000000000000       14.000347260752        0.003949883531        0.000000000000      273.000000000006        0.000000000000
  2      240.000000000000       14.000347260752        0.001297656599        0.000000000000      273.000000000005        0.000000000000
  2      243.000000000000       14.000347260752       -0.001892186928        0.000000000000      273.000000000005        0.000000000000
  2      246.000000000000       14.000347260752       -0.005582131990        0.000000000000      273.000000000006        0.000000000000
  2      249.000000000000       14.000347260752       -0.009743196183        0.000000000000      273.000000000006        0.000000000000
  2      252.000000000000       14.000347260752       -0.014344732528        0.000000000000      273.000000000006        0.000000000000
  2      255.000000000000       14.000347260752       -0.019364181858        0.000000000000      273.000000000005        0.000000000000
  2      258.000000000000       14.000347260752       -0.024762530049        0.000000000000      273.000000000007        0.000000000000
  2      261.000000000000       14.000347260752       -0.030508600733        0.000000000000      273.000000000006        0.000000000000
  2      264.000000000000       14.000347260752       -0.036572197412        0.000000000000      273.000000000005        0.000000000000
  2      267.000000000000       14.000347260752       -0.042898174302        0.000000000000      273.000000000005        0.000000000000
  2      270.000000000000       14.000347260752       -0.049447478949        0.000000000000      273.000000000005        0.000000000000
  2      273.000000000000       14.000347260752       -0.056190135489        0.000000000000      273.000000000005        0.000000000000
  2      276.000000000000       14.000347260752       -0.063075225908        0.000000000000      273.000000000006        0.000000000000
  2      279.000000000000       14.000347260752       -0.070063900903        0.000000000000      273.000000000006        0.000000000000
  2      282.000000000000       14.000347260752       -0.077162761947        0.000000000000      273.000000000005        0.000000000000
  2      285.000000000000       14.000347260752       -0.084263951397        0.000000000000      273.000000000006        0.000000000000
  2      288.000000000000       14.000347260752       -0.091365939799        0.000000000000      273.000000000006        0.000000000000
  2      291.000000000000       14.000347260752       -0.098419001811        0.000000000000      273.000000000007        0.000000000000
  2      294.000000000000       14.000347260752       -0.105402660666        0.000000000000      273.000000000006        0.000000000000
  2      297.000000000000       14.000347260752       -0.112304864274        0.000000000000      273.000000000007        0.000000000000
  2      300.000000000000       14.000347260752       -0.119085175638        0.000000000000      273.000000000006        0.000000000000
  2      303.000000000000       14.000347260752       -0.125690699675        0.000000000000      273.000000000006        0.000000000000
  2      306.000000000000       14.000347260752       -0.132110914031        0.000000000000      273.000000000006        0.000000000000
  2      309.000000000000       14.000347260752       -0.138327358499        0.000000000000      273.000000000006        0.000000000000
  2      312.000000000000       14.000347260752       -0.144308732401        0.000000000000      273.000000000006        0.000000000000
  2      315.000000000000       14.000347260752       -0.150044721590        0.000000000000      273.000000000006        0.000000000000
  2      318.000000000000       14.000347260752       -0.155523796207        0.000000000000      273.000000000006        0.000000000000
  2      321.000000000000       14.000347260752       -0.160717232464        0.000000000000      273.000000000006        0.000000000000
  2      324.000000000000       14.000347260752       -0.165669284248        0.000000000000      273.000000000006        0.000000000000
  2      327.000000000000       14.000347260752       -0.170343094433        0.000000000000      273.000000000005        0.000000000000
  2      330.000000000000       14.000347260752       -0.174692872061        0.000000000000      273.000000000006        0.000000000000
  2      333.000000000000       14.000347260752       -0.178826545401        0.000000000000      273.000000000005        0.000000000000
  2      336.000000000000       14.000347260752       -0.182679763329        0.000000000000      273.000000000006        0.000000000000
  2      339.000000000000       14.000347260752       -0.186249468921        0.000000000000      273.000000000006        0.000000000000
  2      342.000000000000       14.000347260752       -0.189570341988        0.000000000000      273.000000000005        0.000000000000
  2      345.000000000000       14.000347260752       -0.192651974432        0.000000000000      273.000000000006        0.000000000000
  2      348.000000000000       14.000347260752       -0.195471842524        0.000000000000      273.000000000006        0.000000000000
  2      351.000000000000       14.000347260752       -0.198076576434        0.000000000000      273.000000000006        0.000000000000
  2      354.000000000000       14.000347260752       -0.200476600593        0.000000000000      273.000000000006        0.000000000000
  2      357.000000000000       14.000347260752       -0.202673077678        0.000000000000      273.000000000005        0.000000000000
  2      360.000000000000       14.000347260752       -0.204682094011        0.000000000000      273.000000000005        0.000000000000
  2      363.000000000000       14.000347260752       -0.206540132027        0.000000000000      273.000000000007        0.000000000000
  2      366.000000000000       14.000347260752       -0.208259993836        0.000000000000      273.000000000006        0.000000000000
  2      369.000000000000       14.000347260752       -0.209845221137        0.000000000000      273.000000000006        0.000000000000
  2      372.000000000000       14.000347260752       -0.211303445819        0.000000000000      273.000000000006        0.000000000000
  2      375.000000000000       14.000347260752       -0.212670141414        0.000000000000      273.000000000005        0.000000000000
  2      378.000000000000       14.000347260752       -0.213922771517        0.000000000000      273.000000000006        0.000000000000
  2      381.000000000000       14.000347260752       -0.215068694547        0.000000000000      273.000000000006        0.000000000000
  2      384.000000000000       14.000347260752       -0.216190074280        0.000000000000      273.000000000006        0.000000000000
  2      387.000000000000       14.000347260752       -0.217219615773        0.000000000000      273.000000000006        0.000000000000
  2      390.000000000000       14.000347260752       -0.218165964557        0.000000000000      273.000000000006        0.000000000000
  2      393.000000000000       14.000347260752       -0.219072073066        0.000000000000      273.000000000005        0.000000000000
  2      396.000000000000       14.000347260752       -0.219930178322        0.000000000000      273.000000000005        0.000000000000
  2      399.000000000000       14.000347260752       -0.220732120843        0.000000000000      273.000000000005        0.000000000000
  2      402.000000000000       14.000347260752       -0.221487351685        0.000000000000      273.000000000006        0.000000000000
  2      405.000000000000       14.000347260752       -0.222190039281        0.000000000000      273.000000000005        0.000000000000
  2      408.000000000000       14.000347260752       -0.222830246431        0.000000000000      273.000000000006        0.000000000000
  2      411.000000000000       14.000347260752       -0.223421355690        0.000000000000      273.000000000006        0.000000000000
  2      414.000000000000       14.000347260752       -0.223962356679        0.000000000000      273.000000000006        0.000000000000
  2      417.000000000000       14.000347260752       -0.224441701375        0.000000000000      273.000000000007        0.000000000000
  2      420.000000000000       14.000347260752       -0.224872391930        0.000000000000      273.000000000005        0.000000000000
  2      423.000000000000       14.000347260752       -0.225256709570        0.000000000000      273.000000000006        0.000000000000
  2      426.000000000000       14.000347260752       -0.225583452150        0.000000000000      273.000000000006        0.000000000000
  2      429.000000000000       14.000347260752       -0.225863758544        0.000000000000      273.000000000005        0.000000000000
  2      432.000000000000       14.000347260752       -0.226098813544        0.000000000000      273.000000000006        0.000000000000
  2      435.000000000000       14.000347260752       -0.226292610700        0.000000000000      273.000000000006        0.000000000000
  2      438.000000000000       14.000347260752       -0.226448738319        0.000000000000      273.000000000006        0.000000000000
  2      441.000000000000       14.000347260752       -0.226569449569        0.000000000000      273.000000000006        0.000000000000
  2      444.000000000000       14.000347260752       -0.226662664950        0.000000000000      273.000000000005        0.000000000000
  2      447.000000000000       14.000347260752       -0.226730184192        0.000000000000      273.000000000007        0.000000000000
  2      450.000000000000       14.000347260752       -0.226752846869        0.000000000000      273.000000000006        0.000000000000
  2      453.000000000000       14.000347260752       -0.227200153132        0.000000000000      273.000000000005        0.000000000000
  2      456.000000000000       14.000347260752       -0.254441326041        0.000000000000      273.000000000006        0.000000000000
  3      198.000000000000       14.000347260752       15.016537375551        0.000000000000      272.997539706581        0.000000000000
  3      201.000000000000       14.000347260752       20.700465064316        0.000000000000      272.998246944619        0.000000000000
  3      204.000000000000       14.000347260752       21.294037923628        0.000000000000      272.999079627603        0.000000000000
  3      207.000000000000       14.000347260752       21.222243847105        0.000000000000      272.999581241479        0.000000000000
  3      210.000000000000       14.000347260752       20.915714560492        0.000000000000      272.999807704237        0.000000000000
  3      213.000000000000       14.000347260752       20.118500013336        0.000000000000      272.999898624857        0.000000000000
  3      216.000000000000       14.000347260752       18.851795769940        0.000000000000      272.999943142827        0.000000000000
  3      219.000000000000       14.000347260752       17.341501850087        0.000000000000      272.999967595899        0.000000000000
  3      222.000000000000       14.000347260752       15.710115646680        0.000000000000      272.999981543923        0.000000000000
  3      225.000000000000       14.000347260752       14.002111369749        0.000000000000      272.999989853387        0.000000000000
  3      228.000000000000       14.000347260752       12.292988598921        0.000000000000      272.999994751860        0.000000000000
  3      231.000000000000       14.000347260752       10.650292171738        0.000000000000      272.999997515386        0.000000000000
  3      234.000000000000       14.000347260752        9.141681729941        0.000000000000      272.999998944602        0.000000000000
  3      237.000000000000       14.000347260752        7.826928606206        0.000000000000      272.999999602233        0.000000000000
  3      240.000000000000       14.000347260752        6.677163482158        0.000000000000      272.999999867573        0.000000000000
  3      243.000000000000       14.000347260752        5.693773276084        0.000000000000      272.999999961024        0.000000000000
  3      246.000000000000       14.000347260752        4.867209952613        0.000000000000      272.999999989821        0.000000000000
  3      249.000000000000       14.000347260752        4.180607385599        0.000000000000      272.999999997632        0.000000000000
  3      252.000000000000       14.000347260752        3.612988122997        0.000000000000      272.999999999512        0.000000000000
  3      255.000000000000       14.000347260752        3.143326373082        0.000000000000      272.999999999916        0.000000000000
  3      258.000000000000       14.000347260752        2.754033226183        0.000000000000      272.999999999995        0.000000000000
  3      261.000000000000       14.000347260752        2.430259390186        0.000000000000      273.000000000008        0.000000000000
  3      264.000000000000       14.000347260752        2.159429771481        0.000000000000      273.000000000011        0.000000000000
  3      267.000000000000       14.000347260752        1.931354711223        0.000000000000      273.000000000011        0.000000000000
  3      270.000000000000       14.000347260752        1.738045399159        0.000000000000      273.000000000011        0.000000000000
  3      273.000000000000       14.000347260752        1.573092775503        0.000000000000      273.000000000011        0.000000000000
  3      276.000000000000       14.000347260752        1.431240011832        0.000000000000      273.000000000011        0.000000000000
  3      279.000000000000       14.000347260752        1.308299007060        0.000000000000      273.000000000011        0.000000000000
  3      282.000000000000       14.000347260752        1.201075412448        0.000000000000      273.000000000011        0.000000000000
  3      285.000000000000       14.000347260752        1.107165321305        0.000000000000      273.000000000011        0.000000000000
  3      288.000000000000       14.000347260752        1.024692235170        0.000000000000      273.000000000011        0.000000000000
  3      291.000000000000       14.000347260752        0.952110712136        0.000000000000      273.000000000011        0.000000000000
  3      294.000000000000       14.000347260752        0.888121047605        0.000000000000      273.000000000011        0.000000000000
  3      297.000000000000       14.000347260752        0.831615013531        0.000000000000      273.000000000011        0.000000000000
  3      300.000000000000       14.000347260752        0.781646666215        0.000000000000      273.000000000011        0.000000000000
  3      303.000000000000       14.000347260752        0.737442091335        0.000000000000      273.000000000011        0.000000000000
  3      306.000000000000       14.000347260752        0.698374486661        0.000000000000      273.000000000011        0.000000000000
  3      309.000000000000       14.000347260752        0.663902519933        0.000000000000      273.000000000011        0.000000000000
  3      312.000000000000       14.000347260752        0.633537553061        0.000000000000      273.000000000010        0.000000000000
  3      315.000000000000       14.000347260752        0.606841643507        0.000000000000      273.000000000011        0.000000000000
  3      318.000000000000       14.000347260752        0.583422239269        0.000000000000      273.000000000010        0.000000000000
  3      321.000000000000       14.000347260752        0.562924709406        0.000000000000      273.000000000010        0.000000000000
  3      324.000000000000       14.000347260752        0.545029774404        0.000000000000      273.000000000010        0.000000000000
  3      327.000000000000       14.000347260752        0.529443362139        0.000000000000      273.000000000010        0.000000000000
  3      330.000000000000       14.000347260752        0.515895780566        0.000000000000      273.000000000011        0.000000000000
  3      333.000000000000       14.000347260752        0.504151772479        0.000000000000      273.000000000011        0.000000000000
  3      336.000000000000       14.000347260752        0.493996714759        0.000000000000      273.000000000010        0.000000000000
  3      339.000000000000       14.000347260752        0.485222443788        0.000000000000      273.000000000010        0.000000000000
  3      342.000000000000       14.000347260752        0.477637709504        0.000000000000      273.000000000011        0.000000000000
  3      345.000000000000       14.000347260752        0.471076434136        0.000000000000      273.000000000011        0.000000000000
  3      348.000000000000       14.000347260752        0.465387394751        0.000000000000      273.000000000011        0.000000000000
  3      351.000000000000       14.000347260752        0.460418470427        0.000000000000      273.000000000010        0.000000000000
  3      354.000000000000       14.000347260752        0.456065342756        0.000000000000      273.000000000010        0.000000000000
  3      357.000000000000       14.000347260752        0.452199157674        0.000000000000      273.000000000009        0.000000000000
  3      360.000000000000       14.000347260752        0.448713301692        0.000000000000      273.000000000009        0.000000000000
  3      363.000000000000       14.000347260752        0.445522663405        0.000000000000      273.000000000010        0.000000000000
  3      366.000000000000       14.000347260752        0.442543547421        0.000000000000      273.000000000011        0.000000000000
  3      369.000000000000       14.000347260752        0.439715187410        0.000000000000      273.000000000011        0.000000000000
  3      372.000000000000       14.000347260752        0.436986154612        0.000000000000      273.000000000010        0.000000000000
  3      375.000000000000       14.000347260752        0.434315564218        0.000000000000      273.000000000010        0.000000000000
  3      378.000000000000       14.000347260752        0.431670175597        0.000000000000      273.000000000010        0.000000000000
  3      381.000000000000       14.000347260752        0.429034212652        0.000000000000      273.000000000010        0.000000000000
  3      384.000000000000       14.000347260752        0.426386975639        0.000000000000      273.000000000010        0.000000000000
  3      387.000000000000       14.000347260752        0.423707890136        0.000000000000      273.000000000011        0.000000000000
  3      390.000000000000       14.000347260752        0.421003055558        0.000000000000      273.000000000010        0.000000000000
  3      393.000000000000       14.000347260752        0.418284809685        0.000000000000      273.000000000010        0.000000000000
  3      396.000000000000       14.000347260752        0.415556287791        0.000000000000      273.000000000011        0.000000000000
  3      399.000000000000       14.000347260752        0.412821117749        0.000000000000      273.000000000011        0.000000000000
  3      402.000000000000       14.000347260752        0.410091007450        0.000000000000      273.000000000011        0.000000000000
  3      405.000000000000       14.000347260752        0.407387913432        0.000000000000      273.000000000010        0.000000000000
  3      408.000000000000       14.000347260752        0.404744462891        0.000000000000      273.000000000009        0.000000000000
  3      411.000000000000       14.000347260752        0.402175920113        0.000000000000      273.000000000011        0.000000000000
  3      414.000000000000       14.000347260752        0.399686758504        0.000000000000      273.000000000011        0.000000000000
  3      417.000000000000       14.000347260752        0.397304447298        0.000000000000      273.000000000009        0.000000000000
  3      420.000000000000       14.000347260752        0.395046642747        0.000000000000      273.000000000009        0.000000000000
  3      423.000000000000       14.000347260752        0.392923962928        0.000000000000      273.000000000010        0.000000000000
  3      426.000000000000       14.000347260752        0.390952378552        0.000000000000      273.000000000009        0.000000000000
  3      429.000000000000       14.000347260752        0.389141036215        0.000000000000      273.000000000009        0.000000000000
  3      432.000000000000       14.000347260752        0.387498114452        0.000000000000      273.000000000010        0.000000000000
  3      435.000000000000       14.000347260752        0.386030004697        0.000000000000      273.000000000010        0.000000000000
  3      438.000000000000       14.000347260752        0.384740431212        0.000000000000      273.000000000009        0.000000000000
  3      441.000000000000       14.000347260752        0.383635637242        0.000000000000      273.000000000011        0.000000000000
  3      444.000000000000       14.000347260752        0.382714824655        0.000000000000      273.000000000010        0.000000000000
  3      447.000000000000       14.000347260752        0.381981043082        0.000000000000      273.000000000012        0.000000000000
  3      450.000000000000       14.000347260752        0.381458914659        0.000000000000      273.000000000011        0.000000000000
  3      453.000000000000       14.000347260752        0.380589241380        0.000000000000      273.000000000009        0.000000000000
  3      456.000000000000       14.000347260752        0.334600167505        0.000000000000      273.000000000011        0.000000000000
  4      198.000000000000        1.511602253110       21.149115813860    14769.924200756086      799.658696130344        0.000000000000
  4      201.000000000000        1.492239309949       35.848542557591    42990.482569564869      799.795007049073        2.589630608447
  4      204.000000000000        1.811758917867       38.729957536575    23857.879873737485      799.829875105770      100.496663687188
  4      207.000000000000        2.575118492732       39.074698405191     4026.793058804411      764.808341950583      219.764073129784
  4      210.000000000000        3.041582498057       35.169827694740     1104.050814091571      573.166764285041        3.170807633483
  4      213.000000000000        3.300805758376       29.869598163842      516.012899812406      459.015824354876        0.213816714584
  4      216.000000000000        3.518844380943       21.410230045677      250.463292868440      410.904838839086        0.074115880526
  4      219.000000000000        3.771824006662       14.273881777704      105.373657934199      422.800000605524        0.233544800583
  4      222.000000000000        3.774707963036       13.587688907966       92.823013689118      472.937217579742        0.860314318754
  4      225.000000000000        3.758454242840       14.270900724083       76.247998672685      542.139540791945        0.139749402547
  4      228.000000000000        3.741736186255       15.583762844547       58.920444334576      555.135629205936       -0.087267778791
  4      231.000000000000        3.703446447346       17.557826503406       70.180684337414      552.043925693633       -0.019764809304
  4      234.000000000000        3.701061233688       24.910831395723      131.002581950032      529.801749038142       -0.001650271892
  4      237.000000000000        3.865357179573       36.109922153345      177.642852128193      413.589246739256       -0.005612464823
  4      240.000000000000        4.106011851525       37.524937940366      108.268443839626      330.018030653950       15.343284277146
  4      243.000000000000        3.869668847156       36.066896746141      173.994551659813      414.048745290860        0.026380926202
  4      246.000000000000        4.092398822559       25.841310659287       54.803383321727      352.859969306218        0.000691413859
  4      249.000000000000        4.157044078027       16.678712802141       23.524588550703      334.562955769231       -0.004026734835
  4      252.000000000000        4.100210968520       13.216733785679       22.958886655429      345.907667264394        0.001687148244
  4      255.000000000000        4.045205784853       14.669767102302       36.733396311020      356.627437313007       -0.038926695308
  4      258.000000000000        3.940494536282       17.649900798034       69.610057341846      382.508980783719       -0.156624187739
  4      261.000000000000        3.847216902714       18.604018269018       97.554621706280      416.563387938992       -0.349673836296
  4      264.000000000000        3.786219765594       17.813023139817      109.456474032649      440.695664177390       -0.053466105759
  4      267.000000000000        3.732902163394       15.889554833119      103.898318656450      465.050952493699       -0.023052049863
  4      270.000000000000        3.695877516212       12.477550836458       84.267466832726      487.145701332759       -0.005690346402
  4      273.000000000000        3.704469478469        7.783275424541       56.538704853283      482.627009528858        0.016766336148
  4      276.000000000000        3.851230522367        3.108661889700       28.762181016284      410.379871097881        0.012493689543
  4      279.000000000000        4.543116492165        0.069713516563        3.448029661576      291.139388668671        0.010956025282
  4      282.000000000000       14.000347260752       -0.604078181750        0.000000000000      273.000001480102        0.000000000000
  4      285.000000000000       14.000347260752       -1.094629873672        0.000000000000      272.999999967394        0.000000000000
  4      288.000000000000       14.000347260752       -1.506128711628        0.000000000000      272.999999984421        0.000000000000
  4      291.000000000000       14.000347260752       -1.677646730590        0.000000000000      272.999999995482        0.000000000000
  4      294.000000000000       14.000347260752       -1.679494832169        0.000000000000      272.999999999111        0.000000000000
  4      297.000000000000       14.000347260752       -1.617516913567        0.000000000000      272.999999999883        0.000000000000
  4      300.000000000000       14.000347260752       -1.519125263827        0.000000000000      273.000000000000        0.000000000000
  4      303.000000000000       14.000347260752       -1.406080873245        0.000000000000      273.000000000014        0.000000000000
  4      306.000000000000       14.000347260752       -1.291212249487        0.000000000000      273.000000000015        0.000000000000
  4      309.000000000000       14.000347260752       -1.180900767571        0.000000000000      273.000000000016        0.000000000000
  4      312.000000000000       14.000347260752       -1.076699478087        0.000000000000      273.000000000015        0.000000000000
  4      315.000000000000       14.000347260752       -0.981230636744        0.000000000000      273.000000000015        0.000000000000
  4      318.000000000000       14.000347260752       -0.894637125538        0.000000000000      273.000000000015        0.000000000000
  4      321.000000000000       14.000347260752       -0.815740857534        0.000000000000      273.000000000016        0.000000000000
  4      324.000000000000       14.000347260752       -0.744324070309        0.000000000000      273.000000000016        0.000000000000
  4      327.000000000000       14.000347260752       -0.679567131988        0.000000000000      273.000000000016        0.000000000000
  4      330.000000000000       14.000347260752       -0.620684214784        0.000000000000      273.000000000016        0.000000000000
  4      333.000000000000       14.000347260752       -0.566981608075        0.000000000000      273.000000000016        0.000000000000
  4      336.000000000000       14.000347260752       -0.517851100023        0.000000000000      273.000000000016        0.000000000000
  4      339.000000000000       14.000347260752       -0.472771227769        0.000000000000      273.000000000016        0.000000000000
  4      342.000000000000       14.000347260752       -0.431260553870        0.000000000000      273.000000000015        0.000000000000
  4      345.000000000000       14.000347260752       -0.392929556183        0.000000000000      273.000000000014        0.000000000000
  4      348.000000000000       14.000347260752       -0.357432014705        0.000000000000      273.000000000016        0.000000000000
  4      351.000000000000       14.000347260752       -0.324467148970        0.000000000000      273.000000000015        0.000000000000
  4      354.000000000000       14.000347260752       -0.293782893639        0.000000000000      273.000000000014        0.000000000000
  4      357.000000000000       14.000347260752       -0.265164076926        0.000000000000      273.000000000016        0.000000000000
  4      360.000000000000       14.000347260752       -0.238425349415        0.000000000000      273.000000000014        0.000000000000
  4      363.000000000000       14.000347260752       -0.213409093442        0.000000000000      273.000000000016        0.000000000000
  4      366.000000000000       14.000347260752       -0.189982824171        0.000000000000      273.000000000014        0.000000000000
  4      369.000000000000       14.000347260752       -0.168028351341        0.000000000000      273.000000000015        0.000000000000
  4      372.000000000000       14.000347260752       -0.147444968709        0.000000000000      273.000000000015        0.000000000000
  4      375.000000000000       14.000347260752       -0.128142141550        0.000000000000      273.000000000016        0.000000000000
  4      378.000000000000       14.000347260752       -0.110028055632        0.000000000000      273.000000000014        0.000000000000
  4      381.000000000000       14.000347260752       -0.093013610710        0.000000000000      273.000000000014        0.000000000000
  4      384.000000000000       14.000347260752       -0.077031812674        0.000000000000      273.000000000016        0.000000000000
  4      387.000000000000       14.000347260752       -0.062030817579        0.000000000000      273.000000000016        0.000000000000
  4      390.000000000000       14.000347260752       -0.047951948060        0.000000000000      273.000000000016        0.000000000000
  4      393.000000000000       14.000347260752       -0.034734103495        0.000000000000      273.000000000015        0.000000000000
  4      396.000000000000       14.000347260752       -0.022326318368        0.000000000000      273.000000000016        0.000000000000
  4      399.000000000000       14.000347260752       -0.010686448012        0.000000000000      273.000000000015        0.000000000000
  4      402.000000000000       14.000347260752        0.000222938690        0.000000000000      273.000000000015        0.000000000000
  4      405.000000000000       14.000347260752        0.010438523197        0.000000000000      273.000000000016        0.000000000000
  4      408.000000000000       14.000347260752        0.020000740386        0.000000000000      273.000000000013        0.000000000000
  4      411.000000000000       14.000347260752        0.028942501565        0.000000000000      273.000000000015        0.000000000000
  4      414.000000000000       14.000347260752        0.037285563209        0.000000000000      273.000000000015        0.000000000000
  4      417.000000000000       14.000347260752        0.045048692866        0.000000000000      273.000000000014        0.000000000000
  4      420.000000000000       14.000347260752        0.052248214287        0.000000000000      273.000000000015        0.000000000000
  4      423.000000000000       14.000347260752        0.058892238629        0.000000000000      273.000000000016        0.000000000000
  4      426.000000000000       14.000347260752        0.064988796454        0.000000000000      273.000000000014        0.000000000000
  4      429.000000000000       14.000347260752        0.070545354118        0.000000000000      273.000000000013        0.000000000000
  4      432.000000000000       14.000347260752        0.075563506126        0.000000000000      273.000000000014        0.000000000000
  4      435.000000000000       14.000347260752        0.080040851402        0.000000000000      273.000000000015        0.000000000000
  4      438.000000000000       14.000347260752        0.083972839547        0.000000000000      273.000000000015        0.000000000000
  4      441.000000000000       14.000347260752        0.087356862656        0.000000000000      273.000000000016        0.000000000000
  4      444.000000000000       14.000347260752        0.090187553919        0.000000000000      273.000000000013        0.000000000000
  4      447.000000000000       14.000347260752        0.092458261471        0.000000000000      273.000000000016        0.000000000000
  4      450.000000000000       14.000347260752        0.094193195469        0.000000000000      273.000000000014        0.000000000000
  4      453.000000000000       14.000347260752        0.094756242678        0.000000000000      273.000000000014        0.000000000000
  4      456.000000000000       14.000347260752        0.085779778891        0.000000000000      273.000000000016        0.000000000000
  5      198.000000000000        0.829557083978       13.494781916200    28225.161077753874      799.956672886729        0.000000000000
  5      201.000000000000        0.877107101811       28.439496430771   112771.523236038556      799.964741561445       15.485541391989
  5      204.000000000000        1.246287154654       31.569922374686    61066.248835311235      798.155260198038      305.722437818407
  5      207.000000000000        1.746795398589       32.818401823637    21907.882559332920      793.630815710958      318.892581234599
  5      210.000000000000        2.002930270786       27.824486545557     9891.020390459602      793.276677236282        8.644033873787
  5      213.000000000000        2.270141090935       21.280593765979     3603.714160306054      791.331117616511        3.836426798882
  5      216.000000000000        2.923271521642       13.376691201700      380.473218120769      660.297053168713        4.330228955882
  5      219.000000000000        3.471144649611       11.143520744724       77.446569351296      522.008566813018        7.197056346390
  5      222.000000000000        3.728159355803       10.105875150661       40.961432782933      496.514279845323        2.727628815664
  5      225.000000000000        3.815902978468       10.361991895088       36.510366366794      463.286308564339        0.659630657275
  5      228.000000000000        3.867521501049       12.054157345746       34.587230562653      434.487287811085        1.779884173526
  5      231.000000000000        3.980149204822       13.708897895920       26.716528444386      391.154852779145        0.027433175891
  5      234.000000000000        4.116445620345       14.213809324453       18.133893926201      353.289897253844     -254.875254385453
  5      237.000000000000        4.249753730915       13.471416657126       11.161636370500      327.164935567655       -0.530720264456
  5      240.000000000000        4.439101774997       12.222504741710        5.826912499445      305.091720282220       -0.384076395817
  5      243.000000000000        5.070359132960       11.090569159577        1.078628484764      279.764699982082       -0.348779146588
  5      246.000000000000        4.748887832275       10.115534592904        1.953721266293      286.426069808972       -0.023687125404
  5      249.000000000000        4.323262676710        9.455992699522        5.365100894287      310.032894782655       -0.813025804180
  5      252.000000000000        4.200212736734        9.611547264894        8.047599685356      323.409361103320        0.766320156894
  5      255.000000000000        4.275132918868        9.815091677995        7.259493782984      316.870571668179       -0.073120021729
  5      258.000000000000        4.552599544958        9.634622397545        4.313373284707      293.348598541169    -3070.681840707227
  5      261.000000000000        4.896538074605        9.719607089346        2.412317448420      280.918782460442     8941.728415764101
  5      264.000000000000        4.346078107966       10.132148452860        9.936099793128      308.559702395458        4.240846438411
  5      267.000000000000        4.042762131289       12.055969894588       23.179671364291      361.222433165957        0.282763709020
  5      270.000000000000        4.013301391587       14.795555316051       32.379764481620      382.511431340805        0.061803407863
  5      273.000000000000        4.067459305789       15.516310699971       31.316719467720      361.381886224527       -0.124560341082
  5      276.000000000000        4.118422690141       11.499783345139       23.037103870664      351.435695986426        0.007584797551
  5      279.000000000000        4.138925244384        6.857950611333       17.687808770811      351.806733623157       -0.004996455902
  5      282.000000000000        4.227599681228        2.131428922782        7.537622799823      328.717157669026       -0.060206089628
  5      285.000000000000        5.559095432043        0.685718413967        0.048746640774      274.564114474110     -112.682266705609
  5      288.000000000000       14.000347260752        1.239814338823        0.000000000000      273.000328578540        0.000000000000
  5      291.000000000000       14.000347260752        0.814624066976        0.000000000000      273.000075114928        0.000000000000
  5      294.000000000000       14.000347260752       -0.239463251683        0.000000000000      273.000002257293        0.000000000000
  5      297.000000000000       14.000347260752       -1.446251975541        0.000000000000      273.000004141467        0.000000000000
  5      300.000000000000       14.000347260752       -2.661837089617        0.000000000000      273.000004241331        0.000000000000
  5      303.000000000000       14.000347260752       -3.274198117147        0.000000000000      273.000001765942        0.000000000000
  5      306.000000000000       14.000347260752       -3.634428951518        0.000000000000      273.000000121029        0.000000000000
  5      309.000000000000       14.000347260752       -3.783770209505        0.000000000000      273.000000031287        0.000000000000
  5      312.000000000000       14.000347260752       -3.793592159763        0.000000000000      273.000000040569        0.000000000000
  5      315.000000000000       14.000347260752       -3.609188157082        0.000000000000      273.000000038163        0.000000000000
  5      318.000000000000       14.000347260752       -3.384739999054        0.000000000000      273.000000003138        0.000000000000
  5      321.000000000000       14.000347260752       -3.166342636917        0.000000000000      273.000000000035        0.000000000000
  5      324.000000000000       14.000347260752       -2.966707077370        0.000000000000      273.000000000021        0.000000000000
  5      327.000000000000       14.000347260752       -2.786905741111        0.000000000000      273.000000000020        0.000000000000
  5      330.000000000000       14.000347260752       -2.627817960204        0.000000000000      273.000000000020        0.000000000000
  5      333.000000000000       14.000347260752       -2.488833634521        0.000000000000      273.000000000020        0.000000000000
  5      336.000000000000       14.000347260752       -2.367547245352        0.000000000000      273.000000000020        0.000000000000
  5      339.000000000000       14.000347260752       -2.261596566990        0.000000000000      273.000000000019        0.000000000000
  5      342.000000000000       14.000347260752       -2.168639095691        0.000000000000      273.000000000020        0.000000000000
  5      345.000000000000       14.000347260752       -2.086687042544        0.000000000000      273.000000000019        0.000000000000
  5      348.000000000000       14.000347260752       -2.014140187367        0.000000000000      273.000000000020        0.000000000000
  5      351.000000000000       14.000347260752       -1.949670290589        0.000000000000      273.000000000019        0.000000000000
  5      354.000000000000       14.000347260752       -1.892193582573        0.000000000000      273.000000000019        0.000000000000
  5      357.000000000000       14.000347260752       -1.840827514543        0.000000000000      273.000000000020        0.000000000000
  5      360.000000000000       14.000347260752       -1.794855220919        0.000000000000      273.000000000019        0.000000000000
  5      363.000000000000       14.000347260752       -1.753621349568        0.000000000000      273.000000000019        0.000000000000
  5      366.000000000000       14.000347260752       -1.716558239634        0.000000000000      273.000000000020        0.000000000000
  5      369.000000000000       14.000347260752       -1.683196786363        0.000000000000      273.000000000019        0.000000000000
  5      372.000000000000       14.000347260752       -1.653122203887        0.000000000000      273.000000000020        0.000000000000
  5      375.000000000000       14.000347260752       -1.625987796987        0.000000000000      273.000000000019        0.000000000000
  5      378.000000000000       14.000347260752       -1.601478705532        0.000000000000      273.000000000019        0.000000000000
  5      381.000000000000       14.000347260752       -1.579309533521        0.000000000000      273.000000000020        0.000000000000
  5      384.000000000000       14.000347260752       -1.559245270634        0.000000000000      273.000000000019        0.000000000000
  5      387.000000000000       14.000347260752       -1.541070168233        0.000000000000      273.000000000020        0.000000000000
  5      390.000000000000       14.000347260752       -1.524592039325        0.000000000000      273.000000000019        0.000000000000
  5      393.000000000000       14.000347260752       -1.509641448484        0.000000000000      273.000000000020        0.000000000000
  5      396.000000000000       14.000347260752       -1.496073810909        0.000000000000      273.000000000020        0.000000000000
  5      399.000000000000       14.000347260752       -1.483751907055        0.000000000000      273.000000000020        0.000000000000
  5      402.000000000000       14.000347260752       -1.472554632131        0.000000000000      273.000000000019        0.000000000000
  5      405.000000000000       14.000347260752       -1.462374262506        0.000000000000      273.000000000020        0.000000000000
  5      408.000000000000       14.000347260752       -1.453117154546        0.000000000000      273.000000000019        0.000000000000
  5      411.000000000000       14.000347260752       -1.444701052836        0.000000000000      273.000000000020        0.000000000000
  5      414.000000000000       14.000347260752       -1.437053275464        0.000000000000      273.000000000019        0.000000000000
  5      417.000000000000       14.000347260752       -1.430109685379        0.000000000000      273.000000000020        0.000000000000
  5      420.000000000000       14.000347260752       -1.423818257659        0.000000000000      273.000000000020        0.000000000000
  5      423.000000000000       14.000347260752       -1.418135904732        0.000000000000      273.000000000020        0.000000000000
  5      426.000000000000       14.000347260752       -1.413025894750        0.000000000000      273.000000000020        0.000000000000
  5      429.000000000000       14.000347260752       -1.408455295433        0.000000000000      273.000000000019        0.000000000000
  5      432.000000000000       14.000347260752       -1.404399050604        0.000000000000      273.000000000019        0.000000000000
  5      435.000000000000       14.000347260752       -1.400833653987        0.000000000000      273.000000000019        0.000000000000
  5      438.000000000000       14.000347260752       -1.397744626923        0.000000000000      273.000000000020        0.000000000000
  5      441.000000000000       14.000347260752       -1.395118877149        0.000000000000      273.000000000019        0.000000000000
  5      444.000000000000       14.000347260752       -1.392946045948        0.000000000000      273.000000000019        0.000000000000
  5      447.000000000000       14.000347260752       -1.391216548894        0.000000000000      273.000000000020        0.000000000000
  5      450.000000000000       14.000347260752       -1.389913850006        0.000000000000      273.000000000019        0.000000000000
  5      453.000000000000       14.000347260752       -1.389588823337        0.000000000000      273.000000000020        0.000000000000
  5      456.000000000000       14.000347260752       -1.343652968412        0.000000000000      273.000000000021        0.000000000000
  6      198.000000000000        0.511335276941       11.618988660175    44483.250707266256      799.991045436167        0.000000000000
  6      201.000000000000        0.618074303796       26.525358148306   177531.563601707632      799.994758580885       36.434927948852
  6      204.000000000000        0.983609950227       30.254318096131   103146.334605052965      799.995614092183      542.183915110412
  6      207.000000000000        1.460185817354       31.098607781339    38377.141595767644      799.379712122770      360.556437669300
  6      210.000000000000        2.012625412963       23.704624844973     7263.219591822323      794.281676908615       11.483657195692
  6      213.000000000000        2.721106196202       14.648448423825      667.173479320039      776.177432770532        5.346642970614
  6      216.000000000000        3.603704325562       12.545234373548       51.871391745097      471.415293026134        5.403419233626
  6      219.000000000000        4.141960056174       10.213484622224       11.315470230010      341.427782667778        0.174391884188
  6      222.000000000000        4.340825822922        8.663706965594        8.529844640664      318.436990967315        0.000340325221
  6      225.000000000000        4.415819438244        9.390142061806        7.683957690113      309.425693691208       -2.077586975707
  6      228.000000000000        4.342552109840        7.626903599008        5.837230030920      316.063328081393       -0.068778854970
  6      231.000000000000        4.320853961709        4.817947099237        3.376082526033      317.073725404438       -0.044272931041
  6      234.000000000000        4.430930187162        3.216563884880        1.640429633524      304.425815113687       -0.085758139346
  6      237.000000000000        4.523331554160        2.546467670747        0.823467620930      296.294820307025       -0.093486328395
  6      240.000000000000        4.565210233452        1.756836552155        0.332185594945      293.693065820420       -0.003854517573
  6      243.000000000000        4.583737127386        0.323800789024        0.056866393549      293.085976133639        0.045955440750
  6      246.000000000000        4.415456773978       -1.583917569812        0.139422065137      306.745953707108        0.017133357537
  6      249.000000000000        4.380430044600       -1.705201430804        0.183869352661      307.089139290080       -0.901933489936
  6      252.000000000000        4.251652707525        1.316439260351        0.258108610660      317.175832480749       -0.030888724403
  6      255.000000000000        4.378211662510        4.007162022576        0.735105969774      301.006005670843       -0.011058277938
  6      258.000000000000        4.817050136233        4.364273839761        0.330343090711      283.092568225991        0.530364289094
  6      261.000000000000        6.018177724091        4.513761771890        0.025876374409      273.748494831207        0.516292884065
  6      264.000000000000       14.000347260752        4.514810850588        0.000000000000      273.026029438653        0.000000000000
  6      267.000000000000        5.156110403606        3.936632179591        0.177653147532      277.852702122976        0.064775769800
  6      270.000000000000        4.612289440499        2.379819422037        0.485614269264      292.883945754548        0.037960227649
  6      273.000000000000        4.460600271587        1.626763389626        1.277214519493      302.482034448636        0.080288310005
  6      276.000000000000        4.422796025604        5.932129455438        3.475330773499      308.824257100394        0.017095290184
  6      279.000000000000        4.333844544219        9.079366592920        6.320719406301      322.133805284570        0.056320895265
  6      282.000000000000        4.292306999544        8.278631526442        9.445679298233      327.689970665626        0.004567033566
  6      285.000000000000        4.285310378859        6.036953226647        9.754696738723      327.454456721080       -0.034411930436
  6      288.000000000000        4.273448827026        5.139707601735       10.155980920248      327.869920503486       -0.139498535460
  6      291.000000000000        4.343883717726        4.740734174863        6.783021162079      313.048598721151       -0.048207440080
  6      294.000000000000        4.208080627120        2.706582377879        4.200773027601      324.916725825913        0.002741649841
  6      297.000000000000        4.191034167348       -4.686992980215        3.054926614315      334.971770195786        0.005959282677
  6      300.000000000000        4.216376514631       -9.227571330026        8.787677320714      330.075866148438       -1.214460152349
  6      303.000000000000        4.196488700244       -7.527362053328        7.515662153493      332.696898686853        0.011433041808
  6      306.000000000000        4.104320409375       -3.698873246651        3.820178356374      352.268224324313        0.008807855287
  6      309.000000000000        4.074813926976       -0.898424403545        2.206898326320      359.823489186093       -0.006796496225
  6      312.000000000000        4.052324007222       -0.419755180490        2.648693713689      361.600911778387       -0.088365176499
  6      315.000000000000        4.024509288271       -1.313272515466        3.587315414361      371.018329799435        0.034642496258
  6      318.000000000000        4.044836660635       -2.813406148110        4.910005716844      366.297605714526        0.009744963609
  6      321.000000000000        4.062210853040       -2.436389841618        4.646193156872      363.184393990397        0.023973446489
  6      324.000000000000        4.073798079717       -1.337211051417        2.674685106685      360.226469955455       -3.316619435030
  6      327.000000000000        4.229014163507       -0.726894555884        0.141730193118      331.075576405882    -8150.271773842253
  6      330.000000000000        5.267153092312       -1.794711307919        0.028698961267      277.431380241416       -7.139342062226
  6      333.000000000000       14.000347260752       -2.624762514555        0.000000000000      273.000001961423        0.000000000000
  6      336.000000000000       14.000347260752       -3.033727634336        0.000000000000      273.000000000054        0.000000000000
  6      339.000000000000       14.000347260752       -3.317925770079        0.000000000000      273.000000000043        0.000000000000
  6      342.000000000000       14.000347260752       -3.490311111850        0.000000000000      273.000000000038        0.000000000000
  6      345.000000000000       14.000347260752       -3.578252782294        0.000000000000      273.000000000034        0.000000000000
  6      348.000000000000       14.000347260752       -3.599685986746        0.000000000000      273.000000000031        0.000000000000
  6      351.000000000000       14.000347260752       -3.559027665926        0.000000000000      273.000000000027        0.000000000000
  6      354.000000000000       14.000347260752       -3.474594522638        0.000000000000      273.000000000024        0.000000000000
  6      357.000000000000       14.000347260752       -3.360234554299        0.000000000000      273.000000000025        0.000000000000
  6      360.000000000000       14.000347260752       -3.229088688475        0.000000000000      273.000000000025        0.000000000000
  6      363.000000000000       14.000347260752       -3.091899366193        0.000000000000      273.000000000025        0.000000000000
  6      366.000000000000       14.000347260752       -2.956498350053        0.000000000000      273.000000000024        0.000000000000
  6      369.000000000000       14.000347260752       -2.827820349575        0.000000000000      273.000000000025        0.000000000000
  6      372.000000000000       14.000347260752       -2.708654098208        0.000000000000      273.000000000025        0.000000000000
  6      375.000000000000       14.000347260752       -2.600118380603        0.000000000000      273.000000000024        0.000000000000
  6      378.000000000000       14.000347260752       -2.502128883693        0.000000000000      273.000000000024        0.000000000000
  6      381.000000000000       14.000347260752       -2.414418413165        0.000000000000      273.000000000025        0.000000000000
  6      384.000000000000       14.000347260752       -2.336217571007        0.000000000000      273.000000000024        0.000000000000
  6      387.000000000000       14.000347260752       -2.266713038548        0.000000000000      273.000000000025        0.000000000000
  6      390.000000000000       14.000347260752       -2.204993166940        0.000000000000      273.000000000025        0.000000000000
  6      393.000000000000       14.000347260752       -2.150211792045        0.000000000000      273.000000000023        0.000000000000
  6      396.000000000000       14.000347260752       -2.101576982205        0.000000000000      273.000000000025        0.000000000000
  6      399.000000000000       14.000347260752       -2.058357010611        0.000000000000      273.000000000025        0.000000000000
  6      402.000000000000       14.000347260752       -2.019916753315        0.000000000000      273.000000000024        0.000000000000
  6      405.000000000000       14.000347260752       -1.985685748980        0.000000000000      273.000000000024        0.000000000000
  6      408.000000000000       14.000347260752       -1.955182219476        0.000000000000      273.000000000023        0.000000000000
  6      411.000000000000       14.000347260752       -1.927995785656        0.000000000000      273.000000000025        0.000000000000
  6      414.000000000000       14.000347260752       -1.903765220672        0.000000000000      273.000000000024        0.000000000000
  6      417.000000000000       14.000347260752       -1.882176213089        0.000000000000      273.000000000024        0.000000000000
  6      420.000000000000       14.000347260752       -1.862965114911        0.000000000000      273.000000000024        0.000000000000
  6      423.000000000000       14.000347260752       -1.845905917492        0.000000000000      273.000000000025        0.000000000000
  6      426.000000000000       14.000347260752       -1.830808694533        0.000000000000      273.000000000024        0.000000000000
  6      429.000000000000       14.000347260752       -1.817509721985        0.000000000000      273.000000000025        0.000000000000
  6      432.000000000000       14.000347260752       -1.805874358686        0.000000000000      273.000000000024        0.000000000000
  6      435.000000000000       14.000347260752       -1.795785885034        0.000000000000      273.000000000024        0.000000000000
  6      438.000000000000       14.000347260752       -1.787149327806        0.000000000000      273.000000000024        0.000000000000
  6      441.000000000000       14.000347260752       -1.779885192352        0.000000000000      273.000000000023        0.000000000000
  6      444.000000000000       14.000347260752       -1.773929242636        0.000000000000      273.000000000024        0.000000000000
  6      447.000000000000       14.000347260752       -1.769226630460        0.000000000000      273.000000000025        0.000000000000
  6      450.000000000000       14.000347260752       -1.765738333946        0.000000000000      273.000000000024        0.000000000000
  6      453.000000000000       14.000347260752       -1.763670705354        0.000000000000      273.000000000024        0.000000000000
  6      456.000000000000       14.000347260752       -1.693159229997        0.000000000000      273.000000000025        0.000000000000
  7      198.000000000000        0.431021508705       10.419422387768    48175.085878489903      799.995743063996        0.000000000000
  7      201.000000000000        0.618741103465       22.869496120678   138124.357860795717      799.918010501109       76.871216408464
  7      204.000000000000        1.136186895348       25.401322159496    52952.491775170056      799.383644894879      899.080098404103
  7      207.000000000000        1.778209370902       25.769716096834    12687.934601774574      798.515236717854       69.951740666295
  7      210.000000000000        2.449254181072       11.445572347948      656.567661003717      784.677656370180        2.331599374967
  7      213.000000000000        2.523212300645        5.228135682558     1124.145232087658      762.594213760085        1.890799120767
  7      216.000000000000        2.832524724738        8.268056149401      466.003756313602      710.404870779878       40.800470979209
  7      219.000000000000        3.097309001800        8.316943308910      246.079492751092      671.690694192727       19.067635582005
  7      222.000000000000        3.245528718956        7.399357359439      196.572888929272      663.519571985338        1.129450600066
  7      225.000000000000        3.142527230810        9.883181176610      249.454655754726      689.495630477427       -0.335253429699
  7      228.000000000000        3.112373121917       11.710324942141      186.065778354677      671.571378061460        0.880400527116
  7      231.000000000000        3.431117392567       13.476548791551       71.528104615985      563.195501515420        4.618201742110
  7      234.000000000000        4.142803065339       15.159756587219       17.309668358689      404.207230009109      698.066845729323
  7      237.000000000000        4.484693922152       14.561159716687        7.112154974550      303.633000716351       -0.855971271574
  7      240.000000000000        4.733108537887       13.300029275893        3.216378670912      288.324244378231       -0.008235345879
  7      243.000000000000        4.577146459689       11.861964682010        3.734646948605      297.708479950811        0.043984818293
  7      246.000000000000        4.474934948852       10.175609813997        3.828733481649      304.385552500383        0.007193235080
  7      249.000000000000        4.317003100122        5.813851203535        3.643990544801      317.287296358130        0.004008018579
  7      252.000000000000        4.196270708886        0.225194384822        6.631290534994      334.266619181924        0.006313539909
  7      255.000000000000        4.237582174722        0.212445350726        6.382055247357      328.327185908558       -0.048252047988
  7      258.000000000000        4.399553721717        4.243628544732        4.400599259778      309.994082826287       -0.005425082834
  7      261.000000000000        4.430669772469        8.085614410084        3.788808282677      307.958684350870       -0.057115028433
  7      264.000000000000        4.701614299578        7.809335300124        1.286276002882      290.985490428830       -1.690508628959
  7      267.000000000000        6.007016196630        7.825499812669        0.061216629942      273.757050306328       -0.161364226098
  7      270.000000000000       14.000347260752        8.258132948936        0.000000000000      273.001450447554        0.000000000000
  7      273.000000000000        5.248945702425        7.908789767365        0.374626023818      277.229107682768        0.059777235719
  7      276.000000000000        4.604647871441        5.935186367216        0.991582226061      293.662898211857        0.021514662645
  7      279.000000000000        4.402745196571        3.263120571006        0.636740658892      308.272669873595        0.062642548766
  7      282.000000000000        4.358318894450        2.726897402641        0.586292971316      315.858469532887        6.649292275897
  7      285.000000000000        4.352470656906        2.023683484011        0.727389249531      317.644165839715        0.307561634786
  7      288.000000000000        4.352030718717        0.904874814680        1.457668635372      318.122785273923        0.061814936236
  7      291.000000000000        4.349373061461        1.440531640611        2.722755739889      318.314729697295       -0.005420943305
  7      294.000000000000        4.349441469181        3.063270539739        4.376907754509      318.249192435633       -0.008099478923
  7      297.000000000000        4.363940017860        4.355073559135        4.619312046589      316.666157514534       -0.877467050690
  7      300.000000000000        4.449290974617        5.359688523265        3.192918323698      309.044382988627       -0.252156249068
  7      303.000000000000        4.508923250695        5.710796166549        1.611974714053      302.564737203093       -0.080396210648
  7      306.000000000000        4.638228756745        3.062839887636        0.265845288224      291.735446341769       -0.062803025853
  7      309.000000000000        4.708683579322        0.602567786850        0.007963603276      288.297858599370        0.046503578650
  7      312.000000000000        4.413390807087        1.078574229783        0.249241098767      305.304989018838        0.017506480078
  7      315.000000000000        4.259204738774        2.781190531423        1.442514184872      321.433559071604        0.037678906055
  7      318.000000000000        4.264091322031        2.856917183167        2.203611642726      320.871016417312        0.023565751178
  7      321.000000000000        4.277923183483        2.337847011225        2.616542784615      319.455706156275        0.019799493971
  7      324.000000000000        4.310137298403        1.164312004075        2.420971109681      316.918377898574        0.015892074192
  7      327.000000000000        4.308700710365        0.624705754815        2.223974520120      317.582681166225        0.085129755666
  7      330.000000000000        4.297164407577        1.077404925649        1.906179290343      319.528417307952        0.106915880179
  7      333.000000000000        4.249997086510        2.301824074822        1.659511436187      325.679350079078       -0.017642708878
  7      336.000000000000        4.215509837239        2.558546885224        1.011122253454      328.978835516752      -10.301784858445
  7      339.000000000000        4.365421722144        1.960032202377        0.268556317605      310.136296176025       -0.642020914762
  7      342.000000000000        5.314327171238        1.887341372807        0.019392746406      276.610298430742      -31.127322589592
  7      345.000000000000       14.000347260752        2.147068168446        0.000000000000      273.000004253156        0.000000000000
  7      348.000000000000       14.000347260752        2.468143943570        0.000000000000      273.000004692894        0.000000000000
  7      351.000000000000       14.000347260752        2.653047931514        0.000000000000      273.000009166046        0.000000000000
  7      354.000000000000        6.140193622531        2.319641993883        0.012093993650      273.006056704637        0.866723222541
  7      357.000000000000        5.041677461940        1.506100840065        0.148080293401      282.094837220047        0.810035895528
  7      360.000000000000        4.617724540986        0.299790988020        0.318010333582      302.316614675458        0.530461972229
  7      363.000000000000        4.366662389089       -1.348979491275        0.440543871331      329.980137108214        0.202954958618
  7      366.000000000000        4.264345830678       -3.150680897596        0.755505745441      347.313828533534        0.064072471960
  7      369.000000000000        4.224207093099       -4.807475669061        1.423232301785      355.453025589112       -0.047555927656
  7      372.000000000000        4.264438799925       -5.807232506714        1.800028167557      343.571620552133       -0.631959672222
  7      375.000000000000        4.376135037828       -6.087659286908        1.522810570791      322.640970988215       -5.165951199970
  7      378.000000000000        4.628630241856       -6.080737142119        0.855246094273      297.303352930220      -37.143684218211
  7      381.000000000000        5.282056966834       -5.881198364289        0.181839880588      277.016334160561       -0.988634334080
  7      384.000000000000       14.000347260752       -5.275830557137        0.000000000000      273.000001841525        0.000000000000
  7      387.000000000000       14.000347260752       -4.497147959310        0.000000000000      273.000000135752        0.000000000000
  7      390.000000000000       14.000347260752       -3.751890951408        0.000000000000      273.000001062820        0.000000000000
  7      393.000000000000       14.000347260752       -3.183658057830        0.000000000000      273.000000039977        0.000000000000
  7      396.000000000000       14.000347260752       -2.775649645025        0.000000000000      273.000000001551        0.000000000000
  7      399.000000000000       14.000347260752       -2.464564036054        0.000000000000      273.000000000106        0.000000000000
  7      402.000000000000       14.000347260752       -2.214459787376        0.000000000000      273.000000000033        0.000000000000
  7      405.000000000000       14.000347260752       -2.009045053556        0.000000000000      273.000000000030        0.000000000000
  7      408.000000000000       14.000347260752       -1.838529175024        0.000000000000      273.000000000029        0.000000000000
  7      411.000000000000       14.000347260752       -1.694389783863        0.000000000000      273.000000000029        0.000000000000
  7      414.000000000000       14.000347260752       -1.572335964565        0.000000000000      273.000000000030        0.000000000000
  7      417.000000000000       14.000347260752       -1.468570497664        0.000000000000      273.000000000029        0.000000000000
  7      420.000000000000       14.000347260752       -1.379951520611        0.000000000000      273.000000000028        0.000000000000
  7      423.000000000000       14.000347260752       -1.304012057842        0.000000000000      273.000000000030        0.000000000000
  7      426.000000000000       14.000347260752       -1.238944885732        0.000000000000      273.000000000030        0.000000000000
  7      429.000000000000       14.000347260752       -1.183307940042        0.000000000000      273.000000000029        0.000000000000
  7      432.000000000000       14.000347260752       -1.135906368347        0.000000000000      273.000000000029        0.000000000000
  7      435.000000000000       14.000347260752       -1.095761425361        0.000000000000      273.000000000029        0.000000000000
  7      438.000000000000       14.000347260752       -1.062096669821        0.000000000000      273.000000000030        0.000000000000
  7      441.000000000000       14.000347260752       -1.034285523837        0.000000000000      273.000000000030        0.000000000000
  7      444.000000000000       14.000347260752       -1.011828917800        0.000000000000      273.000000000028        0.000000000000
  7      447.000000000000       14.000347260752       -0.994330789375        0.000000000000      273.000000000029        0.000000000000
  7      450.000000000000       14.000347260752       -0.981480070873        0.000000000000      273.000000000030        0.000000000000
  7      453.000000000000       14.000347260752       -0.973181603449        0.000000000000      273.000000000029        0.000000000000
  7      456.000000000000       14.000347260752       -0.856649800468        0.000000000000      273.000000000029        0.000000000000
  8      198.000000000000        0.543576196861        9.878483575693    34313.338484081782      799.976232015902        0.000000000000
  8      201.000000000000        0.744853346943       21.739773518486    91068.170545338129      799.945809523195       64.770578366824
  8      204.000000000000        1.240446963563       24.738785768900    37402.225391263310      799.803089972863      606.342736686210
  8      207.000000000000        1.912977335253       24.636190578969     7974.587527564003      795.242251336867       63.821345476866
  8      210.000000000000        2.620710234097       11.848871445140      355.410204322690      769.801449888322        3.246421626746
  8      213.000000000000        3.211498380094        7.499229610102       76.031904149068      576.597228634081        2.634254350445
  8      216.000000000000        3.802825744524        6.962275074448       18.978721986197      378.112707092419      466.029767821220
  8      219.000000000000        4.515876562632        6.739349459905        3.445781359990      291.949545312331        7.653902359771
  8      222.000000000000        5.195120078402        7.079658217387        0.740640099978      278.012327773938        2.803193093505
  8      225.000000000000        5.465868686835        6.731320242661        0.389097937811      276.037908038156        0.329054258913
  8      228.000000000000        5.062088053266        5.769889017841        0.875834287331      280.803762516141       27.904510133782
  8      231.000000000000        4.743817348979        6.778247190358        1.445356675035      290.344653717589        0.066328726870
  8      234.000000000000        4.661054599770        9.398225658182        2.321344907147      294.439316614156        0.029802629410
  8      237.000000000000        4.613580020510        9.339459026066        3.477473076392      295.985524380053       -0.032098843646
  8      240.000000000000        4.571519837452        6.819597166573        4.026851189595      295.222717313415       -0.007569922968
  8      243.000000000000        4.645358923685        5.228406069486        3.222299886698      293.045991397149        0.013249505245
  8      246.000000000000        4.727271294332        4.065230407446        1.915192735206      289.770365295200        0.005135744974
  8      249.000000000000        4.677235680684        3.758357872401        1.519841638103      291.844540347536        0.022893129444
  8      252.000000000000        4.674736135988        4.013707789511        1.141394802105      291.941992569367       -0.008475822328
  8      255.000000000000        4.690696036051        4.519667239324        0.934021643947      291.127133702976       -0.382900971882
  8      258.000000000000        4.747017455329        4.696837889600        0.609249262020      288.851343118485       -0.173890976563
  8      261.000000000000        4.769098356129        5.707054117097        0.715418706724      287.988311638999       -0.006313838623
  8      264.000000000000        4.783360982649        7.012881519703        1.011382555918      287.641885500239        0.007743339900
  8      267.000000000000        4.785479785953        7.925651593588        1.277260027166      287.670085069137        0.142931485079
  8      270.000000000000        4.751907919123        8.153383295517        1.398769189096      288.853266609197        0.214394796380
  8      273.000000000000        4.599832134852        7.841035348358        1.745990568321      295.248106831618        0.084698289186
  8      276.000000000000        4.433591795597        6.508634258073        1.925705970592      306.688897794751        0.019161790141
  8      279.000000000000        4.430775943340        2.851904906615        1.053919212092      307.395903514406        0.006037064122
  8      282.000000000000        4.458598780949        1.557625689638        0.771250200266      305.554130036528       -0.118646695228
  8      285.000000000000        4.519862175522        2.455293857383        0.405472969348      300.529939675875       -0.274900321847
  8      288.000000000000        4.408951212931        3.338458137654        0.480170053743      306.957424700031       -0.013458957220
  8      291.000000000000        4.457502586463        4.041560497973        0.613142156932      303.885213074349        1.733132224395
  8      294.000000000000        4.447162562646        4.348386849187        0.706097649216      305.264425885756        1.066692452351
  8      297.000000000000        4.486787388890        4.808151341244        0.750231191579      303.301526067363       -0.066423021473
  8      300.000000000000        4.669384506876        4.970722968998        0.560136203253      292.909123955687       -0.186287577707
  8      303.000000000000        4.867073268880        5.428300433756        0.411777894735      285.386187642357       -0.141207122577
  8      306.000000000000        4.900050782785        4.536791540322        0.375656000096      284.316853433958       -0.005554182080
  8      309.000000000000        4.925410675681        2.171438424179        0.525134238058      283.327768117870       -0.016832700521
  8      312.000000000000        4.914057788935        1.197251732682        0.579188250257      283.251333024324       -0.049299517465
  8      315.000000000000        4.971700469718        1.637278525241        0.490295276602      281.983085652730       -0.019899927507
  8      318.000000000000        5.129712035303        3.088823238693        0.317791487987      279.175956267741       -0.063604807732
  8      321.000000000000        5.108071000091        3.186821664291        0.332207088604      279.516719590323        0.045485992785
  8      324.000000000000        5.037966780706        2.731818393977        0.429396149929      280.735266930620        0.024517102524
  8      327.000000000000        4.919317898781        1.604131613372        0.699010851935      283.349642387357        0.025023127117
  8      330.000000000000        4.828003703872        1.034188595371        1.066709426868      286.152196099346        0.096603287288
  8      333.000000000000        4.758614127109        1.278483209331        1.496645482696      288.713106858299        2.161895514522
  8      336.000000000000        4.681526541181        1.466243787507        2.011377321249      291.595188639932        0.146780361619
  8      339.000000000000        4.608211470187        1.447339001606        2.719869398069      294.827300752321        0.084189337987
  8      342.000000000000        4.544059340321        1.462487501580        3.389455328673      298.178041280440        0.049744389931
  8      345.000000000000        4.512050510209        1.617711319118        3.472294832619      300.063814355819        0.006935132316
  8      348.000000000000        4.463189494907        2.074999508241        2.957722845099      303.010847636575        0.038355607114
  8      351.000000000000        4.401888623251        3.203800757159        1.734586815903      307.548893533368     -451.192663016961
  8      354.000000000000        4.552771043795        3.611156116308        0.540677329353      296.556698445455      -38.286115741910
  8      357.000000000000        5.381259688486        1.879816485841        0.028552697421      276.006094124690       -0.158649671689
  8      360.000000000000        5.463363131318        0.864316134567        0.016738830920      275.075324010190       -0.005191238653
  8      363.000000000000        5.408654265997        0.752693857032        0.038748181209      275.685246232488        0.282396736484
  8      366.000000000000        4.988638805052       -0.586796644938        0.165046641557      281.990096043405        0.048844133579
  8      369.000000000000        4.727016101909       -2.979984097198        0.630256595449      288.966298595881        0.006507593964
  8      372.000000000000        4.691785547932       -5.572392065533        1.388516440866      290.545002532172        0.006564223914
  8      375.000000000000        4.672682175978       -6.582573820533        1.767470964901      291.691377705580        0.053496842802
  8      378.000000000000        4.594734185077       -6.843187307996        2.073335312102      295.877588486920        0.226585241857
  8      381.000000000000        4.515805035619       -6.111510723431        2.047406345060      301.373882779064        0.026513146133
  8      384.000000000000        4.472943112488       -4.856203360829        1.479280985350      304.774259342030        0.023101545281
  8      387.000000000000        4.460420422550       -4.087164067291        0.980578747536      305.621087085520        0.011087616720
  8      390.000000000000        4.464347663296       -4.260334034595        0.802301359116      305.367950609119       -0.020895970982
  8      393.000000000000        4.455003529778       -4.771967183586        0.831861721646      305.818860198135       -0.384484660535
  8      396.000000000000        4.465459093277       -5.144975753145        0.891033635062      304.855561170202       -0.223934178986
  8      399.000000000000        4.531403996069       -5.267915362337        0.824193325355      299.821620238945       -0.816558379059
  8      402.000000000000        4.722598053699       -4.748564730494        0.487952917290      289.464293963699       -1.878975637050
  8      405.000000000000        5.159000470706       -3.869047166088        0.147400737088      278.488458443061       -2.311177999209
  8      408.000000000000        5.920332851652       -3.003434576052        0.017137597731      273.843199303451      -11.380711565663
  8      411.000000000000        6.196316764997       -2.694276774724        0.004921511224      273.514351400308     -122.669477833803
  8      414.000000000000       14.000347260752       -2.963567506442        0.000000000000      273.012153344930        0.000000000000
  8      417.000000000000       14.000347260752       -2.912690565333        0.000000000000      273.000000272536        0.000000000000
  8      420.000000000000       14.000347260752       -2.636656875546        0.000000000000      273.000000241474        0.000000000000
  8      423.000000000000       14.000347260752       -2.337652358897        0.000000000000      273.000000076885        0.000000000000
  8      426.000000000000       14.000347260752       -2.131444711567        0.000000000000      273.000000014535        0.000000000000
  8      429.000000000000       14.000347260752       -1.994580482593        0.000000000000      273.000000002135        0.000000000000
  8      432.000000000000       14.000347260752       -1.882020955520        0.000000000000      273.000000000276        0.000000000000
  8      435.000000000000       14.000347260752       -1.784433585673        0.000000000000      273.000000000057        0.000000000000
  8      438.000000000000       14.000347260752       -1.702378917545        0.000000000000      273.000000000038        0.000000000000
  8      441.000000000000       14.000347260752       -1.634212115564        0.000000000000      273.000000000036        0.000000000000
  8      444.000000000000       14.000347260752       -1.578461265100        0.000000000000      273.000000000035        0.000000000000
  8      447.000000000000       14.000347260752       -1.534461479250        0.000000000000      273.000000000034        0.000000000000
  8      450.000000000000       14.000347260752       -1.501812556738        0.000000000000      273.000000000035        0.000000000000
  8      453.000000000000       14.000347260752       -1.480372449453        0.000000000000      273.000000000035        0.000000000000
  8      456.000000000000       14.000347260752       -1.258432568439        0.000000000000      273.000000000034        0.000000000000
