!------------------------------------------------------------!
  Date: 20191122
  Simulation name: AVX7 
  Filename:edge_vel.txt                                                                                                                                          
  Produced in mod-subroutine:  massdist/edgevelocity                                                                                                                                 
  Written by AK September 2019
  Description:Velocity pointing out of curve edge1 depth average summed over time                                                                                   
  Data format:XXX perpvel1 perpvel2 minvel1 minvel2                                                                                                                 
!------------------------------------------------------------!
          3.0000000000          0.0000000000          0.0000000000          0.0000000000          0.0000000000
          6.0000000000         20.4895979428          8.5463397509        -15.2229974644        -20.4895979428
          9.0000000000         20.7518166827          5.6024637995        -55.8320374480        -19.0411959155
         12.0000000000         17.5129051754          8.6159095984        -14.3679912312        -16.1854749491
         15.0000000000         21.2092720311         11.3107052137        -22.8080052719        -18.5747786688
         18.0000000000         27.1382127901         12.9536862122        -28.1708705213        -21.1422160797
         21.0000000000         24.1522032930         14.6052601854        -30.0959165582        -21.3989466458
         24.0000000000         23.1784134737         13.0548476932        -38.8498826000        -24.0174879822
         27.0000000000         24.7154310882          9.2499007893        -32.8995003701        -26.6696403086
         30.0000000000         24.7961939952          6.8399735980        -31.7568061869        -19.9867503777
         33.0000000000         25.4346910740          6.0949150193        -31.7354685809        -18.5911207637
         36.0000000000         24.2698880207          5.8789160708        -24.9013348647        -19.6789929485
         39.0000000000         23.3045064792          5.1250702297        -17.9506936860        -17.4708851697
         42.0000000000         21.9553671464          4.0530190825        -15.7930979301        -14.8233253559
         45.0000000000         18.4247078358          3.8665338391        -17.9286802648        -15.3420465179
         48.0000000000         16.9555228931          3.5794487759        -10.3920106338        -14.9384407673
         51.0000000000         13.1413914168          3.5757064028        -14.5841703200        -15.7416249210
         54.0000000000         11.7940618301          3.3830028949        -14.1122897405        -13.9328429033
         57.0000000000          7.5489678928          3.3832374898        -17.3801090912        -14.9026152667
         60.0000000000          4.4994180930          3.3765558123        -19.8676894206        -15.2439125221
         63.0000000000          4.5693250934          3.1969427413        -19.3010129238        -14.3941105791
         66.0000000000          5.1627012425          3.1669007295        -16.7827850655        -14.6200277087
         69.0000000000          4.9527107584          3.1220023093        -18.6233730837        -15.1087228614
         72.0000000000          4.9620434641          3.0607028996        -23.3402471896        -15.1146295338
         75.0000000000          5.7183887512          2.9821407373        -27.8201003108        -15.2095528938
         78.0000000000          6.6913059986          2.8860124969        -34.4984505595        -15.1198999330
         81.0000000000          7.5519856593          2.7728572713        -41.7574394314        -21.1525261615
         84.0000000000          8.4996591355          2.6439230674        -48.4359114333        -21.2030302481
         87.0000000000          9.6142344972          2.5011113979        -53.2704691841        -21.9047740616
         90.0000000000         10.9198011529         22.7862546618        -56.6297332908        -28.0771080470
         93.0000000000         13.8088276293         23.9294089287        -62.5090559676        -26.6702737235
         96.0000000000         17.4973247407         21.1237970249        -67.4480968688        -19.9997042834
         99.0000000000         20.2654478255         11.2480807887        -66.5212376392        -24.1728856375
        102.0000000000         20.7572893830         38.5338927419        -69.4466903254        -13.7297678029
        105.0000000000         18.5278534373         55.7230178746        -67.4691983828        -10.0075617039
        108.0000000000         16.4049610008         46.6320092712        -70.4624340441        -25.0665182764
        111.0000000000         14.6486601791         52.1399405057        -69.3959275795        -30.9276050337
        114.0000000000         12.0275490158         67.1694667865        -60.2187427906        -15.0824388310
        117.0000000000         12.4275150869         62.8164959825        -65.4401454433        -16.5152956431
        120.0000000000         13.0271528391         67.2528384992        -35.9889710201        -28.8963318893
        123.0000000000         12.5300415148         71.5214056484        -40.1398232496        -25.3798286696
        126.0000000000         12.2582477672         74.6679185327        -43.1601248965        -22.0421120843
        129.0000000000         11.7772497139         78.7488782448        -38.2026018236        -13.1490232548
        132.0000000000         11.0193556806         75.0105965833        -35.5883575574         -9.8122252090
        135.0000000000         10.2004472430         81.1952614410        -33.9833826655        -10.0971095570
        138.0000000000          9.2787372575         84.4290032305        -34.4099620124         -7.8089972279
        141.0000000000          8.7139994584         87.7335715374        -34.8148451295        -25.9879408296
        144.0000000000          7.7603070919         89.6599227538        -34.8203776942        -16.1380976714
        147.0000000000          6.2535091596         87.5905740775        -32.0339596421         -5.7907721237
        150.0000000000          5.3654416134         86.1095944729        -30.6692600264         -3.7818476715
        153.0000000000          3.9836715387         90.4824756856        -29.2775482505         -7.0415277414
        156.0000000000          3.6282016222         94.9800681610        -30.5063301260        -36.6762882623
        159.0000000000          3.1538441174         94.9367841637        -31.8108209763        -22.7036604929
        162.0000000000          2.5587939888         90.4388401974        -31.8370714155         -9.1624292261
        165.0000000000          2.0138205177         90.4971089936        -30.4067391044        -10.1106574153
        168.0000000000          2.5560929064         91.3195427123        -28.5809304611        -14.7303012197
        171.0000000000          3.1318588887         90.9472202425        -27.6957674639        -15.3176031761
        174.0000000000          1.8484589885         91.8836745874        -25.3740159809        -27.9247068387
        177.0000000000          1.9938186789         90.9853611682        -23.5526799012        -17.2357530090
        180.0000000000          2.0616544680         85.5043629166        -19.5442904933        -19.4980441205
        183.0000000000          2.1321993500         86.6006447694        -19.5132039427        -20.8646161715
        186.0000000000          2.3006059846         85.3288043750        -19.5084412765        -23.8712125566
        189.0000000000          2.1395202014         82.5793268219        -21.9129935849        -35.3279974298
        192.0000000000          1.9322072698         77.4959541516        -21.1295969750        -24.1925926392
        195.0000000000          2.0277896851         69.4434309123        -20.0656442114        -21.3365109503
        198.0000000000          1.3915338101         64.1505888045        -18.6427472172        -19.3353526405
        201.0000000000          1.3029821130         59.2474802681        -15.2549382252        -16.0137000473
        204.0000000000          2.0404939925         54.1914099341        -12.2690398458        -20.7906751551
        207.0000000000          3.1829498263         47.3554948057         -9.5686141578        -23.7774029092
        210.0000000000          2.4769332015         37.8984304979         -7.0507441748        -26.8284721525
        213.0000000000          5.5864263626         33.4487010117         -6.4275317677        -29.1078085173
        216.0000000000          4.7891749628         26.0013896066         -4.6837015363        -30.9983954764
        219.0000000000          2.4487702282         17.0724735830         -4.6243757724        -38.9153006533
        222.0000000000          1.5958312690          8.8678182020         -5.3432359449        -45.3759058302
        225.0000000000          2.8835735109          7.4928660121         -6.0325761537        -50.4726565970
        228.0000000000          5.0046909901          2.4924046753         -6.7659187976        -62.6529674419
        231.0000000000          5.3200081562          3.1834429562         -7.5362260175        -70.9977966285
        234.0000000000          5.1096379599          5.0459394298         -8.7565503196        -75.4243305767
        237.0000000000          8.6929874133          7.0123986966        -10.1954080143        -83.0769370785
        240.0000000000         14.3116970951          7.7268242232        -10.0331310087        -81.4115421584
        243.0000000000         17.9856363423          8.1790058175         -7.8480089945        -86.6287964968
        246.0000000000         23.8568234196          7.9711663595         -8.0072336018        -92.3840503886
        249.0000000000         30.8724649538          4.4661684539        -10.7011552581        -96.4296063735
        252.0000000000         35.4481468097          6.0778848068        -11.7268106908       -103.6558578396
        255.0000000000         40.5829853014          5.2812543568        -14.4190935900       -101.9947023426
        258.0000000000         40.4497327634         12.3586959708        -15.2734842367       -106.5206896834
        261.0000000000         41.1750771220          9.9320283261        -16.2978900515       -107.3343598098
        264.0000000000         41.7456835091          9.1031848844        -13.9905288234       -104.6919217359
        267.0000000000         44.6361915680         11.7899154542        -15.1094764917       -106.4660222797
        270.0000000000         43.5353325925         10.4952255896        -24.8434619035       -105.4326997771
        273.0000000000         33.9427504533         31.2956711200        -32.3486570167       -105.0843467392
        276.0000000000         37.1419368936         24.7376136379        -33.9191109727       -106.5696809223
        279.0000000000         49.4668473631         12.2093280046        -29.3116816919       -105.1407721656
        282.0000000000         46.9336430495         10.1820544144        -23.9527176659       -102.6057078828
        285.0000000000         48.0640709750         10.3726424554        -17.6127941680        -88.6307902085
        288.0000000000         45.6593561958         10.5742193108        -13.0309928866        -76.5225212914
        291.0000000000         52.9376291110          8.5920345237        -14.6253246574        -76.7787652847
        294.0000000000         61.4778074876         11.7322607497        -17.2327959575        -76.7785976847
        297.0000000000         63.6659062520         13.2725775548        -22.0917477180        -57.8231045206
        300.0000000000         63.6417269495         13.0062982113        -23.0582463768        -46.4233127913
        303.0000000000         60.1592412426         10.9630996658        -13.3306693255        -41.2242192036
        306.0000000000         54.1219727227          8.4399256239        -20.1175869083        -41.8697431249
        309.0000000000         46.2936112666          5.4580904670        -16.4266844559        -39.4668337147
        312.0000000000         58.4170819495          5.0027398792        -12.8096321313        -29.7062620533
        315.0000000000         70.7280988177          4.7119979330         -8.7440233203        -27.0660909440
        318.0000000000         78.5378925471          4.5775088276         -9.8037918828        -24.9914714899
        321.0000000000         71.8839033853          4.5171040247        -14.1236269056        -29.2106005176
        324.0000000000         82.4338486656          4.4436160750        -28.4116030753        -28.6664948049
        327.0000000000         86.7733240636          4.3766651184        -24.4095531355        -30.3593307854
        330.0000000000         82.9513054627          4.3104134786        -18.6993702852        -19.2551171029
        333.0000000000         78.7879383840          4.2412177933        -17.7509519097        -19.1269604944
        336.0000000000         70.7931984650          4.1962286676        -19.7662866186        -18.4449457085
        339.0000000000         74.5089011686          4.1126922032        -42.5906325351        -17.9700386446
        342.0000000000         78.2424141802          4.0194272796        -27.8759452303        -16.4880492100
        345.0000000000         69.3892555461          3.9426017332        -17.5046739638        -18.2307991352
        348.0000000000         70.4130628339          3.8234737339        -20.5647797436        -14.8657751231
        351.0000000000         63.6277677787          3.7170002765        -24.9861956788        -16.8406796405
        354.0000000000         59.4430400360          3.5675927342        -30.7376726968        -16.4951156922
        357.0000000000         52.4678962442          3.4262489476        -26.3400665609        -19.7932723885
        360.0000000000         44.9280834880          3.2664445364        -28.9562176257        -19.3093981842
        363.0000000000         43.9355320539          3.0662983731        -37.7812952280        -14.0573105089
        366.0000000000         32.2144281533          2.8711714843        -48.8619515177        -11.8880174950
        369.0000000000         23.5979843879          2.6599824777        -56.3068760271        -14.7337530229
        372.0000000000         14.3468288337          2.4349435691        -58.8598087617        -16.1099544140
        375.0000000000          8.3504754295          2.1993588184        -56.3380053858        -13.6749672399
        378.0000000000          8.7511128676          5.7562835584        -53.3660986730        -10.0789903886
        381.0000000000          9.0487024389         11.9086328801        -52.2019809809        -10.1540201968
        384.0000000000          9.0773886412         12.3626249946        -54.0232756331         -8.3516670961
        387.0000000000          8.8085561469         11.8543880233        -54.3935021774         -8.6246112132
        390.0000000000          8.2371452481         43.2081594038        -55.6339470724         -9.6664150739
        393.0000000000          7.7995204720         43.5175713345        -59.6557066908        -10.0273973231
        396.0000000000          7.1489424131         42.3159276784        -63.8677911196        -10.4307161605
        399.0000000000          6.8750042235         62.0868404672        -61.3413547449        -24.8577851632
        402.0000000000          6.3526789158         70.1224766627        -66.9123263763        -12.6726003172
        405.0000000000          8.1042710352         58.5823096574        -70.3354089472        -12.5068879040
        408.0000000000          9.7917728468         51.7956424973        -76.2371126843        -23.9693277042
        411.0000000000          5.9993177345         50.6380325954        -72.1974316364        -34.5218982671
        414.0000000000          5.1989744222         62.8666191104        -61.9400209502        -32.3883283257
        417.0000000000          5.3452451717         53.9716839233        -67.1848043574        -29.0635990931
        420.0000000000          5.4881044329         57.3551743929        -59.5898455270        -22.0885172118
        423.0000000000          8.2702271152         63.2784194726        -56.4804829054        -22.4271406286
        426.0000000000          6.5740996655         72.6275258188        -55.5501980184        -30.2706868620
        429.0000000000          6.3881814674         86.2536068392        -48.6064887272        -29.9925555799
        432.0000000000          7.1521786983         88.2395435270        -45.7168029407        -25.7967507549
        435.0000000000          7.1811729399        103.8963710363        -39.3022141010        -19.3234925593
        438.0000000000          7.2945823102        112.6232486680        -40.3581921300         -5.9249209997
        441.0000000000          6.8661979169        118.3046902956        -38.3872127181        -36.7329800671
        444.0000000000          7.3443404955        123.1259533999        -39.1765173463        -33.0657573244
        447.0000000000          7.5515949358        124.2976555462        -36.4835963911        -18.4329980332
        450.0000000000          6.7001930136        119.6173343932        -33.2622125773         -5.5238420487
        453.0000000000          5.8640895489        112.7928730284        -33.0871331712         -6.9886275729
        456.0000000000          4.8125546630        114.4853500541        -30.5412551579        -46.4085548369
        459.0000000000          3.7734522297        123.7629143803        -26.8832941858        -19.9407857163
        462.0000000000          3.1710759849        130.1707287884        -22.6500552086         -9.6421629652
        465.0000000000          3.1567379839        129.8373718454        -18.5895721678         -8.3760981690
        468.0000000000          3.1415657795        128.7662172976        -14.5753014464         -6.7339814148
        471.0000000000          3.1484124150        127.4957817782        -15.9884676639         -9.8798081348
        474.0000000000          3.1287387953        126.5565485495        -15.9916470682        -61.1062458774
        477.0000000000          3.1066305404        124.8564642925        -17.0821059913        -40.9094921867
        480.0000000000          3.0811539655        120.1857240926        -16.3855321165        -22.0128272579
        483.0000000000          3.0511882775        114.3307041083        -15.9784307455         -7.4878549220
        486.0000000000          3.0341933323        107.6738432964        -14.4845693609         -6.6151503755
        489.0000000000          2.9902286941        102.9591596289        -13.6907618876        -54.1908310958
        492.0000000000          2.9377591848         99.4958038043        -11.3448404447        -40.5339864494
        495.0000000000          2.8924785105         94.0582966450        -12.5848887179        -29.4400338347
        498.0000000000          2.8172970187         83.6148063802        -10.8830453234        -16.3643012301
        501.0000000000          2.7457666885         73.9163784488        -10.0358042962         -6.9028761577
        504.0000000000          2.6418231637         74.8371913601         -9.3100607401         -5.2147965443
        507.0000000000          2.5377967061         71.1846828005         -9.3520831326        -20.7466305594
        510.0000000000          2.4159454387         65.3640361499         -8.5175409673        -17.3647935705
        513.0000000000          2.2595287177         59.5705008068        -10.2807802943        -24.6185646891
        516.0000000000          3.1232606256         49.1724008074        -12.1326589481        -35.9647288418
        519.0000000000          4.8364996955         37.8925357155        -12.2951596961        -40.6022383556
        522.0000000000          6.4070503247         25.7212881475        -10.9333145883        -38.3687147374
        525.0000000000          6.8901600081         13.9664528979         -7.4823995035        -43.3479087362
        528.0000000000          7.1483901086          0.6960595494         -3.7580997893        -48.8157635727
        531.0000000000          7.7380692266          4.3564413573         -6.2471986895        -51.6296345979
        534.0000000000          7.4668198941          6.3257476964         -5.5232424070        -59.2173317770
        537.0000000000          6.3165646241          6.4860845770         -5.8815454420        -64.6754884839
        540.0000000000          9.1252778824          8.9085947274         -6.2101089627        -72.4438262201
        543.0000000000         11.9788411612          9.4240632092         -5.8322891254        -72.8207083889
        546.0000000000         11.4627435044         17.5539070298         -9.6817312596        -71.8343883594
        549.0000000000         12.1035824738         13.3367498149         -9.3306835955        -72.7022952634
        552.0000000000         11.2942226356         10.2213153241         -8.4863045841        -75.6674931057
        555.0000000000         17.4074897246         10.3050089946         -8.6159813104        -78.5755022217
        558.0000000000         16.6368817107          8.5202769927         -9.8146930369        -83.9371174517
        561.0000000000         19.0775960431          9.6435943655        -15.4190113455        -89.3061473608
        564.0000000000         19.5595129121         11.3932307387         -7.4684237446        -91.7202497778
        567.0000000000         15.1947290167          7.0245926331         -5.8823808281        -93.9402640983
        570.0000000000         15.0417881746          5.2117694598         -7.5643811357        -91.9458554744
        573.0000000000         17.2864510599          5.3324558831         -8.9885335886        -94.7726425522
        576.0000000000         21.5970836020          6.6808885213         -7.7020480675        -96.1124963577
        579.0000000000         46.5854887081          8.1201415057         -8.0885978622        -93.3954051935
        582.0000000000         46.5753363086         11.0290233241         -8.0696560113        -93.8184019575
        585.0000000000         53.7642788584         12.3953902942         -6.7352826620        -90.6098114216
        588.0000000000         52.1075873126         11.8048132870         -7.1472838643        -86.8528509983
        591.0000000000         43.9250914700          9.9732006003         -6.0392270296        -81.1491557836
        594.0000000000         33.7948637509          8.1803775225         -4.9639734277        -69.5072755623
        597.0000000000         44.4382040783          8.4322645888         -4.3137248574        -65.2209026366
        600.0000000000         50.9804245748          7.9624576564        -32.2229680265        -64.1557093344
        603.0000000000         52.6662261528          7.0789663337         -6.9388473902        -64.5266102134
        606.0000000000         40.4056983019          6.0067022713        -25.4445330954        -59.3178472834
        609.0000000000         40.4074152055          5.2934843605        -20.3760993708        -52.2859670489
        612.0000000000         50.1421266244          4.8756286738        -17.2340190128        -62.4078793283
        615.0000000000         68.6243310793          4.6506246532        -18.4231770047        -63.9339742827
        618.0000000000         84.9931145596          4.5348192921        -14.2870575401        -49.5478627899
        621.0000000000         75.5336951784          4.6044407038         -5.4870936708        -44.6491077539
        624.0000000000         88.6845403906          4.5674880107        -35.1885292751        -35.4088410750
        627.0000000000         95.1894015091          4.6266065301        -40.3577307955        -34.0007686953
        630.0000000000         99.3406067930          5.1367650954        -34.1696403564        -23.3974121469
        633.0000000000        101.0911374317          5.5775816571        -23.6568638439        -22.0847666388
        636.0000000000         93.7653457860          5.3020140948        -13.9033793616        -27.1440429613
        639.0000000000         96.3898083537          5.1353808624        -50.4321874815        -25.3340567513
        642.0000000000        100.4389914076          5.0728657999        -42.8952513777        -32.4084838493
        645.0000000000         91.1607047959          4.8841652653        -37.0537845203        -24.2779093039
        648.0000000000         89.4674984298          5.3280950073        -26.0441279125        -25.0578308888
        651.0000000000         82.1402073482          8.3773810103        -18.7750725131        -20.1601941337
        654.0000000000         79.4453567400         11.1046045286        -23.2167932982        -17.2510256769
        657.0000000000         72.1144328662         12.9411269830        -34.0842498701        -25.0639608534
        660.0000000000         64.6622164679         17.0074956738        -40.1438998622        -16.5263498818
        663.0000000000         57.4402290755         18.3649715052        -36.9793487472        -18.5187480077
        666.0000000000         45.2080239443         20.8886080093        -18.2185388198        -11.1805556217
        669.0000000000         32.7915017731         17.8338538521        -20.7054470170        -16.7168750790
        672.0000000000         22.3171799148         16.7129903404        -19.8593501332        -11.4632607455
        675.0000000000         18.4479519544         16.3874851217        -21.0371548898        -12.1497684696
        678.0000000000          9.6819722359         20.8840303743        -30.5984544930         -9.2081548718
        681.0000000000          9.3327696278         22.5372210594        -40.8053289188         -9.8649141414
        684.0000000000         10.5148270415         20.3432492351        -45.7026852634         -4.6118338688
        687.0000000000         20.5785976238         23.7590275121        -47.0152922794         -3.6857588355
        690.0000000000         24.1869697488         30.3752200048        -47.5176471342         -0.3548750285
        693.0000000000         21.8431142144         28.7635545997        -46.6247892769         -1.2042180041
        696.0000000000         18.4388441115         28.4344698943        -50.7487816822         -7.1747514364
        699.0000000000         22.3420263146         28.1265410075        -51.5854828817        -16.9796111629
        702.0000000000         23.5016528839         26.1411868793        -57.0460935838        -10.9457966833
        705.0000000000         29.9838381433         39.5004879463        -55.8209441252         -8.8822046144
        708.0000000000         26.9204241538         34.2178257903        -60.1900801869        -16.3236748049
        711.0000000000         14.4286250399         34.8068917539        -58.0599682710        -23.8520842368
        714.0000000000          6.4123266402         48.7111867852        -45.3981922704        -26.9981224433
        717.0000000000          6.2072210783         46.9163721335        -48.0334087372        -22.1224618599
        720.0000000000          7.2208604778         59.9041546212        -45.0082556509         -9.8670169567
        723.0000000000          8.6942668665         70.1271923405        -40.4785636265        -30.1592791402
        726.0000000000          3.8409049408         83.4925088101        -36.3231243649        -25.5166951996
        729.0000000000          3.8987418957         94.6820919665        -33.7769383953        -22.6708600202
        732.0000000000          3.9080153459         91.4328774521        -34.1264935839        -15.1394938688
        735.0000000000          3.9486839613         91.9340252567        -32.7456720142        -11.5392412836
        738.0000000000          4.7444167777         87.9052098398        -30.2684385499        -10.1765510057
        741.0000000000          6.8170363178         86.0435409319        -26.1047590312        -44.2514369283
        744.0000000000          7.1033412340         88.3942984377        -22.6246820454        -24.4085897990
        747.0000000000         11.7182660639         98.0158829366        -21.1359689310         -8.3785053117
        750.0000000000          9.7457146166        100.7553888748        -26.6236987596         -6.6775070438
        753.0000000000          7.3760413907        101.8298665893        -27.9087850384        -15.9675793952
        756.0000000000          7.0909605254        101.1112354180        -18.4536933110        -53.6313217205
        759.0000000000         13.5925956505        100.1838678707        -16.9426053618        -35.6008952832
        762.0000000000         12.8889584783        101.2058341021        -14.9857521982        -27.4637166857
        765.0000000000         12.6026345711        101.1852436138        -11.5280874322        -22.5032472178
        768.0000000000         10.4622708442         99.4538347797         -7.8242072483        -13.9037850365
        771.0000000000          7.5386910444         96.8201030727        -12.5660598774         -9.4982809386
        774.0000000000          7.0180338304         90.1254215413        -12.3270179825        -26.4315310722
        777.0000000000          5.0658052501         86.6376653471        -10.7335010797        -15.9864106972
        780.0000000000          4.9776088137         84.9416114898         -5.2063953075        -19.3299871149
        783.0000000000          4.9493764956         86.6075663564         -3.5842485958        -17.3217171816
        786.0000000000          4.8473859454         84.7838274568         -3.9084663224        -16.3682998438
        789.0000000000          4.8828718710         83.6171681153         -3.4229085492        -28.0246184807
        792.0000000000          4.9189688746         79.8822457700         -3.3426974545        -14.0575225617
        795.0000000000          5.4032426116         76.0611541523         -4.0676176987        -11.7443960950
        798.0000000000          7.2942078220         71.4536229042         -5.3532788368         -5.2037545120
        801.0000000000          9.9392486327         66.8051256162         -4.2330117335         -5.3900296369
        804.0000000000         11.4603934970         60.5775943598         -2.9052640349         -2.9471766120
        807.0000000000         12.8480839399         53.8799634376         -2.7662535449         -8.1340157213
        810.0000000000         12.0647528303         46.1937527766         -2.6199781555         -4.5606028344
        813.0000000000         12.4717538842         38.0227720750         -2.4887479279         -7.8098644921
        816.0000000000          6.6754213384         29.4797112877         -2.3310841905         -8.4411211040
        819.0000000000          4.9099172615         20.5108325228         -2.1698614904        -10.2180004328
        822.0000000000          4.7394481807         21.5302612481         -2.0071208697        -15.2857429295
        825.0000000000          4.7099510154         23.8550485678         -1.8451839683        -19.2643476394
        828.0000000000          4.6838722806         24.0969088648         -1.6865636150        -25.6219181885
        831.0000000000          4.6606022291         21.6466840317         -1.5337704010        -33.7415362595
        834.0000000000          4.6284170165         17.8991472679         -1.3891471777        -40.3867209369
        837.0000000000          4.5913738361         15.0827647193         -1.2547305824        -49.3430826087
        840.0000000000          5.1371193118         15.7736914553         -1.1132184978        -58.4617980817
        843.0000000000          5.0816673739         18.2840674586         -1.0045248972        -60.9339620302
        846.0000000000          5.0032807165         21.1887551124         -3.1155579888        -65.2989449180
        849.0000000000          9.6211984457         25.0131846225         -3.4770458985        -73.0730517066
        852.0000000000         11.3728550283         23.9343429884         -3.2621354330        -74.4678918465
        855.0000000000         15.3566411709         14.2489542262         -3.3003893095        -77.2638070999
        858.0000000000         15.5630724387         13.1974861037         -3.1250946303        -84.6555221070
        861.0000000000         14.2303215265         12.3951658944         -3.2075010355        -83.6145110738
        864.0000000000         17.6035243313         10.8163143781         -7.2293754999        -80.2791669214
        867.0000000000         19.7028457076          8.2174932784         -6.8180126014        -79.1416793106
        870.0000000000         24.8330860406          6.8390527109         -5.7470363431        -70.8301143312
        873.0000000000         25.3086310167         10.5091333614         -3.8374392687        -60.1984403525
        876.0000000000         26.9826327893          6.5316923158         -0.5759783433        -54.4658318395
        879.0000000000         27.3440585925          5.8691247555        -11.1647080146        -53.9493652229
        882.0000000000         28.5685017960          4.6805755890         -8.6503730864        -54.5109585348
        885.0000000000         35.4929947923          3.7433781158         -8.3253530120        -51.2697716235
        888.0000000000         42.8696141748          4.9321700705         -3.4509573816        -49.4125546903
        891.0000000000         48.0342016167          8.3533205190         -1.0553546810        -45.4231996053
        894.0000000000         54.4304031500          6.7024439560         -3.3374371212        -38.3320213558
        897.0000000000         54.8614740043          5.9932749933         -2.9052921944        -36.8991084673
        900.0000000000         57.2633736276          5.0062062095        -18.3049478730        -37.0691986668
        903.0000000000         59.9657693533          2.5692211319         -9.2752090861        -32.2768474077
        906.0000000000         63.7656226195          6.8835404850        -24.9902951883        -24.1933870858
        909.0000000000         61.4817501207          3.9534364641        -26.2354167403        -21.6094592634
        912.0000000000         55.7874766377          2.6298101311        -30.1708506123        -24.0841145986
        915.0000000000         62.0544386587          3.9294979128        -28.7269005547        -22.9727770455
        918.0000000000         67.4025756840          4.4649273199        -25.0284744125        -23.5676755561
        921.0000000000         63.4419500775          3.3520752135        -15.3166649972        -24.7210404095
        924.0000000000         65.2569556675          3.7466175162        -35.8688257528        -25.8346613098
        927.0000000000         68.1365179103          4.1496975037        -38.5647419523        -24.4664788029
        930.0000000000         69.2301102993          4.5273776002        -28.1220521528        -21.5703201159
        933.0000000000         67.1648327790          4.8861465799        -12.9039342540        -21.7180749102
        936.0000000000         61.4922356319          5.5154357144         -1.6917115108        -29.4178326481
        939.0000000000         59.4853827318         12.7209775091        -35.2818925865        -24.2668368856
        942.0000000000         56.4404092868         17.3595938016        -29.3863090466         -1.4021792990
        945.0000000000         51.0638685294         18.7703644230        -23.4477257844         -0.6200405535
        948.0000000000         47.9853667308         20.2466827980        -17.2422433578         -2.0355537864
        951.0000000000         44.7103818588         19.9426312713        -13.0119227308         -2.7940906252
        954.0000000000         44.9984902708         23.4437614851        -12.4757457120         -0.7278041718
        957.0000000000         40.8426673136         22.7889883155        -17.7905559911         -1.6357721311
        960.0000000000         36.2734833215         21.8583483332        -20.8209278259         -0.8077443129
        963.0000000000         32.1920008119         21.0823381322        -22.7404315788         -5.4477677947
        966.0000000000         26.8498257507         20.4122174550        -28.8859427576         -0.9395702645
        969.0000000000         24.6461336678         20.1281572489        -33.7331764763         -4.2069213431
        972.0000000000         20.9451236332         19.5814231758        -37.5108884457         -4.2714305788
        975.0000000000         17.2451479495         18.5143197187        -38.4807529358         -2.3358174655
        978.0000000000         16.9589569773         18.8464546570        -39.4894164095         -1.2218475157
        981.0000000000         15.4916568402         19.7985306316        -40.2466637089         -5.5217883425
        984.0000000000         13.6210821500         19.4598278951        -40.3290164249         -1.9236364267
        987.0000000000         11.2740086845         19.2455148984        -39.3405991875         -1.4455906782
        990.0000000000         10.3172225422         21.0952800249        -35.8156757481         -1.5094191234
        993.0000000000          8.8307622234         19.8175839343        -36.8458448476         -1.5774650974
        996.0000000000          5.5638445642         20.1451509658        -37.5301355623         -1.7302473761
        999.0000000000          4.3929904094         23.9686821186        -40.9365503470        -10.5435899074
       1002.0000000000          6.6045626729         25.0865794145        -44.8416804169         -4.2817029521
       1005.0000000000          6.8946577589         26.7384316180        -45.6687529023        -12.8669836300
       1008.0000000000          9.7585712670         26.9136518995        -49.5674449126         -8.5337596473
       1011.0000000000         10.9916412952         27.0516822759        -43.9404036675        -14.1512637051
       1014.0000000000         11.7723072113         28.5294320773        -30.8182756265         -5.8380611775
       1017.0000000000         12.4241656079         26.2014827395        -34.2174767981         -3.8360653092
       1020.0000000000         12.8660233131         22.1000811885        -25.4175609718         -1.9943657593
       1023.0000000000         12.3770008865         29.3390355584        -24.7423915132         -2.0203884788
       1026.0000000000         11.4068169937         33.3012526189        -22.0467925472         -6.0655059289
       1029.0000000000         11.1135838838         36.3080233413        -18.0819008763         -2.1418721324
       1032.0000000000         10.1476991722         35.6166745947        -14.8059604850         -3.2929603859
       1035.0000000000         11.9518492834         37.7779355021        -13.0824210542         -2.0830224763
       1038.0000000000         11.9842487506         40.4625142685        -23.1711082110         -2.0879057785
       1041.0000000000         11.3846280386         42.5744835922        -21.0538937715         -8.7821166472
       1044.0000000000         10.7233597584         44.2172192726        -12.6968078375        -10.6092825581
       1047.0000000000         10.8713370406         45.9726439610        -11.7165780788         -7.4996604042
       1050.0000000000         12.6048918405         47.7746633708         -4.9360884404         -2.0607107338
       1053.0000000000         17.0157491231         48.7889305125         -1.2918552582         -2.0417778512
       1056.0000000000         17.7540791732         48.9948827425         -1.2736219726        -13.8345071574
       1059.0000000000         18.0348152892         48.7838987571         -1.2504686075         -4.9306851465
       1062.0000000000         18.3001379598         49.6060068358         -1.2224249075         -1.9547137137
       1065.0000000000         16.8922797880         55.3878536239         -1.1894106912         -1.9152708835
       1068.0000000000         16.5556458491         60.7096941515         -5.2205699952         -1.8703533155
       1071.0000000000         16.2466967255         57.8746756774         -6.1191323331         -1.8277120136
       1074.0000000000         12.1727349272         61.1326402927         -6.2788197702         -7.9329277238
       1077.0000000000         14.3293916071         63.4479048818         -1.0803526306         -1.7113658522
       1080.0000000000         15.3000393754         64.7808112009         -0.9530144048         -1.6443478068
       1083.0000000000         12.0008859994         66.6112474698         -0.8859539101         -1.5715508256
       1086.0000000000         11.4996806416         64.3554231683         -0.8207035979         -1.5036804129
       1089.0000000000         12.0272439104         64.6141564851         -0.7404941731         -1.4197081523
       1092.0000000000         14.6013172885         63.4511748631         -0.6539012923         -2.9282431680
       1095.0000000000         18.2603935690         55.0528212993         -2.3088074088         -2.1666155174
       1098.0000000000         18.9688802203         49.1728226194         -4.8636643062         -6.1273372633
       1101.0000000000         19.7662950740         44.4633642549         -4.9672926806         -5.5814447156
       1104.0000000000         19.9654791253         42.6384664872         -4.5616897350         -8.2709529083
       1107.0000000000         21.1067953949         39.2346387008         -5.3578653573         -8.1947617594
       1110.0000000000         21.7835408026         35.0391209131         -6.1691877704        -10.3776995931
       1113.0000000000         21.5890466576         31.2642619410         -7.4506083880        -11.1413434953
       1116.0000000000         21.7924697755         27.6361390390         -8.0577207328        -13.4269882907
       1119.0000000000         21.0471106893         24.4686663778         -8.1169399587        -14.2414943979
       1122.0000000000         21.3146233247         20.3407912739         -8.6631731521        -14.9930561805
       1125.0000000000         19.0667524294         16.2945477002         -8.9013011156        -15.5947483372
       1128.0000000000         20.3654381017         12.6536910573         -8.4237363444        -15.9118355517
       1131.0000000000         23.9416362013          9.1564392728         -7.2700460406        -16.8846705368
       1134.0000000000         24.9400842889          5.5726793671         -6.7243746153        -17.7676125635
       1137.0000000000         25.8876607423          3.2524742609         -6.1538950369        -19.1152211694
       1140.0000000000         26.0731399850          4.0692817088         -3.3435113068        -15.6285711378
       1143.0000000000         26.0025908086          4.6730102018         -3.1271549397        -16.1425282334
       1146.0000000000         27.4049054161          5.1858168291         -3.1567251485        -20.9317460706
       1149.0000000000         28.4039799586          6.0783146122         -2.6049814789        -42.8966102901
       1152.0000000000         29.5105974904          6.6381710701         -2.5298642297        -49.4888922077
       1155.0000000000         30.0811601005          7.6669744612         -1.7114740093        -48.0994545734
       1158.0000000000         31.7358688374         13.0873425125         -1.7693050340        -45.8164777143
       1161.0000000000         29.5884031081         23.8512425831         -1.1601271488        -42.6131487623
       1164.0000000000         30.3929330032         37.2892310366         -1.5767307551        -40.2230648883
       1167.0000000000         29.7329767870         40.3860140268         -1.0219908495        -37.4082573429
       1170.0000000000         26.9212279823         46.2815650148         -0.9915857819        -34.8418522403
       1173.0000000000         29.5337465899         46.4429482207         -0.9564677974        -32.8748125497
       1176.0000000000         31.9315036301         39.4575273781         -2.9931044008        -28.1841352153
       1179.0000000000         42.2903344038         38.5828683339         -6.0674994003        -18.2085875375
       1182.0000000000         44.5234488913         37.4773451326         -8.2612698065        -17.2257944949
       1185.0000000000         47.5116049190         39.7756202821         -8.2394561458        -11.9095787422
       1188.0000000000         42.8840165855         39.4146211793         -8.8582998679        -11.8005839945
       1191.0000000000         32.2435962606         40.1008409128         -7.7949941489        -10.6056890956
       1194.0000000000         27.7476894120         37.4410939358         -5.9306946643        -11.3539330038
       1197.0000000000         27.8340625936         33.5337261739         -3.2962087880         -8.0303782077
       1200.0000000000         37.9432364374         32.7474972720        -14.4349460668         -3.9794069972
       1203.0000000000         43.7150042553         29.2398243606         -0.4792262498         -0.3498847500
       1206.0000000000         34.4960443518         28.2099718296         -0.4049374787         -0.3790968760
       1209.0000000000          0.4022457971          0.3831339579        -31.0624394649        -33.3420623162
       1212.0000000000          0.0000000000          0.0000000000          0.0000000000          0.0000000000
