!------------------------------------------------------------!
  Date: 20191113
  Simulation name: AVX7 
  Filename:massinchannel.txt                                                                                                                                     
  Produced in mod-subroutine:  massdist/massinchannel                                                                                                                                
  Written by AK September 2019
  Description:Calculate mass distribution in different parts of the channel                                                                                         
  Data format: t Total Mass (m^3) Elutriated % Med Dense InChannel WidthChannel 0ScaleH ScaleH buoyant current                                                      
!------------------------------------------------------------!
   1       2926560.0000000000             0.0000000000             0.0000000000             0.0000000000             1.0000000000             1.0000000000             1.0000000000             1.0000000000             0.0000000000             0.0000000000             0.0000000000
   2      49739346.6318067238       1682525.0165928067             0.0000035093             0.0108434348             0.9891558565             0.9613971431             0.9560702522             1.0000000000             0.0000000000             0.0000581260             0.0337687160
   3      96380819.3403221816       2744452.8016034788             0.0000059685             0.0208239739             0.9791742875             0.9630889482             0.9531419496             1.0000000000             0.0000000000             0.0003513066             0.0281237865
   4     139832212.7841379046       4079126.4258925449             0.0000112183             0.0300392792             0.9699581810             0.9593015760             0.9164753448             1.0000000000             0.0000000000             0.0009085850             0.0282629938
   5     139809837.0426174998       2524235.4382732236             0.0000222513             0.0516705912             0.9483248608             0.9649148872             0.8957952656             1.0000000000             0.0000000000             0.0018176062             0.0162371708
   6     139809470.6418540180       2866594.1271163118             0.0000401686             0.0761135582             0.9238788812             0.9620086519             0.8996119256             1.0000000000             0.0000000000             0.0029384201             0.0175651561
   7     139809217.1450375915       3896927.2676991886             0.0000664867             0.1001066515             0.8998813477             0.9503974616             0.8978361276             1.0000000000             0.0000000000             0.0041099738             0.0237632047
   8     139808869.5229890049       5360086.0289003588             0.0001030482             0.1329347785             0.8670474608             0.9382443914             0.9018147701             1.0000000000             0.0000000000             0.0057597035             0.0325789659
