!------------------------------------------------------------!
  Date: 20191112
  Simulation name: AVY4 
  Filename:slice_middle.txt                                                                                                                                      
  Produced in mod-subroutine:  column.mod/slice                                                                                                                                      
  Written by AK September 2019
  Description:Veritcal column at x300_z450                                                                                                                          
  Data format: t  YYY  EPP   U_G   DPU   T_G   Ri                                                                                                                   
!------------------------------------------------------------!
  1      195.000000000000       14.000347260752        0.000000000000        0.000000000000      273.000000000000        0.000000000000
  1      198.000000000000       14.000347260752        0.000000000000        0.000000000000      273.000000000000        0.000000000000
  1      201.000000000000       14.000347260752        0.000000000000        0.000000000000      273.000000000000        0.000000000000
  1      204.000000000000       14.000347260752        0.000000000000        0.000000000000      273.000000000000        0.000000000000
  1      207.000000000000       14.000347260752        0.000000000000        0.000000000000      273.000000000000        0.000000000000
  1      210.000000000000       14.000347260752        0.000000000000        0.000000000000      273.000000000000        0.000000000000
  1      213.000000000000       14.000347260752        0.000000000000        0.000000000000      273.000000000000        0.000000000000
  1      216.000000000000       14.000347260752        0.000000000000        0.000000000000      273.000000000000        0.000000000000
  1      219.000000000000       14.000347260752        0.000000000000        0.000000000000      273.000000000000        0.000000000000
  1      222.000000000000       14.000347260752        0.000000000000        0.000000000000      273.000000000000        0.000000000000
  1      225.000000000000       14.000347260752        0.000000000000        0.000000000000      273.000000000000        0.000000000000
  1      228.000000000000       14.000347260752        0.000000000000        0.000000000000      273.000000000000        0.000000000000
  1      231.000000000000       14.000347260752        0.000000000000        0.000000000000      273.000000000000        0.000000000000
  1      234.000000000000       14.000347260752        0.000000000000        0.000000000000      273.000000000000        0.000000000000
  1      237.000000000000       14.000347260752        0.000000000000        0.000000000000      273.000000000000        0.000000000000
  1      240.000000000000       14.000347260752        0.000000000000        0.000000000000      273.000000000000        0.000000000000
  1      243.000000000000       14.000347260752        0.000000000000        0.000000000000      273.000000000000        0.000000000000
  1      246.000000000000       14.000347260752        0.000000000000        0.000000000000      273.000000000000        0.000000000000
  1      249.000000000000       14.000347260752        0.000000000000        0.000000000000      273.000000000000        0.000000000000
  1      252.000000000000       14.000347260752        0.000000000000        0.000000000000      273.000000000000        0.000000000000
  1      255.000000000000       14.000347260752        0.000000000000        0.000000000000      273.000000000000        0.000000000000
  1      258.000000000000       14.000347260752        0.000000000000        0.000000000000      273.000000000000        0.000000000000
  1      261.000000000000       14.000347260752        0.000000000000        0.000000000000      273.000000000000        0.000000000000
  1      264.000000000000       14.000347260752        0.000000000000        0.000000000000      273.000000000000        0.000000000000
  1      267.000000000000       14.000347260752        0.000000000000        0.000000000000      273.000000000000        0.000000000000
  1      270.000000000000       14.000347260752        0.000000000000        0.000000000000      273.000000000000        0.000000000000
  1      273.000000000000       14.000347260752        0.000000000000        0.000000000000      273.000000000000        0.000000000000
  1      276.000000000000       14.000347260752        0.000000000000        0.000000000000      273.000000000000        0.000000000000
  1      279.000000000000       14.000347260752        0.000000000000        0.000000000000      273.000000000000        0.000000000000
  1      282.000000000000       14.000347260752        0.000000000000        0.000000000000      273.000000000000        0.000000000000
  1      285.000000000000       14.000347260752        0.000000000000        0.000000000000      273.000000000000        0.000000000000
  1      288.000000000000       14.000347260752        0.000000000000        0.000000000000      273.000000000000        0.000000000000
  1      291.000000000000       14.000347260752        0.000000000000        0.000000000000      273.000000000000        0.000000000000
  1      294.000000000000       14.000347260752        0.000000000000        0.000000000000      273.000000000000        0.000000000000
  1      297.000000000000       14.000347260752        0.000000000000        0.000000000000      273.000000000000        0.000000000000
  1      300.000000000000       14.000347260752        0.000000000000        0.000000000000      273.000000000000        0.000000000000
  1      303.000000000000       14.000347260752        0.000000000000        0.000000000000      273.000000000000        0.000000000000
  1      306.000000000000       14.000347260752        0.000000000000        0.000000000000      273.000000000000        0.000000000000
  1      309.000000000000       14.000347260752        0.000000000000        0.000000000000      273.000000000000        0.000000000000
  1      312.000000000000       14.000347260752        0.000000000000        0.000000000000      273.000000000000        0.000000000000
  1      315.000000000000       14.000347260752        0.000000000000        0.000000000000      273.000000000000        0.000000000000
  1      318.000000000000       14.000347260752        0.000000000000        0.000000000000      273.000000000000        0.000000000000
  1      321.000000000000       14.000347260752        0.000000000000        0.000000000000      273.000000000000        0.000000000000
  1      324.000000000000       14.000347260752        0.000000000000        0.000000000000      273.000000000000        0.000000000000
  1      327.000000000000       14.000347260752        0.000000000000        0.000000000000      273.000000000000        0.000000000000
  1      330.000000000000       14.000347260752        0.000000000000        0.000000000000      273.000000000000        0.000000000000
  1      333.000000000000       14.000347260752        0.000000000000        0.000000000000      273.000000000000        0.000000000000
  1      336.000000000000       14.000347260752        0.000000000000        0.000000000000      273.000000000000        0.000000000000
  1      339.000000000000       14.000347260752        0.000000000000        0.000000000000      273.000000000000        0.000000000000
  1      342.000000000000       14.000347260752        0.000000000000        0.000000000000      273.000000000000        0.000000000000
  1      345.000000000000       14.000347260752        0.000000000000        0.000000000000      273.000000000000        0.000000000000
  1      348.000000000000       14.000347260752        0.000000000000        0.000000000000      273.000000000000        0.000000000000
  1      351.000000000000       14.000347260752        0.000000000000        0.000000000000      273.000000000000        0.000000000000
  1      354.000000000000       14.000347260752        0.000000000000        0.000000000000      273.000000000000        0.000000000000
  1      357.000000000000       14.000347260752        0.000000000000        0.000000000000      273.000000000000        0.000000000000
  1      360.000000000000       14.000347260752        0.000000000000        0.000000000000      273.000000000000        0.000000000000
  1      363.000000000000       14.000347260752        0.000000000000        0.000000000000      273.000000000000        0.000000000000
  1      366.000000000000       14.000347260752        0.000000000000        0.000000000000      273.000000000000        0.000000000000
  1      369.000000000000       14.000347260752        0.000000000000        0.000000000000      273.000000000000        0.000000000000
  1      372.000000000000       14.000347260752        0.000000000000        0.000000000000      273.000000000000        0.000000000000
  1      375.000000000000       14.000347260752        0.000000000000        0.000000000000      273.000000000000        0.000000000000
  1      378.000000000000       14.000347260752        0.000000000000        0.000000000000      273.000000000000        0.000000000000
  1      381.000000000000       14.000347260752        0.000000000000        0.000000000000      273.000000000000        0.000000000000
  1      384.000000000000       14.000347260752        0.000000000000        0.000000000000      273.000000000000        0.000000000000
  1      387.000000000000       14.000347260752        0.000000000000        0.000000000000      273.000000000000        0.000000000000
  1      390.000000000000       14.000347260752        0.000000000000        0.000000000000      273.000000000000        0.000000000000
  1      393.000000000000       14.000347260752        0.000000000000        0.000000000000      273.000000000000        0.000000000000
  1      396.000000000000       14.000347260752        0.000000000000        0.000000000000      273.000000000000        0.000000000000
  1      399.000000000000       14.000347260752        0.000000000000        0.000000000000      273.000000000000        0.000000000000
  1      402.000000000000       14.000347260752        0.000000000000        0.000000000000      273.000000000000        0.000000000000
  1      405.000000000000       14.000347260752        0.000000000000        0.000000000000      273.000000000000        0.000000000000
  1      408.000000000000       14.000347260752        0.000000000000        0.000000000000      273.000000000000        0.000000000000
  1      411.000000000000       14.000347260752        0.000000000000        0.000000000000      273.000000000000        0.000000000000
  1      414.000000000000       14.000347260752        0.000000000000        0.000000000000      273.000000000000        0.000000000000
  1      417.000000000000       14.000347260752        0.000000000000        0.000000000000      273.000000000000        0.000000000000
  1      420.000000000000       14.000347260752        0.000000000000        0.000000000000      273.000000000000        0.000000000000
  1      423.000000000000       14.000347260752        0.000000000000        0.000000000000      273.000000000000        0.000000000000
  1      426.000000000000       14.000347260752        0.000000000000        0.000000000000      273.000000000000        0.000000000000
  1      429.000000000000       14.000347260752        0.000000000000        0.000000000000      273.000000000000        0.000000000000
  1      432.000000000000       14.000347260752        0.000000000000        0.000000000000      273.000000000000        0.000000000000
  1      435.000000000000       14.000347260752        0.000000000000        0.000000000000      273.000000000000        0.000000000000
  1      438.000000000000       14.000347260752        0.000000000000        0.000000000000      273.000000000000        0.000000000000
  1      441.000000000000       14.000347260752        0.000000000000        0.000000000000      273.000000000000        0.000000000000
  1      444.000000000000       14.000347260752        0.000000000000        0.000000000000      273.000000000000        0.000000000000
  1      447.000000000000       14.000347260752        0.000000000000        0.000000000000      273.000000000000        0.000000000000
  1      450.000000000000       14.000347260752        0.000000000000        0.000000000000      273.000000000000        0.000000000000
  1      453.000000000000       14.000347260752        0.000000000000        0.000000000000      273.000000000000        0.000000000000
  1      456.000000000000       14.000347260752        0.000000000000        0.000000000000      273.000000000000        0.000000000000
  2      195.000000000000       14.000347260752       -0.383093889057        0.000000000000      272.997848965705        0.000000000000
  2      198.000000000000       14.000347260752       -0.099613640905        0.000000000000      272.999457188325        0.000000000000
  2      201.000000000000       14.000347260752       -0.166987281092        0.000000000000      272.999959702635        0.000000000000
  2      204.000000000000       14.000347260752       -0.208157905247        0.000000000000      272.999998909037        0.000000000000
  2      207.000000000000       14.000347260752       -0.213050818828        0.000000000000      272.999999981411        0.000000000000
  2      210.000000000000       14.000347260752       -0.212355652943        0.000000000000      272.999999999755        0.000000000000
  2      213.000000000000       14.000347260752       -0.210689785145        0.000000000000      273.000000000003        0.000000000000
  2      216.000000000000       14.000347260752       -0.209065626014        0.000000000000      273.000000000006        0.000000000000
  2      219.000000000000       14.000347260752       -0.207838814884        0.000000000000      273.000000000007        0.000000000000
  2      222.000000000000       14.000347260752       -0.207034205194        0.000000000000      273.000000000007        0.000000000000
  2      225.000000000000       14.000347260752       -0.206658578653        0.000000000000      273.000000000006        0.000000000000
  2      228.000000000000       14.000347260752       -0.206705496740        0.000000000000      273.000000000006        0.000000000000
  2      231.000000000000       14.000347260752       -0.207174430645        0.000000000000      273.000000000007        0.000000000000
  2      234.000000000000       14.000347260752       -0.208030006385        0.000000000000      273.000000000006        0.000000000000
  2      237.000000000000       14.000347260752       -0.209276852279        0.000000000000      273.000000000007        0.000000000000
  2      240.000000000000       14.000347260752       -0.210916810403        0.000000000000      273.000000000006        0.000000000000
  2      243.000000000000       14.000347260752       -0.212926057265        0.000000000000      273.000000000006        0.000000000000
  2      246.000000000000       14.000347260752       -0.215288742772        0.000000000000      273.000000000006        0.000000000000
  2      249.000000000000       14.000347260752       -0.217982775993        0.000000000000      273.000000000006        0.000000000000
  2      252.000000000000       14.000347260752       -0.221008261434        0.000000000000      273.000000000007        0.000000000000
  2      255.000000000000       14.000347260752       -0.224335923587        0.000000000000      273.000000000006        0.000000000000
  2      258.000000000000       14.000347260752       -0.227946869400        0.000000000000      273.000000000006        0.000000000000
  2      261.000000000000       14.000347260752       -0.231826598974        0.000000000000      273.000000000005        0.000000000000
  2      264.000000000000       14.000347260752       -0.235954040214        0.000000000000      273.000000000006        0.000000000000
  2      267.000000000000       14.000347260752       -0.240307081573        0.000000000000      273.000000000006        0.000000000000
  2      270.000000000000       14.000347260752       -0.244866567745        0.000000000000      273.000000000005        0.000000000000
  2      273.000000000000       14.000347260752       -0.249605738778        0.000000000000      273.000000000006        0.000000000000
  2      276.000000000000       14.000347260752       -0.254536475735        0.000000000000      273.000000000006        0.000000000000
  2      279.000000000000       14.000347260752       -0.259622604876        0.000000000000      273.000000000006        0.000000000000
  2      282.000000000000       14.000347260752       -0.264772558963        0.000000000000      273.000000000006        0.000000000000
  2      285.000000000000       14.000347260752       -0.270004507934        0.000000000000      273.000000000006        0.000000000000
  2      288.000000000000       14.000347260752       -0.275306410866        0.000000000000      273.000000000007        0.000000000000
  2      291.000000000000       14.000347260752       -0.280695535004        0.000000000000      273.000000000007        0.000000000000
  2      294.000000000000       14.000347260752       -0.286119313899        0.000000000000      273.000000000007        0.000000000000
  2      297.000000000000       14.000347260752       -0.291579663189        0.000000000000      273.000000000006        0.000000000000
  2      300.000000000000       14.000347260752       -0.297021550930        0.000000000000      273.000000000006        0.000000000000
  2      303.000000000000       14.000347260752       -0.302421258659        0.000000000000      273.000000000005        0.000000000000
  2      306.000000000000       14.000347260752       -0.307771389960        0.000000000000      273.000000000005        0.000000000000
  2      309.000000000000       14.000347260752       -0.313043243151        0.000000000000      273.000000000005        0.000000000000
  2      312.000000000000       14.000347260752       -0.318223991487        0.000000000000      273.000000000005        0.000000000000
  2      315.000000000000       14.000347260752       -0.323297903549        0.000000000000      273.000000000006        0.000000000000
  2      318.000000000000       14.000347260752       -0.328246323249        0.000000000000      273.000000000007        0.000000000000
  2      321.000000000000       14.000347260752       -0.333064402748        0.000000000000      273.000000000006        0.000000000000
  2      324.000000000000       14.000347260752       -0.337733832558        0.000000000000      273.000000000007        0.000000000000
  2      327.000000000000       14.000347260752       -0.342200493160        0.000000000000      273.000000000007        0.000000000000
  2      330.000000000000       14.000347260752       -0.346469875893        0.000000000000      273.000000000007        0.000000000000
  2      333.000000000000       14.000347260752       -0.350595427808        0.000000000000      273.000000000007        0.000000000000
  2      336.000000000000       14.000347260752       -0.354526854014        0.000000000000      273.000000000006        0.000000000000
  2      339.000000000000       14.000347260752       -0.358245714535        0.000000000000      273.000000000006        0.000000000000
  2      342.000000000000       14.000347260752       -0.361738968106        0.000000000000      273.000000000006        0.000000000000
  2      345.000000000000       14.000347260752       -0.365008111164        0.000000000000      273.000000000006        0.000000000000
  2      348.000000000000       14.000347260752       -0.368039298049        0.000000000000      273.000000000006        0.000000000000
  2      351.000000000000       14.000347260752       -0.370836162065        0.000000000000      273.000000000006        0.000000000000
  2      354.000000000000       14.000347260752       -0.373402668044        0.000000000000      273.000000000007        0.000000000000
  2      357.000000000000       14.000347260752       -0.375733149535        0.000000000000      273.000000000007        0.000000000000
  2      360.000000000000       14.000347260752       -0.377826190723        0.000000000000      273.000000000008        0.000000000000
  2      363.000000000000       14.000347260752       -0.379677174577        0.000000000000      273.000000000006        0.000000000000
  2      366.000000000000       14.000347260752       -0.381282433815        0.000000000000      273.000000000006        0.000000000000
  2      369.000000000000       14.000347260752       -0.382653835987        0.000000000000      273.000000000007        0.000000000000
  2      372.000000000000       14.000347260752       -0.383761847335        0.000000000000      273.000000000005        0.000000000000
  2      375.000000000000       14.000347260752       -0.384648409825        0.000000000000      273.000000000007        0.000000000000
  2      378.000000000000       14.000347260752       -0.385354170014        0.000000000000      273.000000000006        0.000000000000
  2      381.000000000000       14.000347260752       -0.385839517214        0.000000000000      273.000000000006        0.000000000000
  2      384.000000000000       14.000347260752       -0.386105202680        0.000000000000      273.000000000005        0.000000000000
  2      387.000000000000       14.000347260752       -0.386177747135        0.000000000000      273.000000000006        0.000000000000
  2      390.000000000000       14.000347260752       -0.386064374305        0.000000000000      273.000000000006        0.000000000000
  2      393.000000000000       14.000347260752       -0.385774803234        0.000000000000      273.000000000006        0.000000000000
  2      396.000000000000       14.000347260752       -0.385305972104        0.000000000000      273.000000000006        0.000000000000
  2      399.000000000000       14.000347260752       -0.384692125199        0.000000000000      273.000000000007        0.000000000000
  2      402.000000000000       14.000347260752       -0.383942419243        0.000000000000      273.000000000006        0.000000000000
  2      405.000000000000       14.000347260752       -0.383076633523        0.000000000000      273.000000000006        0.000000000000
  2      408.000000000000       14.000347260752       -0.382103529383        0.000000000000      273.000000000006        0.000000000000
  2      411.000000000000       14.000347260752       -0.381036480203        0.000000000000      273.000000000006        0.000000000000
  2      414.000000000000       14.000347260752       -0.379899760838        0.000000000000      273.000000000005        0.000000000000
  2      417.000000000000       14.000347260752       -0.378702296706        0.000000000000      273.000000000006        0.000000000000
  2      420.000000000000       14.000347260752       -0.377487502126        0.000000000000      273.000000000005        0.000000000000
  2      423.000000000000       14.000347260752       -0.376265851406        0.000000000000      273.000000000006        0.000000000000
  2      426.000000000000       14.000347260752       -0.375050004140        0.000000000000      273.000000000007        0.000000000000
  2      429.000000000000       14.000347260752       -0.373866522274        0.000000000000      273.000000000007        0.000000000000
  2      432.000000000000       14.000347260752       -0.372731386257        0.000000000000      273.000000000006        0.000000000000
  2      435.000000000000       14.000347260752       -0.371665822801        0.000000000000      273.000000000007        0.000000000000
  2      438.000000000000       14.000347260752       -0.370687077534        0.000000000000      273.000000000006        0.000000000000
  2      441.000000000000       14.000347260752       -0.369821438150        0.000000000000      273.000000000006        0.000000000000
  2      444.000000000000       14.000347260752       -0.369069293639        0.000000000000      273.000000000006        0.000000000000
  2      447.000000000000       14.000347260752       -0.368450554199        0.000000000000      273.000000000006        0.000000000000
  2      450.000000000000       14.000347260752       -0.367961290893        0.000000000000      273.000000000007        0.000000000000
  2      453.000000000000       14.000347260752       -0.367993028192        0.000000000000      273.000000000007        0.000000000000
  2      456.000000000000       14.000347260752       -0.390948395789        0.000000000000      273.000000000005        0.000000000000
  3      195.000000000000       14.000347260752        2.469078067440        0.000000000000      272.997048833488        0.000000000000
  3      198.000000000000       14.000347260752       10.658812581959        0.000000000000      272.997679816793        0.000000000000
  3      201.000000000000       14.000347260752       10.644681812163        0.000000000000      272.999475610340        0.000000000000
  3      204.000000000000       14.000347260752       10.640638965735        0.000000000000      272.999926942984        0.000000000000
  3      207.000000000000       14.000347260752       10.605076556402        0.000000000000      272.999995153298        0.000000000000
  3      210.000000000000       14.000347260752       10.503455733976        0.000000000000      272.999999177488        0.000000000000
  3      213.000000000000       14.000347260752       10.312248615872        0.000000000000      272.999999803287        0.000000000000
  3      216.000000000000       14.000347260752       10.034135413366        0.000000000000      272.999999940785        0.000000000000
  3      219.000000000000       14.000347260752        9.675746814156        0.000000000000      272.999999979601        0.000000000000
  3      222.000000000000       14.000347260752        9.251585411738        0.000000000000      272.999999992602        0.000000000000
  3      225.000000000000       14.000347260752        8.776369371486        0.000000000000      272.999999997353        0.000000000000
  3      228.000000000000       14.000347260752        8.266950596494        0.000000000000      272.999999999107        0.000000000000
  3      231.000000000000       14.000347260752        7.740035327895        0.000000000000      272.999999999727        0.000000000000
  3      234.000000000000       14.000347260752        7.210637129185        0.000000000000      272.999999999929        0.000000000000
  3      237.000000000000       14.000347260752        6.690306472743        0.000000000000      272.999999999990        0.000000000000
  3      240.000000000000       14.000347260752        6.189940267068        0.000000000000      273.000000000006        0.000000000000
  3      243.000000000000       14.000347260752        5.714474241227        0.000000000000      273.000000000010        0.000000000000
  3      246.000000000000       14.000347260752        5.271105153590        0.000000000000      273.000000000011        0.000000000000
  3      249.000000000000       14.000347260752        4.860997240785        0.000000000000      273.000000000011        0.000000000000
  3      252.000000000000       14.000347260752        4.484704066691        0.000000000000      273.000000000012        0.000000000000
  3      255.000000000000       14.000347260752        4.141218079026        0.000000000000      273.000000000012        0.000000000000
  3      258.000000000000       14.000347260752        3.830521920209        0.000000000000      273.000000000011        0.000000000000
  3      261.000000000000       14.000347260752        3.549006960443        0.000000000000      273.000000000011        0.000000000000
  3      264.000000000000       14.000347260752        3.294598884434        0.000000000000      273.000000000011        0.000000000000
  3      267.000000000000       14.000347260752        3.065263791517        0.000000000000      273.000000000011        0.000000000000
  3      270.000000000000       14.000347260752        2.858291369560        0.000000000000      273.000000000011        0.000000000000
  3      273.000000000000       14.000347260752        2.671338612342        0.000000000000      273.000000000012        0.000000000000
  3      276.000000000000       14.000347260752        2.502373374933        0.000000000000      273.000000000011        0.000000000000
  3      279.000000000000       14.000347260752        2.349517599564        0.000000000000      273.000000000011        0.000000000000
  3      282.000000000000       14.000347260752        2.211042325746        0.000000000000      273.000000000011        0.000000000000
  3      285.000000000000       14.000347260752        2.085478349616        0.000000000000      273.000000000011        0.000000000000
  3      288.000000000000       14.000347260752        1.971422638627        0.000000000000      273.000000000011        0.000000000000
  3      291.000000000000       14.000347260752        1.867652399013        0.000000000000      273.000000000011        0.000000000000
  3      294.000000000000       14.000347260752        1.773144472241        0.000000000000      273.000000000012        0.000000000000
  3      297.000000000000       14.000347260752        1.686945651732        0.000000000000      273.000000000011        0.000000000000
  3      300.000000000000       14.000347260752        1.608235919933        0.000000000000      273.000000000012        0.000000000000
  3      303.000000000000       14.000347260752        1.536302754846        0.000000000000      273.000000000011        0.000000000000
  3      306.000000000000       14.000347260752        1.470484548972        0.000000000000      273.000000000011        0.000000000000
  3      309.000000000000       14.000347260752        1.410180715798        0.000000000000      273.000000000011        0.000000000000
  3      312.000000000000       14.000347260752        1.354866890070        0.000000000000      273.000000000011        0.000000000000
  3      315.000000000000       14.000347260752        1.304085969523        0.000000000000      273.000000000011        0.000000000000
  3      318.000000000000       14.000347260752        1.257434367843        0.000000000000      273.000000000011        0.000000000000
  3      321.000000000000       14.000347260752        1.214548853734        0.000000000000      273.000000000011        0.000000000000
  3      324.000000000000       14.000347260752        1.175097328507        0.000000000000      273.000000000011        0.000000000000
  3      327.000000000000       14.000347260752        1.138774582958        0.000000000000      273.000000000011        0.000000000000
  3      330.000000000000       14.000347260752        1.105312058413        0.000000000000      273.000000000011        0.000000000000
  3      333.000000000000       14.000347260752        1.074462981604        0.000000000000      273.000000000011        0.000000000000
  3      336.000000000000       14.000347260752        1.045987982029        0.000000000000      273.000000000011        0.000000000000
  3      339.000000000000       14.000347260752        1.019673838296        0.000000000000      273.000000000011        0.000000000000
  3      342.000000000000       14.000347260752        0.995341625073        0.000000000000      273.000000000011        0.000000000000
  3      345.000000000000       14.000347260752        0.972823126661        0.000000000000      273.000000000012        0.000000000000
  3      348.000000000000       14.000347260752        0.951956087028        0.000000000000      273.000000000011        0.000000000000
  3      351.000000000000       14.000347260752        0.932592172565        0.000000000000      273.000000000011        0.000000000000
  3      354.000000000000       14.000347260752        0.914600820214        0.000000000000      273.000000000011        0.000000000000
  3      357.000000000000       14.000347260752        0.897874685087        0.000000000000      273.000000000012        0.000000000000
  3      360.000000000000       14.000347260752        0.882285328652        0.000000000000      273.000000000011        0.000000000000
  3      363.000000000000       14.000347260752        0.867743363199        0.000000000000      273.000000000010        0.000000000000
  3      366.000000000000       14.000347260752        0.854158908012        0.000000000000      273.000000000011        0.000000000000
  3      369.000000000000       14.000347260752        0.841454930660        0.000000000000      273.000000000012        0.000000000000
  3      372.000000000000       14.000347260752        0.829574147475        0.000000000000      273.000000000012        0.000000000000
  3      375.000000000000       14.000347260752        0.818459840974        0.000000000000      273.000000000011        0.000000000000
  3      378.000000000000       14.000347260752        0.808045486065        0.000000000000      273.000000000011        0.000000000000
  3      381.000000000000       14.000347260752        0.798256499016        0.000000000000      273.000000000011        0.000000000000
  3      384.000000000000       14.000347260752        0.789059154124        0.000000000000      273.000000000011        0.000000000000
  3      387.000000000000       14.000347260752        0.780434194566        0.000000000000      273.000000000011        0.000000000000
  3      390.000000000000       14.000347260752        0.772344457147        0.000000000000      273.000000000011        0.000000000000
  3      393.000000000000       14.000347260752        0.764762047302        0.000000000000      273.000000000010        0.000000000000
  3      396.000000000000       14.000347260752        0.757670589501        0.000000000000      273.000000000011        0.000000000000
  3      399.000000000000       14.000347260752        0.751041582988        0.000000000000      273.000000000011        0.000000000000
  3      402.000000000000       14.000347260752        0.744849238821        0.000000000000      273.000000000011        0.000000000000
  3      405.000000000000       14.000347260752        0.739082423062        0.000000000000      273.000000000011        0.000000000000
  3      408.000000000000       14.000347260752        0.733731415505        0.000000000000      273.000000000010        0.000000000000
  3      411.000000000000       14.000347260752        0.728782095037        0.000000000000      273.000000000011        0.000000000000
  3      414.000000000000       14.000347260752        0.724218945261        0.000000000000      273.000000000010        0.000000000000
  3      417.000000000000       14.000347260752        0.720034430689        0.000000000000      273.000000000010        0.000000000000
  3      420.000000000000       14.000347260752        0.716212104362        0.000000000000      273.000000000010        0.000000000000
  3      423.000000000000       14.000347260752        0.712740706598        0.000000000000      273.000000000011        0.000000000000
  3      426.000000000000       14.000347260752        0.709608960083        0.000000000000      273.000000000011        0.000000000000
  3      429.000000000000       14.000347260752        0.706806474705        0.000000000000      273.000000000012        0.000000000000
  3      432.000000000000       14.000347260752        0.704324462260        0.000000000000      273.000000000011        0.000000000000
  3      435.000000000000       14.000347260752        0.702151544883        0.000000000000      273.000000000012        0.000000000000
  3      438.000000000000       14.000347260752        0.700275840735        0.000000000000      273.000000000011        0.000000000000
  3      441.000000000000       14.000347260752        0.698685270180        0.000000000000      273.000000000012        0.000000000000
  3      444.000000000000       14.000347260752        0.697378154072        0.000000000000      273.000000000011        0.000000000000
  3      447.000000000000       14.000347260752        0.696342947885        0.000000000000      273.000000000010        0.000000000000
  3      450.000000000000       14.000347260752        0.695596821623        0.000000000000      273.000000000012        0.000000000000
  3      453.000000000000       14.000347260752        0.694652903297        0.000000000000      273.000000000012        0.000000000000
  3      456.000000000000       14.000347260752        0.646568451742        0.000000000000      273.000000000010        0.000000000000
  4      195.000000000000        1.967795350934        4.891836915954      609.506757829694      798.866140928746        0.000000000000
  4      198.000000000000        1.818040930049       31.317796462386    15374.222754247841      799.455705011729       -0.271151118122
  4      201.000000000000        1.834151137882       35.908062722098    19032.285684351373      799.624086249273       36.355949133340
  4      204.000000000000        2.424205947251       35.491178348089     5017.436454195938      788.351660311339       11.249330899948
  4      207.000000000000        4.229910539329       19.263220506415       37.628176772435      387.361156935686        0.523263978054
  4      210.000000000000        6.077647040192       12.586814916493        0.416277326932      273.824482396576       -0.047425351114
  4      213.000000000000        4.263136920353       18.649914028276       38.374215085337      333.917910305930       -0.055816121526
  4      216.000000000000        3.517726380527       25.807281358942      284.277181950725      568.268929786679       -0.255420509206
  4      219.000000000000        3.366353920218       26.461332352940      386.911867179864      635.869280205169       -0.779281598305
  4      222.000000000000        3.367398003000       26.593566529706      380.198635819985      637.562484056886       -1.099020242217
  4      225.000000000000        3.266426149364       26.645441809356      462.840337663791      661.694051600186     -102.072061348504
  4      228.000000000000        3.195030323847       25.954429115308      496.612631179069      702.339866637972   -45965.574637635393
  4      231.000000000000        3.183076880032       26.689442228142      524.247576126977      710.453663922031        0.120483373899
  4      234.000000000000        3.209766195093       29.874263895830      608.960768131712      702.851422443397        0.326870919856
  4      237.000000000000        3.256602093780       31.646045719341      602.972957696401      679.801126971663        1.537847767164
  4      240.000000000000        3.328286245269       28.192760113574      390.174726353085      664.458432667200        0.023390555529
  4      243.000000000000        3.313134741919       16.601230474325      138.663974507432      664.044020115129        0.025250931593
  4      246.000000000000        3.402311222589       12.301370014618       68.315167375171      606.341167134587        1.153126332587
  4      249.000000000000        3.671918775099        9.742160977890       37.845063264933      478.268094536969        2.056616934384
  4      252.000000000000        4.223758867273        7.633462423316        8.922807580840      325.353285921644        0.278825887642
  4      255.000000000000        4.795326216818        7.129290585129        2.051640640739      285.404032242805       -0.120725509105
  4      258.000000000000        5.758164106567        6.348679967557        0.201093907573      273.233616072562       -0.019796614577
  4      261.000000000000       14.000347260752        5.614839991425        0.000000000000      273.000004234047        0.000000000000
  4      264.000000000000       14.000347260752        4.755604290585        0.000000000000      273.000000079898        0.000000000000
  4      267.000000000000       14.000347260752        3.861858295131        0.000000000000      272.999999913423        0.000000000000
  4      270.000000000000       14.000347260752        2.986876101291        0.000000000000      272.999999952441        0.000000000000
  4      273.000000000000       14.000347260752        2.218300285883        0.000000000000      272.999999979833        0.000000000000
  4      276.000000000000       14.000347260752        1.593827753212        0.000000000000      272.999999993196        0.000000000000
  4      279.000000000000       14.000347260752        1.110187923309        0.000000000000      272.999999998065        0.000000000000
  4      282.000000000000       14.000347260752        0.749175790945        0.000000000000      272.999999999521        0.000000000000
  4      285.000000000000       14.000347260752        0.490295881260        0.000000000000      272.999999999903        0.000000000000
  4      288.000000000000       14.000347260752        0.311579911555        0.000000000000      272.999999999994        0.000000000000
  4      291.000000000000       14.000347260752        0.192585880009        0.000000000000      273.000000000012        0.000000000000
  4      294.000000000000       14.000347260752        0.116877333833        0.000000000000      273.000000000015        0.000000000000
  4      297.000000000000       14.000347260752        0.072142158319        0.000000000000      273.000000000016        0.000000000000
  4      300.000000000000       14.000347260752        0.048712000922        0.000000000000      273.000000000016        0.000000000000
  4      303.000000000000       14.000347260752        0.044068126124        0.000000000000      273.000000000016        0.000000000000
  4      306.000000000000       14.000347260752        0.047259814522        0.000000000000      273.000000000017        0.000000000000
  4      309.000000000000       14.000347260752        0.057369746025        0.000000000000      273.000000000017        0.000000000000
  4      312.000000000000       14.000347260752        0.073042557345        0.000000000000      273.000000000016        0.000000000000
  4      315.000000000000       14.000347260752        0.091044232902        0.000000000000      273.000000000016        0.000000000000
  4      318.000000000000       14.000347260752        0.110585258927        0.000000000000      273.000000000016        0.000000000000
  4      321.000000000000       14.000347260752        0.130878592402        0.000000000000      273.000000000017        0.000000000000
  4      324.000000000000       14.000347260752        0.151297186987        0.000000000000      273.000000000016        0.000000000000
  4      327.000000000000       14.000347260752        0.171437555888        0.000000000000      273.000000000015        0.000000000000
  4      330.000000000000       14.000347260752        0.191055192509        0.000000000000      273.000000000016        0.000000000000
  4      333.000000000000       14.000347260752        0.210041172873        0.000000000000      273.000000000016        0.000000000000
  4      336.000000000000       14.000347260752        0.228253054274        0.000000000000      273.000000000016        0.000000000000
  4      339.000000000000       14.000347260752        0.245659796610        0.000000000000      273.000000000016        0.000000000000
  4      342.000000000000       14.000347260752        0.262253086989        0.000000000000      273.000000000017        0.000000000000
  4      345.000000000000       14.000347260752        0.278042496310        0.000000000000      273.000000000017        0.000000000000
  4      348.000000000000       14.000347260752        0.293064764951        0.000000000000      273.000000000017        0.000000000000
  4      351.000000000000       14.000347260752        0.307363962307        0.000000000000      273.000000000016        0.000000000000
  4      354.000000000000       14.000347260752        0.320979242953        0.000000000000      273.000000000017        0.000000000000
  4      357.000000000000       14.000347260752        0.333946690815        0.000000000000      273.000000000016        0.000000000000
  4      360.000000000000       14.000347260752        0.346301513598        0.000000000000      273.000000000017        0.000000000000
  4      363.000000000000       14.000347260752        0.358074848771        0.000000000000      273.000000000016        0.000000000000
  4      366.000000000000       14.000347260752        0.369294411852        0.000000000000      273.000000000016        0.000000000000
  4      369.000000000000       14.000347260752        0.379986094507        0.000000000000      273.000000000016        0.000000000000
  4      372.000000000000       14.000347260752        0.390179417443        0.000000000000      273.000000000016        0.000000000000
  4      375.000000000000       14.000347260752        0.399905908048        0.000000000000      273.000000000015        0.000000000000
  4      378.000000000000       14.000347260752        0.409180328018        0.000000000000      273.000000000015        0.000000000000
  4      381.000000000000       14.000347260752        0.418004834403        0.000000000000      273.000000000016        0.000000000000
  4      384.000000000000       14.000347260752        0.426391355231        0.000000000000      273.000000000015        0.000000000000
  4      387.000000000000       14.000347260752        0.434367078237        0.000000000000      273.000000000016        0.000000000000
  4      390.000000000000       14.000347260752        0.441948354063        0.000000000000      273.000000000015        0.000000000000
  4      393.000000000000       14.000347260752        0.449150099072        0.000000000000      273.000000000016        0.000000000000
  4      396.000000000000       14.000347260752        0.455991619938        0.000000000000      273.000000000016        0.000000000000
  4      399.000000000000       14.000347260752        0.462484522642        0.000000000000      273.000000000016        0.000000000000
  4      402.000000000000       14.000347260752        0.468632761296        0.000000000000      273.000000000016        0.000000000000
  4      405.000000000000       14.000347260752        0.474442849993        0.000000000000      273.000000000017        0.000000000000
  4      408.000000000000       14.000347260752        0.479925799772        0.000000000000      273.000000000016        0.000000000000
  4      411.000000000000       14.000347260752        0.485091358211        0.000000000000      273.000000000015        0.000000000000
  4      414.000000000000       14.000347260752        0.489946735289        0.000000000000      273.000000000014        0.000000000000
  4      417.000000000000       14.000347260752        0.494496725103        0.000000000000      273.000000000014        0.000000000000
  4      420.000000000000       14.000347260752        0.498739912861        0.000000000000      273.000000000016        0.000000000000
  4      423.000000000000       14.000347260752        0.502671629638        0.000000000000      273.000000000014        0.000000000000
  4      426.000000000000       14.000347260752        0.506292156662        0.000000000000      273.000000000015        0.000000000000
  4      429.000000000000       14.000347260752        0.509601929962        0.000000000000      273.000000000017        0.000000000000
  4      432.000000000000       14.000347260752        0.512599420450        0.000000000000      273.000000000016        0.000000000000
  4      435.000000000000       14.000347260752        0.515280570947        0.000000000000      273.000000000016        0.000000000000
  4      438.000000000000       14.000347260752        0.517639990859        0.000000000000      273.000000000016        0.000000000000
  4      441.000000000000       14.000347260752        0.519669068458        0.000000000000      273.000000000016        0.000000000000
  4      444.000000000000       14.000347260752        0.521369016253        0.000000000000      273.000000000016        0.000000000000
  4      447.000000000000       14.000347260752        0.522735789989        0.000000000000      273.000000000016        0.000000000000
  4      450.000000000000       14.000347260752        0.523799717958        0.000000000000      273.000000000015        0.000000000000
  4      453.000000000000       14.000347260752        0.523980635263        0.000000000000      273.000000000016        0.000000000000
  4      456.000000000000       14.000347260752        0.495948244296        0.000000000000      273.000000000015        0.000000000000
  5      195.000000000000        1.215323376969        3.759004548812     2135.341975102466      799.924436124754        0.000000000000
  5      198.000000000000        1.112742895009       28.188170184500    63652.052709014752      799.943958148871       -1.541988887972
  5      201.000000000000        1.107507466525       32.922039982017    85676.631815246248      799.956322191212       63.820729819251
  5      204.000000000000        1.566433162515       33.348832917633    32947.876316496950      799.961282661049     2865.090504860052
  5      207.000000000000        2.353665829842       29.529045926899     4610.169938852764      780.262460238883        3.188368514373
  5      210.000000000000        3.980181196862        3.234156519070       17.237459998110      360.693820568567        0.540753998061
  5      213.000000000000        4.070006041289        2.693996675667       10.854841899613      357.518172878224       24.980082867651
  5      216.000000000000        3.863925184784        8.433901031110       28.212257847239      412.365768902142       -0.006619415440
  5      219.000000000000        3.870583484860       17.566474372695       53.700897376397      414.761201276639        0.005378335798
  5      222.000000000000        3.838254369550       20.092404892186       70.869398459334      441.007726338797        0.075588769738
  5      225.000000000000        3.853047309232       17.275905042346       52.978013461932      444.486767243777        0.101924157901
  5      228.000000000000        4.059951946365       13.292242394669       22.162525510921      385.507228342464        0.019853172526
  5      231.000000000000        4.179832723793        9.587646495453       12.662630739226      355.660287349608       -0.021992635394
  5      234.000000000000        4.428350204745        6.569196684211        6.380779437960      317.536486841693       -0.111725183243
  5      237.000000000000        5.097683491390        6.136223473641        1.412415800720      281.406662978791       -1.568316875466
  5      240.000000000000        5.521829455922        6.551644863773        0.586620782591      275.184824911567      -13.619469046984
  5      243.000000000000        5.680934532105        6.543106284281        0.415651222661      274.314359535159     -411.546062874122
  5      246.000000000000        4.928787378613        6.064967690541        2.150392260138      276.498859014534       94.858053934869
  5      249.000000000000        4.220863681132        6.319474260219        9.751819378624      322.500170686182        0.904439810406
  5      252.000000000000        3.916189485150        7.522549386104       19.777820183046      393.938109578847       -0.022350878243
  5      255.000000000000        3.833666948269        7.913397210189       24.878857342379      429.884474801181        6.800157708763
  5      258.000000000000        3.853309299876        6.720538905366       22.155001435164      427.978189642363        0.099891537759
  5      261.000000000000        4.050150486256        4.476638305599       13.681767780029      361.607805571730       -0.054595149504
  5      264.000000000000        4.252776681180        1.830134369583        8.451634432204      313.556756336866       -0.107564867031
  5      267.000000000000        4.412022030454       -0.741904316868        4.977493127955      294.488015383761        0.008073350147
  5      270.000000000000        4.701650953057       -2.447657763751        2.076477555225      285.542667777512        0.135197187330
  5      273.000000000000        5.158249082587       -3.395483704581        0.536071045482      278.359373191390        0.099987050209
  5      276.000000000000        5.695278649009       -3.796860556047        0.118360361959      274.405714474522       -0.311911322014
  5      279.000000000000        6.522609370097       -3.838851346407        0.004816411604      273.176065704784       -0.167744075249
  5      282.000000000000       14.000347260752       -3.258106405622        0.000000000000      273.000758869442        0.000000000000
  5      285.000000000000       14.000347260752       -3.012064139257        0.000000000000      273.000000131705        0.000000000000
  5      288.000000000000       14.000347260752       -2.835933200932        0.000000000000      273.000000000236        0.000000000000
  5      291.000000000000       14.000347260752       -2.602979372066        0.000000000000      273.000000000030        0.000000000000
  5      294.000000000000       14.000347260752       -2.370218500914        0.000000000000      273.000000000020        0.000000000000
  5      297.000000000000       14.000347260752       -2.186949326090        0.000000000000      273.000000000020        0.000000000000
  5      300.000000000000       14.000347260752       -2.028183175174        0.000000000000      273.000000000021        0.000000000000
  5      303.000000000000       14.000347260752       -1.893079018589        0.000000000000      273.000000000021        0.000000000000
  5      306.000000000000       14.000347260752       -1.778743015264        0.000000000000      273.000000000021        0.000000000000
  5      309.000000000000       14.000347260752       -1.680961319360        0.000000000000      273.000000000020        0.000000000000
  5      312.000000000000       14.000347260752       -1.597885707694        0.000000000000      273.000000000021        0.000000000000
  5      315.000000000000       14.000347260752       -1.526865784613        0.000000000000      273.000000000021        0.000000000000
  5      318.000000000000       14.000347260752       -1.465538208940        0.000000000000      273.000000000020        0.000000000000
  5      321.000000000000       14.000347260752       -1.412492119814        0.000000000000      273.000000000021        0.000000000000
  5      324.000000000000       14.000347260752       -1.366346685715        0.000000000000      273.000000000020        0.000000000000
  5      327.000000000000       14.000347260752       -1.326109389024        0.000000000000      273.000000000020        0.000000000000
  5      330.000000000000       14.000347260752       -1.290820928891        0.000000000000      273.000000000020        0.000000000000
  5      333.000000000000       14.000347260752       -1.259793793136        0.000000000000      273.000000000020        0.000000000000
  5      336.000000000000       14.000347260752       -1.232404953324        0.000000000000      273.000000000021        0.000000000000
  5      339.000000000000       14.000347260752       -1.208158089284        0.000000000000      273.000000000021        0.000000000000
  5      342.000000000000       14.000347260752       -1.186644578324        0.000000000000      273.000000000020        0.000000000000
  5      345.000000000000       14.000347260752       -1.167525930043        0.000000000000      273.000000000020        0.000000000000
  5      348.000000000000       14.000347260752       -1.150500933748        0.000000000000      273.000000000020        0.000000000000
  5      351.000000000000       14.000347260752       -1.135305900162        0.000000000000      273.000000000019        0.000000000000
  5      354.000000000000       14.000347260752       -1.121722518446        0.000000000000      273.000000000020        0.000000000000
  5      357.000000000000       14.000347260752       -1.109554718325        0.000000000000      273.000000000020        0.000000000000
  5      360.000000000000       14.000347260752       -1.098651578375        0.000000000000      273.000000000020        0.000000000000
  5      363.000000000000       14.000347260752       -1.088876032628        0.000000000000      273.000000000020        0.000000000000
  5      366.000000000000       14.000347260752       -1.080099640425        0.000000000000      273.000000000020        0.000000000000
  5      369.000000000000       14.000347260752       -1.072213336392        0.000000000000      273.000000000020        0.000000000000
  5      372.000000000000       14.000347260752       -1.065111703208        0.000000000000      273.000000000020        0.000000000000
  5      375.000000000000       14.000347260752       -1.058700784029        0.000000000000      273.000000000019        0.000000000000
  5      378.000000000000       14.000347260752       -1.052925116950        0.000000000000      273.000000000019        0.000000000000
  5      381.000000000000       14.000347260752       -1.047728446335        0.000000000000      273.000000000020        0.000000000000
  5      384.000000000000       14.000347260752       -1.043056844362        0.000000000000      273.000000000020        0.000000000000
  5      387.000000000000       14.000347260752       -1.038846028442        0.000000000000      273.000000000020        0.000000000000
  5      390.000000000000       14.000347260752       -1.035048615958        0.000000000000      273.000000000020        0.000000000000
  5      393.000000000000       14.000347260752       -1.031615580579        0.000000000000      273.000000000020        0.000000000000
  5      396.000000000000       14.000347260752       -1.028503735389        0.000000000000      273.000000000019        0.000000000000
  5      399.000000000000       14.000347260752       -1.025678147695        0.000000000000      273.000000000019        0.000000000000
  5      402.000000000000       14.000347260752       -1.023108652964        0.000000000000      273.000000000020        0.000000000000
  5      405.000000000000       14.000347260752       -1.020770880588        0.000000000000      273.000000000021        0.000000000000
  5      408.000000000000       14.000347260752       -1.018643207936        0.000000000000      273.000000000020        0.000000000000
  5      411.000000000000       14.000347260752       -1.016704868082        0.000000000000      273.000000000019        0.000000000000
  5      414.000000000000       14.000347260752       -1.014930799968        0.000000000000      273.000000000019        0.000000000000
  5      417.000000000000       14.000347260752       -1.013299034131        0.000000000000      273.000000000019        0.000000000000
  5      420.000000000000       14.000347260752       -1.011803180459        0.000000000000      273.000000000020        0.000000000000
  5      423.000000000000       14.000347260752       -1.010441821439        0.000000000000      273.000000000019        0.000000000000
  5      426.000000000000       14.000347260752       -1.009204916303        0.000000000000      273.000000000020        0.000000000000
  5      429.000000000000       14.000347260752       -1.008082287057        0.000000000000      273.000000000019        0.000000000000
  5      432.000000000000       14.000347260752       -1.007070440538        0.000000000000      273.000000000020        0.000000000000
  5      435.000000000000       14.000347260752       -1.006168994019        0.000000000000      273.000000000019        0.000000000000
  5      438.000000000000       14.000347260752       -1.005377558185        0.000000000000      273.000000000019        0.000000000000
  5      441.000000000000       14.000347260752       -1.004699653395        0.000000000000      273.000000000021        0.000000000000
  5      444.000000000000       14.000347260752       -1.004133156594        0.000000000000      273.000000000021        0.000000000000
  5      447.000000000000       14.000347260752       -1.003678356280        0.000000000000      273.000000000021        0.000000000000
  5      450.000000000000       14.000347260752       -1.003300020888        0.000000000000      273.000000000019        0.000000000000
  5      453.000000000000       14.000347260752       -1.003613949223        0.000000000000      273.000000000020        0.000000000000
  5      456.000000000000       14.000347260752       -0.999504922620        0.000000000000      273.000000000019        0.000000000000
  6      195.000000000000        0.755172936938        3.899802146856     8224.580634829003      799.969045479813        0.000000000000
  6      198.000000000000        0.735423214804       23.492082294636   109694.247491738410      799.971640534003        6.729702208829
  6      201.000000000000        0.946563988225       31.266789858942   112181.906193171788      799.974390052914       86.773599288458
  6      204.000000000000        1.473519321546       33.116722873548    39743.967998249973      799.903191827098     6521.157784944162
  6      207.000000000000        2.179246382920       26.769783608222     5689.032447823946      788.648393095714        3.608348305651
  6      210.000000000000        3.981243668756        3.048241821788        5.518777390298      362.748313446260        0.780544924480
  6      213.000000000000        4.702374318260        1.839423648082        0.316050084125      291.555468238635        0.348515377352
  6      216.000000000000        4.884852130888        2.042831781414        0.223028204009      284.917714426933       -0.119169294791
  6      219.000000000000        5.194966585612        3.159070619120        0.140783070509      279.225683601495       -0.079138399701
  6      222.000000000000        5.224887761109        3.476260295922        0.113080583001      278.862825267617        4.186465994723
  6      225.000000000000        4.841701484438        3.486891772274        0.360569599505      288.184319082902        0.459792766399
  6      228.000000000000        4.614471083174        1.706540797153        0.547585831070      299.058327107535        0.097069820492
  6      231.000000000000        4.465257837235        0.457036878867        0.527018997878      309.234584828382        0.026343713058
  6      234.000000000000        4.465988235904        0.323037876067        0.281922698070      307.838906800114     -151.720755493681
  6      237.000000000000        4.724229130213        0.749642849856        0.123103669153      288.132199566186       -1.284834644565
  6      240.000000000000        4.698471762001        0.955942283154        0.043342943872      287.468736656996       -0.628283773619
  6      243.000000000000        4.340431433340        0.996737432778        0.061576777481      305.701395314922     -280.047904343934
  6      246.000000000000        4.230263213635        0.452021781070        0.192478414622      317.513342099402       -0.016284938288
  6      249.000000000000        4.144412986603       -0.276129575044        0.286740801620      329.077974209129        0.064674235687
  6      252.000000000000        4.206297120837        0.307948534652        0.020896761579      322.637402536252        1.703837869588
  6      255.000000000000        4.658958832040        1.010024002736        0.201570104648      291.311442211490        0.009920112437
  6      258.000000000000        5.083194042810        1.609874650308        0.112368640940      279.347948694985       -0.055347483112
  6      261.000000000000        6.491295887397        1.410822046020        0.003598436656      273.110597329574       -8.379272622276
  6      264.000000000000        4.486351750593        0.213386213963        0.415576722341      288.094924019836       -0.111152503429
  6      267.000000000000        4.046068268968        0.341764141802        1.532019915924      346.138549017621        1.683483605239
  6      270.000000000000        3.971268476848        0.418700598337        2.587943571478      371.562615575470        4.029418830279
  6      273.000000000000        4.043207456439       -0.760246286255        3.106717515495      351.900913074412       -0.276846515988
  6      276.000000000000        4.220436258283       -1.647723937867        3.263685015924      314.702816420141       -0.116710612925
  6      279.000000000000        4.331807206174       -2.642398804729        3.697284950004      303.161702877529        0.199431218155
  6      282.000000000000        4.324633242038       -3.834747946502        4.396524346237      312.200464119115        0.367553322525
  6      285.000000000000        4.263385831392       -4.804380572153        4.917917705102      328.242150670388        0.237254695161
  6      288.000000000000        4.250989750070       -5.965767635947        4.781474875476      332.869649444127       -0.038714964615
  6      291.000000000000        4.328725344805       -6.588179384847        3.826679235173      319.833246771963       -2.758797812052
  6      294.000000000000        4.489279253392       -6.765844608580        2.442241687966      299.167370479398       -1.846863067783
  6      297.000000000000        4.942210778806       -5.785205788473        0.662022741839      280.151087506724       -0.078249291893
  6      300.000000000000        7.082946873338       -4.435824002533        0.002299740440      273.003907764752        0.029077546547
  6      303.000000000000       14.000347260752       -3.650845612844        0.000000000000      273.000000007655        0.000000000000
  6      306.000000000000       14.000347260752       -3.195212999772        0.000000000000      273.000000001428        0.000000000000
  6      309.000000000000       14.000347260752       -2.833702056295        0.000000000000      273.000000000243        0.000000000000
  6      312.000000000000       14.000347260752       -2.562833421874        0.000000000000      273.000000000041        0.000000000000
  6      315.000000000000       14.000347260752       -2.367354929092        0.000000000000      273.000000000025        0.000000000000
  6      318.000000000000       14.000347260752       -2.223142543833        0.000000000000      273.000000000025        0.000000000000
  6      321.000000000000       14.000347260752       -2.112899908518        0.000000000000      273.000000000025        0.000000000000
  6      324.000000000000       14.000347260752       -2.026299579004        0.000000000000      273.000000000024        0.000000000000
  6      327.000000000000       14.000347260752       -1.955836916836        0.000000000000      273.000000000024        0.000000000000
  6      330.000000000000       14.000347260752       -1.897017441994        0.000000000000      273.000000000024        0.000000000000
  6      333.000000000000       14.000347260752       -1.847104334092        0.000000000000      273.000000000024        0.000000000000
  6      336.000000000000       14.000347260752       -1.803495190823        0.000000000000      273.000000000024        0.000000000000
  6      339.000000000000       14.000347260752       -1.764787488843        0.000000000000      273.000000000024        0.000000000000
  6      342.000000000000       14.000347260752       -1.730290051675        0.000000000000      273.000000000024        0.000000000000
  6      345.000000000000       14.000347260752       -1.699336837579        0.000000000000      273.000000000024        0.000000000000
  6      348.000000000000       14.000347260752       -1.671464294298        0.000000000000      273.000000000024        0.000000000000
  6      351.000000000000       14.000347260752       -1.646390579983        0.000000000000      273.000000000024        0.000000000000
  6      354.000000000000       14.000347260752       -1.623862271000        0.000000000000      273.000000000024        0.000000000000
  6      357.000000000000       14.000347260752       -1.603659742976        0.000000000000      273.000000000023        0.000000000000
  6      360.000000000000       14.000347260752       -1.585593880657        0.000000000000      273.000000000023        0.000000000000
  6      363.000000000000       14.000347260752       -1.569493929793        0.000000000000      273.000000000024        0.000000000000
  6      366.000000000000       14.000347260752       -1.555188629854        0.000000000000      273.000000000025        0.000000000000
  6      369.000000000000       14.000347260752       -1.542515240324        0.000000000000      273.000000000024        0.000000000000
  6      372.000000000000       14.000347260752       -1.531304234517        0.000000000000      273.000000000023        0.000000000000
  6      375.000000000000       14.000347260752       -1.521406839868        0.000000000000      273.000000000023        0.000000000000
  6      378.000000000000       14.000347260752       -1.512706114846        0.000000000000      273.000000000023        0.000000000000
  6      381.000000000000       14.000347260752       -1.505070502053        0.000000000000      273.000000000024        0.000000000000
  6      384.000000000000       14.000347260752       -1.498382067679        0.000000000000      273.000000000023        0.000000000000
  6      387.000000000000       14.000347260752       -1.492512335473        0.000000000000      273.000000000024        0.000000000000
  6      390.000000000000       14.000347260752       -1.487356209294        0.000000000000      273.000000000025        0.000000000000
  6      393.000000000000       14.000347260752       -1.482816529820        0.000000000000      273.000000000023        0.000000000000
  6      396.000000000000       14.000347260752       -1.478808912426        0.000000000000      273.000000000024        0.000000000000
  6      399.000000000000       14.000347260752       -1.475258162145        0.000000000000      273.000000000023        0.000000000000
  6      402.000000000000       14.000347260752       -1.472102482538        0.000000000000      273.000000000023        0.000000000000
  6      405.000000000000       14.000347260752       -1.469291928219        0.000000000000      273.000000000024        0.000000000000
  6      408.000000000000       14.000347260752       -1.466781068530        0.000000000000      273.000000000023        0.000000000000
  6      411.000000000000       14.000347260752       -1.464528882190        0.000000000000      273.000000000023        0.000000000000
  6      414.000000000000       14.000347260752       -1.462497276508        0.000000000000      273.000000000023        0.000000000000
  6      417.000000000000       14.000347260752       -1.460655101404        0.000000000000      273.000000000023        0.000000000000
  6      420.000000000000       14.000347260752       -1.458987517137        0.000000000000      273.000000000022        0.000000000000
  6      423.000000000000       14.000347260752       -1.457484216238        0.000000000000      273.000000000023        0.000000000000
  6      426.000000000000       14.000347260752       -1.456129050706        0.000000000000      273.000000000024        0.000000000000
  6      429.000000000000       14.000347260752       -1.454908217970        0.000000000000      273.000000000024        0.000000000000
  6      432.000000000000       14.000347260752       -1.453814976502        0.000000000000      273.000000000023        0.000000000000
  6      435.000000000000       14.000347260752       -1.452846017147        0.000000000000      273.000000000024        0.000000000000
  6      438.000000000000       14.000347260752       -1.451999602842        0.000000000000      273.000000000022        0.000000000000
  6      441.000000000000       14.000347260752       -1.451277569547        0.000000000000      273.000000000024        0.000000000000
  6      444.000000000000       14.000347260752       -1.450677617072        0.000000000000      273.000000000024        0.000000000000
  6      447.000000000000       14.000347260752       -1.450195344556        0.000000000000      273.000000000024        0.000000000000
  6      450.000000000000       14.000347260752       -1.449809339300        0.000000000000      273.000000000023        0.000000000000
  6      453.000000000000       14.000347260752       -1.450084833179        0.000000000000      273.000000000025        0.000000000000
  6      456.000000000000       14.000347260752       -1.433874324758        0.000000000000      273.000000000025        0.000000000000
  7      195.000000000000        0.677500083812        2.327575998954     5255.851990784810      799.969234557717        0.000000000000
  7      198.000000000000        0.712215422596       21.344855603515    95477.327443061833      799.969932238338       12.280301716768
  7      201.000000000000        0.895441633189       25.798873523424    89670.283305651945      799.971127421811      253.908772210307
  7      204.000000000000        1.411203491299       26.246479351466    28470.586634782474      799.971859953399   259652.487135724718
  7      207.000000000000        2.122989043811       24.334140622080     4688.664055601398      791.768906213712       15.180164849633
  7      210.000000000000        2.843615104761        9.977016540916      550.594828383333      733.927343931686        1.528077207715
  7      213.000000000000        3.004939868434        5.985405310555      549.423770460483      733.498849376031        1.546011820201
  7      216.000000000000        3.101460444680        4.814964731554      211.933522219647      721.067016393566        2.504983803104
  7      219.000000000000        3.185657507920        6.765446675004       42.926209633656      679.228601156660        4.413862782568
  7      222.000000000000        4.030342046994        8.999998707415       10.668539900658      376.894117693293        4.420967201359
  7      225.000000000000        4.402388035490        8.515672370158        3.958730214323      303.817073730465       -0.073357053543
  7      228.000000000000        4.237766544590        4.281401544021        2.748031088152      316.795820576010       -0.028831307861
  7      231.000000000000        5.026392841498        1.628731866170        0.316573016522      278.481428848380        1.606345768425
  7      234.000000000000        6.381893892841        2.196647982832        0.013154897182      273.153021249251        0.737442478117
  7      237.000000000000        5.964903667793        2.552745106273        0.035388842567      273.867850237011       42.882583415454
  7      240.000000000000        5.491056011546        2.651373728299        0.091524706528      275.363617332324        4.529345526278
  7      243.000000000000        5.418375421251        2.760535122961        0.098554129817      275.769859561204        2.657819710325
  7      246.000000000000        5.446185779261        2.796538577099        0.086846040866      275.680107736489      -22.378248481996
  7      249.000000000000        5.292972596408        2.696974841805        0.109551471133      276.376305200674       -5.797267022867
  7      252.000000000000        5.297270440482        2.455229933277        0.099266059795      276.037062918200      -31.937810211128
  7      255.000000000000        5.331798548805        2.398840636654        0.088955161304      275.760859464695        0.790990774698
  7      258.000000000000        5.263896785462        2.862158249490        0.110754475798      276.410309734831        0.242537212481
  7      261.000000000000        5.665753387211        3.240186438215        0.048610033316      274.349589939127        0.128906645865
  7      264.000000000000        6.563518789188        3.466641375708        0.005693209056      273.118885026588        0.049880662561
  7      267.000000000000        6.885688287370        3.822431553251        0.003311934017      273.055266247907        0.030670420124
  7      270.000000000000        7.611979660684        4.295805310297        0.000437278192      273.012632646827        0.026704524072
  7      273.000000000000       14.000347260752        4.567864865183        0.000000000000      273.004019429292        0.000000000000
  7      276.000000000000        6.313738553879        3.581227555162        0.018707969128      273.160280218823        0.285917383579
  7      279.000000000000        5.252917291354        2.035876658321        0.157101113303      276.860959967379        2.956611261017
  7      282.000000000000        5.134395758085        2.189435643018        0.225353342231      278.191135954082        0.470773572300
  7      285.000000000000        4.780089603268        2.996757835507        0.626039678827      286.131725124365      127.638859361477
  7      288.000000000000        4.469517864565        3.613979769426        1.504644315729      309.391129233318        9.322962525997
  7      291.000000000000        4.293062707849        3.626994476727        2.288679955620      335.264510666919        1.336976968316
  7      294.000000000000        4.165787659391        2.832028151368        3.119504016841      359.567984346829        0.033597179351
  7      297.000000000000        4.127540330031        1.051408563109        4.152212306335      362.915778923830       -0.070855226533
  7      300.000000000000        4.164399667276        0.548605640810        4.249501075751      352.980537134450       -0.614788918496
  7      303.000000000000        4.304636522389        0.888289772069        3.415749252686      323.878658886025       -2.208315454630
  7      306.000000000000        4.530280907858        0.721736890869        2.621171448515      298.554424087643       -0.826408153919
  7      309.000000000000        4.567845105071       -0.775114385755        3.053532931042      296.205848388717       -0.087580407628
  7      312.000000000000        4.545717022984       -3.817974486320        4.840829222195      297.436710423348        0.020907853843
  7      315.000000000000        4.509292570954       -3.893442667312        6.166169334019      299.832343771630        0.623929953637
  7      318.000000000000        4.421572255552       -2.328562256895        7.012673683895      307.187561582167        0.092974063057
  7      321.000000000000        4.422998788584        2.162183030260        4.207772925831      307.068841649693       -1.634710936879
  7      324.000000000000        4.607513130851        5.583851504258        1.410678010314      293.642488184444       -0.266118912377
  7      327.000000000000        4.794550105838        2.728350609379        0.235014033168      286.203729072297       -0.098074915380
  7      330.000000000000        4.961059422256       -1.229767856247        0.027426332122      281.771997724810       -0.301672439426
  7      333.000000000000        5.981416909521       -1.083966248274        0.001366850866      273.931685722928       -0.662096054452
  7      336.000000000000       14.000347260752       -0.339564035415        0.000000000000      273.000141212485        0.000000000000
  7      339.000000000000       14.000347260752       -0.057741697230        0.000000000000      273.000000000100        0.000000000000
  7      342.000000000000       14.000347260752        0.012663052159        0.000000000000      273.000000000033        0.000000000000
  7      345.000000000000       14.000347260752        0.029299926148        0.000000000000      273.000000000028        0.000000000000
  7      348.000000000000       14.000347260752        0.024942447913        0.000000000000      273.000000000030        0.000000000000
  7      351.000000000000       14.000347260752        0.015225836444        0.000000000000      273.000000000029        0.000000000000
  7      354.000000000000       14.000347260752        0.007557500762        0.000000000000      273.000000000029        0.000000000000
  7      357.000000000000       14.000347260752        0.004459969135        0.000000000000      273.000000000028        0.000000000000
  7      360.000000000000       14.000347260752        0.006576329679        0.000000000000      273.000000000027        0.000000000000
  7      363.000000000000       14.000347260752        0.013754468578        0.000000000000      273.000000000029        0.000000000000
  7      366.000000000000       14.000347260752        0.024921885403        0.000000000000      273.000000000029        0.000000000000
  7      369.000000000000       14.000347260752        0.038917158346        0.000000000000      273.000000000028        0.000000000000
  7      372.000000000000       14.000347260752        0.054481080909        0.000000000000      273.000000000028        0.000000000000
  7      375.000000000000       14.000347260752        0.070523305862        0.000000000000      273.000000000028        0.000000000000
  7      378.000000000000       14.000347260752        0.086060337535        0.000000000000      273.000000000027        0.000000000000
  7      381.000000000000       14.000347260752        0.100272519706        0.000000000000      273.000000000028        0.000000000000
  7      384.000000000000       14.000347260752        0.112533974629        0.000000000000      273.000000000028        0.000000000000
  7      387.000000000000       14.000347260752        0.122462788196        0.000000000000      273.000000000028        0.000000000000
  7      390.000000000000       14.000347260752        0.129859340157        0.000000000000      273.000000000029        0.000000000000
  7      393.000000000000       14.000347260752        0.134531685842        0.000000000000      273.000000000028        0.000000000000
  7      396.000000000000       14.000347260752        0.136722384835        0.000000000000      273.000000000027        0.000000000000
  7      399.000000000000       14.000347260752        0.136615079456        0.000000000000      273.000000000027        0.000000000000
  7      402.000000000000       14.000347260752        0.134404209432        0.000000000000      273.000000000028        0.000000000000
  7      405.000000000000       14.000347260752        0.130525811927        0.000000000000      273.000000000029        0.000000000000
  7      408.000000000000       14.000347260752        0.125248643057        0.000000000000      273.000000000028        0.000000000000
  7      411.000000000000       14.000347260752        0.118954669306        0.000000000000      273.000000000028        0.000000000000
  7      414.000000000000       14.000347260752        0.111964742593        0.000000000000      273.000000000029        0.000000000000
  7      417.000000000000       14.000347260752        0.104572988095        0.000000000000      273.000000000027        0.000000000000
  7      420.000000000000       14.000347260752        0.097026877136        0.000000000000      273.000000000027        0.000000000000
  7      423.000000000000       14.000347260752        0.089538457748        0.000000000000      273.000000000027        0.000000000000
  7      426.000000000000       14.000347260752        0.082287002785        0.000000000000      273.000000000029        0.000000000000
  7      429.000000000000       14.000347260752        0.075417481879        0.000000000000      273.000000000027        0.000000000000
  7      432.000000000000       14.000347260752        0.069039899884        0.000000000000      273.000000000027        0.000000000000
  7      435.000000000000       14.000347260752        0.063237737657        0.000000000000      273.000000000028        0.000000000000
  7      438.000000000000       14.000347260752        0.058072353493        0.000000000000      273.000000000026        0.000000000000
  7      441.000000000000       14.000347260752        0.053585465720        0.000000000000      273.000000000029        0.000000000000
  7      444.000000000000       14.000347260752        0.049809329004        0.000000000000      273.000000000029        0.000000000000
  7      447.000000000000       14.000347260752        0.046769497513        0.000000000000      273.000000000027        0.000000000000
  7      450.000000000000       14.000347260752        0.044501320886        0.000000000000      273.000000000028        0.000000000000
  7      453.000000000000       14.000347260752        0.042524590131        0.000000000000      273.000000000029        0.000000000000
  7      456.000000000000       14.000347260752        0.077931938406        0.000000000000      273.000000000028        0.000000000000
  8      195.000000000000        0.635947785787        2.632849123129     7297.779576561702      799.967564615599        0.000000000000
  8      198.000000000000        0.741505684620       20.305679743430    82564.316471509897      799.966393212046       21.492266204281
  8      201.000000000000        1.084076990446       25.788847586333    59972.034740033632      799.963169463135      226.644226854798
  8      204.000000000000        1.789797386599       25.648026763959    11733.062282153422      793.790715316959       68.942840175571
  8      207.000000000000        2.358148920332       11.731891660453      770.037370192186      779.969887700436        2.764920014383
  8      210.000000000000        2.570315496588        6.015003157783     1048.985399738288      778.125507663898        3.082181615630
  8      213.000000000000        3.103176127843        5.133168956357      300.792038116059      695.108858217639    92222.084415502715
  8      216.000000000000        3.306582893789        5.514958959399       93.298320134791      657.699565068115       53.811331578889
  8      219.000000000000        3.427247136131        5.836267397389       33.547339576130      629.592534065343       32.196219492000
  8      222.000000000000        3.741369812390        5.141543641026        5.882944535072      480.384156987031        1.374172162510
  8      225.000000000000        4.871512406694        3.338072753815        0.426033855868      284.672651993833        0.108648025294
  8      228.000000000000        6.589821743929        2.577079043464        0.006040546511      273.239406091289      -28.503248599022
  8      231.000000000000       14.000347260752        2.764288395425        0.000000000000      273.014009187178        0.000000000000
  8      234.000000000000       14.000347260752        3.036423965581        0.000000000000      273.006483014928        0.000000000000
  8      237.000000000000       14.000347260752        3.163055687176        0.000000000000      273.005941217253        0.000000000000
  8      240.000000000000       14.000347260752        3.228678584081        0.000000000000      273.004250790587        0.000000000000
  8      243.000000000000       14.000347260752        3.269764626951        0.000000000000      273.002406397879        0.000000000000
  8      246.000000000000       14.000347260752        3.305981338024        0.000000000000      273.001194465294        0.000000000000
  8      249.000000000000       14.000347260752        3.398395061189        0.000000000000      273.000557356254        0.000000000000
  8      252.000000000000       14.000347260752        3.698352192443        0.000000000000      273.000292251958        0.000000000000
  8      255.000000000000       14.000347260752        3.952654510637        0.000000000000      273.000191308695        0.000000000000
  8      258.000000000000       14.000347260752        3.930796533333        0.000000000000      273.000160276412        0.000000000000
  8      261.000000000000        6.197503309603        3.678091274620        0.010131482549      273.521659284011        3.354706238609
  8      264.000000000000        5.197650091553        3.240007334688        0.075472905124      278.326214903267        1.296461897562
  8      267.000000000000        4.903509545390        2.417148863013        0.259924972788      283.660089548806        0.022897599052
  8      270.000000000000        4.774771514460        0.434658852187        0.536594813814      287.425441141414        0.001537681641
  8      273.000000000000        4.754780689807       -2.036910186978        0.870925839202      287.908664000010        0.000596701321
  8      276.000000000000        4.692533653747       -3.952394295797        1.726588801126      290.263924205739        0.014834549848
  8      279.000000000000        4.583899091849       -4.809088804285        3.086105943855      295.639813834636       27.819041580141
  8      282.000000000000        4.549886661890       -4.430830338755        3.682135137118      297.843439440610        0.004346382824
  8      285.000000000000        4.619705636783       -3.752455967898        2.896011569499      294.116299122151       -0.012949563830
  8      288.000000000000        4.784086987168       -1.692857896317        1.519400309097      287.078676893920       -0.009452102592
  8      291.000000000000        4.850770005937        0.683408421497        0.787294861875      284.577267658434       -0.007835792753
  8      294.000000000000        4.777215378237        1.585198201517        0.614913082861      286.574439212566        0.080591486959
  8      297.000000000000        4.602983673442        1.129799384349        0.815958794385      294.383951892794        0.105295539768
  8      300.000000000000        4.490428202376        1.739113314080        1.391711815239      301.711531651672        0.017594311572
  8      303.000000000000        4.530130891540        3.441444519391        1.862018351590      298.918150632343       -0.025938212077
  8      306.000000000000        4.596865506962        4.732176287843        1.993242670808      294.957740140262       -0.029795277362
  8      309.000000000000        4.642484594772        6.136375931563        1.801496038737      292.268725032338       -0.086036792152
  8      312.000000000000        4.649956767547        6.114861506004        1.315818197045      291.622225318296       -0.017357891581
  8      315.000000000000        4.632109059125        5.034573307289        0.677168411184      292.238707692948       -0.006649239505
  8      318.000000000000        4.697914630811        3.377238832219        0.223249160802      289.321647131092       -0.084731455780
  8      321.000000000000        4.880616593413        1.472479832720        0.057156151304      283.655332307477        0.008966438429
  8      324.000000000000        4.760429903027       -2.348656544952        0.476164040112      287.704980828406        0.002425390231
  8      327.000000000000        4.779661425000       -5.519626501366        1.268978222333      287.180819528710        0.001530624415
  8      330.000000000000        4.734301773149       -5.481889992614        1.995586673298      288.762770211749        0.143166383522
  8      333.000000000000        4.530721731958       -4.066320813858        3.776341830771      299.093766627381        0.017474233374
  8      336.000000000000        4.539633718865        0.025651945844        3.156188400836      298.540214586761       -0.004185069734
  8      339.000000000000        4.578981137049        3.874257623099        2.171881607143      296.038883056231       -0.078439837177
  8      342.000000000000        4.612303162728        4.090667430151        1.021019219528      294.056847036340       -0.058571190932
  8      345.000000000000        4.719145009363        2.877572914700        0.263606403899      289.023237541901       -0.104860659154
  8      348.000000000000        5.457218596241        1.251633152590        0.009944797637      275.701172527833       -0.699140599382
  8      351.000000000000       14.000347260752        0.675810323025        0.000000000000      273.000001317072        0.000000000000
  8      354.000000000000       14.000347260752        0.477042195598        0.000000000000      273.000000000034        0.000000000000
  8      357.000000000000       14.000347260752        0.337618876366        0.000000000000      273.000000000033        0.000000000000
  8      360.000000000000       14.000347260752        0.239634044271        0.000000000000      273.000000000033        0.000000000000
  8      363.000000000000       14.000347260752        0.172224027724        0.000000000000      273.000000000033        0.000000000000
  8      366.000000000000       14.000347260752        0.126951743259        0.000000000000      273.000000000034        0.000000000000
  8      369.000000000000       14.000347260752        0.099060331697        0.000000000000      273.000000000033        0.000000000000
  8      372.000000000000       14.000347260752        0.085580533880        0.000000000000      273.000000000034        0.000000000000
  8      375.000000000000       14.000347260752        0.082945301621        0.000000000000      273.000000000033        0.000000000000
  8      378.000000000000       14.000347260752        0.093245674016        0.000000000000      273.000000000033        0.000000000000
  8      381.000000000000       14.000347260752        0.114032220488        0.000000000000      273.000000000033        0.000000000000
  8      384.000000000000       14.000347260752        0.146034936459        0.000000000000      273.000000000034        0.000000000000
  8      387.000000000000       14.000347260752        0.189715392792        0.000000000000      273.000000000034        0.000000000000
  8      390.000000000000       14.000347260752        0.244661629779        0.000000000000      273.000000000034        0.000000000000
  8      393.000000000000       14.000347260752        0.311012584032        0.000000000000      273.000000000033        0.000000000000
  8      396.000000000000       14.000347260752        0.386701039497        0.000000000000      273.000000000033        0.000000000000
  8      399.000000000000       14.000347260752        0.470066775794        0.000000000000      273.000000000033        0.000000000000
  8      402.000000000000       14.000347260752        0.557900061350        0.000000000000      273.000000000032        0.000000000000
  8      405.000000000000       14.000347260752        0.646165141248        0.000000000000      273.000000000032        0.000000000000
  8      408.000000000000       14.000347260752        0.729855474081        0.000000000000      273.000000000033        0.000000000000
  8      411.000000000000       14.000347260752        0.804882806945        0.000000000000      273.000000000034        0.000000000000
  8      414.000000000000       14.000347260752        0.868202456455        0.000000000000      273.000000000034        0.000000000000
  8      417.000000000000       14.000347260752        0.918264929984        0.000000000000      273.000000000033        0.000000000000
  8      420.000000000000       14.000347260752        0.954902457567        0.000000000000      273.000000000033        0.000000000000
  8      423.000000000000       14.000347260752        0.978808524490        0.000000000000      273.000000000032        0.000000000000
  8      426.000000000000       14.000347260752        0.991682969785        0.000000000000      273.000000000033        0.000000000000
  8      429.000000000000       14.000347260752        0.995834678987        0.000000000000      273.000000000033        0.000000000000
  8      432.000000000000       14.000347260752        0.992866738407        0.000000000000      273.000000000032        0.000000000000
  8      435.000000000000       14.000347260752        0.985262328967        0.000000000000      273.000000000032        0.000000000000
  8      438.000000000000       14.000347260752        0.974489522825        0.000000000000      273.000000000031        0.000000000000
  8      441.000000000000       14.000347260752        0.962421524451        0.000000000000      273.000000000034        0.000000000000
  8      444.000000000000       14.000347260752        0.950532764386        0.000000000000      273.000000000032        0.000000000000
  8      447.000000000000       14.000347260752        0.939985089073        0.000000000000      273.000000000032        0.000000000000
  8      450.000000000000       14.000347260752        0.931307382293        0.000000000000      273.000000000033        0.000000000000
  8      453.000000000000       14.000347260752        0.925745899072        0.000000000000      273.000000000035        0.000000000000
  8      456.000000000000       14.000347260752        0.975706828299        0.000000000000      273.000000000034        0.000000000000
