!------------------------------------------------------------!
  Date: 20191203
  Simulation name: AVY4 
  Filename:transect.txt                                                                                                                                          
  Produced in mod-subroutine:  massdist/massinchannel                                                                                                                                
  Written by AK September 2019
  Description: Transects from channel sides to edges                                                                                                                
  Data format:300 EPP, 600 EPP, 900 EPP, 300 TG, 600 TG, 900 TG, 300 DPU, 600 DPU, 900 DPu                                                                          
!------------------------------------------------------------!
  -0.00000  -0.00000  -0.00000   0.00000   0.00000   0.00000             0.00000             0.00000             0.00000
  -0.00000  -0.00000  -0.00000 272.99959 272.99955 272.99985             0.00000             0.00000             0.00000
  14.00035  14.00035  14.00035 272.99959 272.99955 272.99985             0.00000             0.00000             0.00000
  14.00035  14.00035  14.00035 272.99956 272.99955 272.99985             0.00000             0.00000             0.00000
  14.00035  14.00035  14.00035 272.99956 272.99955 272.99985             0.00000             0.00000             0.00000
  14.00035  14.00035  14.00035 272.99956 272.99955 272.99985             0.00000             0.00000             0.00000
  14.00035  14.00035  14.00035 272.99956 272.99955 272.99985             0.00000             0.00000             0.00000
  14.00035  14.00035  14.00035 272.99956 272.99955 272.99985             0.00000             0.00000             0.00000
  14.00035  14.00035  14.00035 272.99956 272.99955 272.99985             0.00000             0.00000             0.00000
  14.00035  14.00035  14.00035 272.99956 272.99955 272.99985             0.00000             0.00000             0.00000
  14.00035  14.00035  14.00035 272.99956 272.99955 272.99985             0.00000             0.00000             0.00000
  14.00035  14.00035  14.00035 272.99956 272.99955 272.99985             0.00000             0.00000             0.00000
  14.00035  14.00035  14.00035 272.99956 272.99955 272.99985             0.00000             0.00000             0.00000
  14.00035  14.00035  14.00035 272.99956 272.99955 272.99985             0.00000             0.00000             0.00000
  14.00035  14.00035  14.00035 272.99956 272.99955 272.99985             0.00000             0.00000             0.00000
  14.00035  14.00035  14.00035 272.99956 272.99955 272.99985             0.00000             0.00000             0.00000
  14.00035  14.00035  14.00035 272.99956 272.99955 272.99985             0.00000             0.00000             0.00000
  14.00035  14.00035  14.00035 272.99956 272.99955 272.99985             0.00000             0.00000             0.00000
  14.00035  14.00035  14.00035 272.99956 272.99955 272.99985             0.00000             0.00000             0.00000
  14.00035  14.00035  14.00035 272.99956 272.99955 272.99985             0.00000             0.00000             0.00000
  14.00035  14.00035  14.00035 272.99956 272.99955 272.99985             0.00000             0.00000             0.00000
  14.00035  14.00035  14.00035 272.99956 272.99955 272.99985             0.00000             0.00000             0.00000
  14.00035  14.00035  14.00035 272.99956 272.99955 272.99985             0.00000             0.00000             0.00000
  14.00035  14.00035  14.00035 272.99956 272.99954 272.99986             0.00000             0.00000             0.00000
  14.00035  14.00035  14.00035 272.99956 272.99954 272.99986             0.00000             0.00000             0.00000
  14.00035  14.00035  14.00035 272.99955 272.99954 272.99986             0.00000             0.00000             0.00000
  14.00035  14.00035  14.00035 272.99955 272.99954 272.99986             0.00000             0.00000             0.00000
  14.00035  14.00035  14.00035 272.99955 272.99954 272.99986             0.00000             0.00000             0.00000
  14.00035  14.00035  14.00035 272.99955 272.99954 272.99986             0.00000             0.00000             0.00000
  14.00035  14.00035  14.00035 272.99955 272.99954 272.99986             0.00000             0.00000             0.00000
  14.00035  14.00035  14.00035 272.99955 272.99954 272.99986             0.00000             0.00000             0.00000
  14.00035  14.00035  14.00035 272.99955 272.99954 272.99986             0.00000             0.00000             0.00000
  14.00035  14.00035  14.00035 272.99955 272.99953 272.99986             0.00000             0.00000             0.00000
  14.00035  14.00035  14.00035 272.99955 272.99953 272.99986             0.00000             0.00000             0.00000
  14.00035  14.00035  14.00035 272.99954 272.99953 272.99986             0.00000             0.00000             0.00000
  14.00035  14.00035  14.00035 272.99954 272.99953 272.99986             0.00000             0.00000             0.00000
  14.00035  14.00035  14.00035 272.99954 272.99953 272.99986             0.00000             0.00000             0.00000
  14.00035  14.00035  14.00035 272.99954 272.99953 272.99987             0.00000             0.00000             0.00000
  14.00035  14.00035  14.00035 272.99954 272.99952 272.99987             0.00000             0.00000             0.00000
  14.00035  14.00035  14.00035 272.99954 272.99952 272.99987             0.00000             0.00000             0.00000
  14.00035  14.00035  14.00035 272.99954 272.99952 272.99987             0.00000             0.00000             0.00000
  14.00035  14.00035  14.00035 272.99953 272.99952 272.99987             0.00000             0.00000             0.00000
  14.00035  14.00035  14.00035 272.99953 272.99951 272.99987             0.00000             0.00000             0.00000
  14.00035  14.00035  14.00035 272.99953 272.99951 272.99987             0.00000             0.00000             0.00000
  14.00035  14.00035  14.00035 272.99953 272.99951 272.99987             0.00000             0.00000             0.00000
  14.00035  14.00035  14.00035 272.99953 272.99951 272.99987             0.00000             0.00000             0.00000
  14.00035  14.00035  14.00035 272.99952 272.99950 272.99987             0.00000             0.00000             0.00000
  14.00035  14.00035  14.00035 272.99952 272.99950 272.99987             0.00000             0.00000             0.00000
  14.00035  14.00035  14.00035 272.99952 272.99950 272.99988             0.00000             0.00000             0.00000
  14.00035  14.00035  14.00035 272.99952 272.99950 272.99988             0.00000             0.00000             0.00000
  14.00035  14.00035  14.00035 272.99951 272.99949 272.99988             0.00000             0.00000             0.00000
  14.00035  14.00035  14.00035 272.99951 272.99949 272.99988             0.00000             0.00000             0.00000
  14.00035  14.00035  14.00035 272.99951 272.99949 272.99988             0.00000             0.00000             0.00000
  14.00035  14.00035  14.00035 272.99950 272.99948 272.99988             0.00000             0.00000             0.00000
  14.00035  14.00035  14.00035 272.99950 272.99948 272.99988             0.00000             0.00000             0.00000
  14.00035  14.00035  14.00035 272.99949 272.99948 272.99988             0.00000             0.00000             0.00000
  14.00035  14.00035  14.00035 272.99949 272.99947 272.99989             0.00000             0.00000             0.00000
  14.00035  14.00035  14.00035 272.99949 272.99947 272.99989             0.00000             0.00000             0.00000
  14.00035  14.00035  14.00035 272.99948 272.99946 272.99989             0.00000             0.00000             0.00000
  14.00035  14.00035  14.00035 272.99948 272.99946 272.99989             0.00000             0.00000             0.00000
  14.00035  14.00035  14.00035 272.99947 272.99946 272.99989             0.00000             0.00000             0.00000
  14.00035  14.00035  14.00035 272.99946 272.99945 272.99989             0.00000             0.00000             0.00000
  14.00035  14.00035  14.00035 272.99945 272.99945 272.99989             0.00000             0.00000             0.00000
  14.00035  14.00035  14.00035 272.99945 272.99944 272.99989             0.00000             0.00000             0.00000
  14.00035  14.00035  14.00035 272.99944 272.99944 272.99989             0.00000             0.00000             0.00000
  14.00035  14.00035  14.00035 272.99943 272.99944 272.99990             0.00000             0.00000             0.00000
  14.00035  14.00035  14.00035 272.99942 272.99943 272.99990             0.00000             0.00000             0.00000
  14.00035  14.00035  14.00035 272.99940 272.99943 272.99990             0.00000             0.00000             0.00000
  14.00035  14.00035  14.00035 280.99876 272.99942 272.99990             0.03515             0.00000             0.00000
  14.00035  14.00035  14.00035 290.44176 272.99942 272.99990             0.07446             0.00000             0.00000
  14.00035  14.00035  14.00035 293.13357 272.99942 272.99990             0.08653             0.00000             0.00000
  14.00035  14.00035  14.00035 295.13635 272.99941 272.99990             0.12713             0.00000             0.00000
  14.00035  14.00035  14.00035 296.34735 272.99941 272.99990             0.24855             0.00000             0.00000
  14.00035  14.00035  14.00035 301.06694 272.99941 272.99991             0.37625             0.00000             0.00000
  14.00035  14.00035  14.00035 301.13456 272.99941 272.99991             0.22691             0.00000             0.00000
  14.00035  14.00035  14.00035 294.84540 272.99941 272.99991             0.07902             0.00000             0.00000
  14.00035  14.00035  14.00035 288.68523 272.99941 272.99991             0.02919             0.00000             0.00000
  14.00035  14.00035  14.00035 284.24541 272.99941 272.99991             0.01303             0.00000             0.00000
  14.00035  14.00035  14.00035 280.29169 272.99941 272.99991             0.00755             0.00000             0.00000
  14.00035  14.00035  14.00035 276.96239 272.99942 272.99991             0.00484             0.00000             0.00000
  14.00035  14.00035  14.00035 274.66861 272.99942 272.99991             0.00246             0.00000             0.00000
   6.22895  14.00035  14.00035 274.16243 272.99943 272.99991             0.00834             0.00000             0.00000
   5.82082  14.00035  14.00035 279.79447 272.99944 272.99991             0.03791             0.00000             0.00000
   6.15363  14.00035  14.00035 310.86625 272.99945 272.99991             0.99161             0.00000             0.00000
   6.62157  14.00035  14.00035 341.47342 272.99946 272.99991             2.33866             0.00000             0.00000
   6.97934  14.00035  14.00035 327.93070 272.99947 272.99991             1.04537             0.00000             0.00000
   7.50476  14.00035  14.00035 348.13545 272.99949 272.99991             0.15898             0.00000             0.00000
   7.56590  14.00035  14.00035 319.75653 272.99950 272.99991             1.19809             0.00000             0.00000
   7.71192  14.00035  14.00035 453.37445 272.99952 272.99991            14.85114             0.00000             0.00000
   7.83836  14.00035  14.00035 535.56710 272.99954 272.99991            23.73616             0.00000             0.00000
   7.77407  14.00035  14.00035 542.67277 272.99957 272.99991            22.05005             0.00000             0.00000
   7.33815  14.00035  14.00035 549.91003 272.99959 272.99990            23.99681             0.00000             0.00000
   6.83865  14.00035  14.00035 575.42911 272.99962 272.99990            43.04416             0.00000             0.00000
   6.48537  14.00035  14.00035 593.20567 272.99965 272.99990            67.59467             0.00000             0.00000
   6.24313  14.00035  14.00035 586.48215 272.99969 272.99989            72.65048             0.00000             0.00000
   6.10225  14.00035  14.00035 574.65296 272.99972 272.99989            69.07660             0.00001             0.00000
   6.01860  14.00035  14.00035 602.73264 272.99976 272.99989            95.00944             0.00000             0.00000
   6.03947  14.00035  14.00035 630.28143 281.35318 272.99988           116.34130             0.00000             0.00000
   6.02031  14.00035  14.00035 631.04327 297.58711 272.99988           100.49048             0.00000             0.00000
   5.97037  14.00035  14.00035 626.18469 432.48544 272.99988           102.96240            15.47643             0.00000
   5.50705  14.00035  14.00035 623.85041 622.61006 272.99988            91.22872            64.71001             0.00000
   5.21090  14.00035  14.00035 638.65701 675.48481 272.99988            94.47177           139.12149             0.00000
   5.40551  14.00035  14.00035 650.99379 697.13996 272.99988            88.66337           201.29867             0.00000
   5.45643  14.00035  14.00035 663.03337 715.64329 272.99988            93.67186           273.26414             0.00000
   4.85145  14.00035  14.00035 672.49959 731.18491 272.99985           110.34888           331.63697             0.00000
   4.43852  14.00035  14.00035 659.42565 735.74342 272.99980           105.55510           331.89286             0.00000
   4.06139  14.00035  14.00035 625.64504 646.79081 272.99972            73.72763            91.24216             0.00000
   3.37071  14.00035  14.00035 613.75740 320.32054 272.99966            64.75907             3.26389             0.00000
   3.37181  14.00035  14.00035 620.98060 586.50566 272.99964            70.42676             9.10352             0.00000
   3.60241  14.00035  14.00035 575.11817 749.96335 272.99966            38.72610           112.72770             0.00000
   5.16610  14.00035  14.00035 561.74395 763.10335 272.99969            11.16536           228.49012             0.00000
   3.46712  14.00035  14.00035 757.07397 776.03779 272.99972           116.99071           360.51278             0.00000
   1.85820  14.00035  14.00035 798.06664 780.53372 272.99976          1383.77693           166.04378             0.00000
   1.58863  14.00035  14.00035 798.96531 792.81625 277.61636          2270.52210            73.59710             0.85719
   1.74659   3.68942  14.00035 798.75076 796.69301 597.73152          2852.31453           378.56507           153.64267
   1.58355   2.32114  14.00035 798.81953 797.22960 660.98987          4976.10732          2087.01903           562.22110
   1.49307   2.19621  14.00035 799.20297 796.25155 542.64666          5495.60537          4539.31682           391.48434
   1.57945   2.28831  14.00035 798.98384 793.88762 382.02784          5790.07424          4305.44706           137.07859
   1.69966   2.64407  14.00035 798.76213 792.48622 371.45828          4379.79855          3775.37443           129.25607
   1.87422   3.50732  14.00035 798.65672 793.56109 418.61403          3486.60334          3522.45078           103.17740
   1.94997   4.47405  14.00035 798.67769 794.35577 450.90978          2519.08947          2742.83568            82.16871
   2.32640   4.66077  14.00035 798.70969 793.91066 465.13678          2080.02079          1886.90105            57.69040
   3.54570   4.25476  14.00035 798.85055 791.76233 498.29447          2702.91190          1326.98391            40.48171
   3.77146   4.04984  14.00035 798.83677 786.64957 531.36517          3464.62405          1054.63660            27.34434
   3.73105   4.02718  14.00035 798.79523 774.56748 529.44961          2707.24423           796.02362            12.54456
   3.65426   4.02642  14.00035 781.27554 727.52299 470.81586           688.27902           510.52390            18.41397
   3.53622   4.00309  14.00035 584.29368 545.80134 336.55869            60.03432           209.69147             9.24431
   4.42905   4.81203  14.00035 621.01440 459.41362 274.68327            60.78674            15.78853             0.60469
   4.23434   4.76309  14.00035 622.50737 489.99325 273.18347            54.76519            16.05387             0.00228
   4.16203   4.54466  14.00035 614.89131 496.71824 273.00043            40.87759            20.97444             0.00000
   4.14027   4.29434  14.00035 613.31355 499.14161 273.00171            28.94270            24.02125             0.00000
   4.09156   4.20516  14.00035 626.42807 505.73417 273.00313            23.48511            12.24321             0.00000
   4.11499   4.07086  14.00035 680.13829 508.38281 273.00352            45.75941            15.43240             0.00000
   4.12847   3.97504  14.00035 743.65002 479.16486 323.21338           190.19277            24.68042             1.62146
   4.12166   3.95039  14.00035 748.08466 429.22895 497.98532           327.54758            34.52398             7.26113
   4.06960   3.99942  14.00035 745.73922 455.04741 548.26728           394.96594            38.91348             8.23201
   3.97453   3.99402  14.00035 742.57981 454.31976 551.22072           399.19439            40.24510            24.93020
   3.97296   3.86132  14.00035 742.99726 521.54874 522.03421           375.35852            38.24310            40.81124
   3.95885   3.84190  14.00035 726.39677 623.36207 510.18152           326.43976            66.40143            44.17350
   3.89654   3.82860  14.00035 671.49616 629.61390 557.72133           209.40650           130.37454            73.68301
   3.72650   3.81694  14.00035 623.61381 632.59383 545.03154           113.72469           156.67546            97.32590
   3.60380   3.83950  14.00035 603.40258 595.80198 514.04559            73.13513            99.16189            96.61680
   3.86219   3.92890  14.00035 600.94547 515.67606 529.26676            52.74284            72.62092           101.10437
   4.30531   3.85958  14.00035 606.91546 464.85468 603.44749            40.22586            93.19048           126.56294
   4.67015   3.83826  14.00035 622.15149 524.39579 626.92200            31.31488           114.46379           128.80964
   5.21908   3.82473  14.00035 555.11495 586.10257 545.85612            14.39353            72.51650            83.81927
   5.78772   3.77260  14.00035 322.36178 646.39893 470.82453             2.78534            86.12505            26.87012
   6.97241   3.76469  14.00035 306.79121 680.11131 431.00822             2.28807           213.87987             3.71209
   7.58384   3.75896  14.00035 306.97418 667.78807 397.71297             1.77566           257.51346             9.23890
  14.00035   3.75795  14.00035 278.48143 665.70399 364.72058             0.31657           194.70720            26.46571
  14.00035   3.74608  14.00035 274.21102 685.97204 373.75620             0.05597           254.56917            47.19505
  14.00035   3.64360  14.00035 279.47327 700.61644 383.44275             0.28889           406.52902            63.06572
  14.00035   3.50966  14.00035 300.02593 703.58688 376.08949             1.14124           426.34617            59.00036
  14.00035   3.45018  14.00035 310.60299 702.73448 378.64646             1.33953           382.50609            52.15184
  14.00035   3.46387  14.00035 309.45128 714.67932 418.15437             0.70816           401.49745            70.68598
  14.00035   3.58057  14.00035 292.18006 730.05018 497.59640             0.13974           482.56195           125.78366
   5.87195   3.72840  14.00035 276.68002 709.36102 556.39821             0.06556           359.22542           173.62896
  14.00035   3.81943  14.00035 278.19802 566.82135 516.69803             0.32852           155.25917           111.30424
  14.00035   3.80525  14.00035 279.95798 542.23046 480.07157             0.41201           102.55111            67.60914
  14.00035   3.78691  14.00035 279.92796 677.83954 456.29816             0.26137           365.12337            71.09513
  14.00035   3.80405  14.00035 278.03799 735.74139 384.29775             0.13709           821.42937            66.90580
  14.00035   3.77887  14.00035 276.08183 728.36045 339.98311             0.08143           809.20913            54.16394
  14.00035   3.72452  14.00035 275.52431 669.71085 333.32060             0.07317           373.07761            49.24716
   5.02237   3.61410  14.00035 293.27876 607.25836 356.22653             0.45921           122.29677            61.58063
   4.39374   3.66465  14.00035 324.43258 602.94094 403.90382             1.62485            66.45898            95.82210
   4.28476   3.78056  14.00035 342.39999 621.54810 419.74311             3.34588            61.43298           106.08920
   4.19395   3.79130  14.00035 348.84664 631.17924 415.97506             5.40871            54.05002            76.17644
   4.09016   3.69845  14.00035 353.68546 641.64981 401.01336             9.80913            44.04167            34.67024
   4.08339   3.66921  14.00035 356.32104 648.71148 395.73974            14.37342            56.00742            19.40785
   4.28563   3.64427  14.00035 333.91851 650.20262 426.10448            11.23911            77.60913            18.73274
   4.60799   3.61369  14.00035 346.37014 602.36343 482.04004            13.09932            93.92258            25.45192
   4.46599   3.60655  14.00035 376.19735 569.89353 483.58426            23.07668            98.72582            29.06510
   4.16205   3.64542  14.00035 388.15743 542.42281 419.97971            22.30298            93.42971            21.14849
   4.13779   3.91597  14.00035 391.34144 511.72689 300.82288            10.20962            50.75692             4.99667
   4.19685   4.11682  14.00035 361.49982 458.06252 286.52924             2.45450            34.09548             2.87686
   4.35861   3.89258  14.00035 327.84235 492.36514 301.76058             1.14727            53.23604             3.74395
   4.39717   3.76907  14.00035 326.60931 514.69551 309.17692             2.10029            65.42357             4.78383
   4.40912   3.79335  14.00035 347.32336 553.91972 319.34372             5.26950            55.35734             5.55501
   4.47010   3.76436  14.00035 350.53064 564.39182 391.81581             2.14021            83.41092            10.37700
   5.60604   3.73517  14.00035 305.11703 551.40419 413.49998             1.88984           112.38221             8.58478
  14.00035   3.72738  14.00035 280.07755 542.34773 322.70414             0.30803           145.44361             1.16797
   6.33257   3.73757  14.00035 278.90937 544.84333 273.06640             0.05221           205.65932             0.01044
   5.14890   3.73238  14.00035 295.79139 590.10184 272.99934             0.08480           338.11091             0.00000
   4.80909   3.69317  14.00035 314.78013 688.93146 272.99932             0.08674           588.27278             0.00000
   4.87241   3.66850  14.00035 323.49745 739.56113 272.99946             0.45892           711.62112             0.00000
   5.93465   3.69065  14.00035 327.86403 718.34321 272.99957             0.51996           535.67084             0.00000
   6.89102   3.73566  14.00035 334.18750 692.05945 272.99963             0.36618           348.73470             0.00000
   7.70118   3.77501  14.00035 303.02715 698.18447 272.99968             0.11549           328.85224             0.00000
   7.85364   3.81866  14.00035 294.44078 716.85089 272.99970             0.05654           390.38369             0.00000
   7.18934   3.91908  14.00035 294.05946 743.97354 272.99973             0.04715           526.64945             0.00000
   7.73363   4.05454  14.00035 283.00404 745.07103 272.99974             0.02439           577.62546             0.00000
   7.22253   4.24278  14.00035 283.03223 744.66259 272.99976             0.03072           537.67622             0.00000
   5.58822   4.72053  14.00035 289.75838 751.05280 272.99977             0.09230           585.17903             0.00000
   4.78969   5.04199  14.00035 314.45177 748.42308 272.99979             0.87193           559.46462             0.00000
   4.50211   4.84457  14.00035 328.83047 732.19710 272.99980             3.04231           453.22930             0.00000
   4.52959   4.51618  14.00035 326.81474 666.88743 272.99981             2.68574           232.89703             0.00000
   4.60981   4.07041  14.00035 319.97812 583.65621 272.99982             1.29248            76.86941             0.00000
   4.76697   4.12878  14.00035 294.69967 546.08940 272.99983             0.16668            19.41711             0.00000
   5.09041   4.13285  14.00035 290.38605 548.26104 272.99984             0.12850             8.03637             0.00000
   4.82003   3.99872  14.00035 289.97937 556.16407 272.99984             0.47187             8.09077             0.00000
   4.64771   3.91358  14.00035 310.22607 565.87778 272.99985             1.74797            10.68244             0.00000
   4.67564   3.81034  14.00035 352.91396 553.63528 272.99986             8.13344            11.56530             0.00000
   4.66363   3.79343  14.00035 384.45360 499.54614 272.99986            17.99883            11.71480             0.00000
   4.52736   3.76018  14.00035 387.21690 516.18208 272.99987            29.75966             8.03344             0.00000
   4.41088   3.64314  14.00035 396.54450 504.74960 272.99987            35.42709             7.34280             0.00000
   4.48851   3.76402  14.00035 450.09483 507.83612 272.99988            36.32477             4.85346             0.00000
   4.41392   4.56030  14.00035 541.03607 493.85378 272.99988            36.04537             2.45100             0.00000
   4.07604  14.00035  14.00035 549.27659 468.14661 272.99988            30.60048             1.42588             0.00000
   4.04388  14.00035  14.00035 508.16942 401.91312 272.99989            12.23107             2.51326             0.00000
   4.12899  14.00035  14.00035 449.09267 291.96371 272.99989            10.36301             0.36873             0.00000
   4.23406  14.00035  14.00035 396.18729 272.99863 272.99989             8.65388             0.00000             0.00000
   4.38656  14.00035  14.00035 355.66536 272.99874 272.99990             6.79985             0.00000             0.00000
   4.58985  14.00035  14.00035 314.18754 272.99883 272.99990             4.29836             0.00000             0.00000
   4.94136  14.00035  14.00035 298.91211 272.99890 272.99990             1.48356             0.00000             0.00000
   5.16405  14.00035  14.00035 304.61551 272.99895 272.99990             1.09793             0.00000             0.00000
   5.02896  14.00035  14.00035 302.77998 272.99899 272.99991             1.76889             0.00000             0.00000
   4.78207  14.00035  14.00035 299.50390 272.99903 272.99991             2.93843             0.00000             0.00000
   4.44645  14.00035  14.00035 377.48770 272.99906 272.99991            23.85905             0.00000             0.00000
   4.54334  14.00035  14.00035 424.79239 272.99908 272.99991            43.18585             0.00000             0.00000
   4.63874  14.00035  14.00035 449.48419 272.99910 272.99991            41.05249             0.00000             0.00000
   4.78602  14.00035  14.00035 505.01937 272.99912 272.99991            29.57193             0.00000             0.00000
   5.04467  14.00035  14.00035 559.54875 272.99914 272.99991            23.90150             0.00000             0.00000
   5.12753  14.00035  14.00035 561.11201 272.99915 272.99991            25.67924             0.00000             0.00000
   4.98634  14.00035  14.00035 551.48948 272.99917 272.99991            25.75932             0.00000             0.00000
   4.67882  14.00035  14.00035 557.81507 272.99918 272.99991            38.27311             0.00000             0.00000
   4.50324  14.00035  14.00035 600.02412 272.99919 272.99991            67.57339             0.00000             0.00000
   4.49109  14.00035  14.00035 664.61947 272.99920 272.99991           122.37499             0.00000             0.00000
   4.51314  14.00035  14.00035 711.78132 272.99921 272.99991           156.16039             0.00000             0.00000
   4.52937  14.00035  14.00035 709.72564 272.99922 272.99991           159.92835             0.00000             0.00000
   4.52215  14.00035  14.00035 695.09906 272.99923 272.99991           148.69102             0.00000             0.00000
   4.50202  14.00035  14.00035 662.16891 272.99924 272.99991           126.54081             0.00000             0.00000
   4.47031  14.00035  14.00035 592.86546 272.99925 272.99991            86.66376             0.00000             0.00000
   4.41780  14.00035  14.00035 508.17405 272.99926 272.99991            48.95837             0.00000             0.00000
   4.22739  14.00035  14.00035 499.39348 272.99927 272.99990            52.63710             0.00000             0.00000
   3.80365  14.00035  14.00035 505.06335 272.99928 272.99990            62.70122             0.00000             0.00000
   3.62470  14.00035  14.00035 535.28595 272.99929 272.99990            66.19981             0.00000             0.00000
   3.62561  14.00035  14.00035 516.79837 272.99929 272.99990            63.59719             0.00000             0.00000
   3.57734  14.00035  14.00035 525.39071 272.99930 272.99990            68.20978             0.00000             0.00000
   3.65578  14.00035  14.00035 582.69704 272.99931 272.99990            86.02924             0.00000             0.00000
   3.72093  14.00035  14.00035 652.68084 272.99932 272.99990           104.37245             0.00000             0.00000
   3.74159  14.00035  14.00035 669.94072 272.99933 272.99990            70.03289             0.00000             0.00000
   3.68232  14.00035  14.00035 622.12301 272.99933 272.99989            22.81671             0.00000             0.00000
   3.96814  14.00035  14.00035 511.31080 272.99934 272.99989            11.16686             0.00000             0.00000
  14.00035  14.00035  14.00035 552.04223 272.99935 272.99989            19.14275             0.00000             0.00000
  14.00035  14.00035  14.00035 585.60268 272.99935 272.99989            30.54221             0.00000             0.00000
  14.00035  14.00035  14.00035 609.41806 272.99936 272.99989            46.64465             0.00000             0.00000
  14.00035  14.00035  14.00035 624.10364 272.99937 272.99989            57.72794             0.00000             0.00000
  14.00035  14.00035  14.00035 589.85344 272.99937 272.99989            52.58782             0.00000             0.00000
  14.00035  14.00035  14.00035 539.14331 272.99938 272.99989            39.04109             0.00000             0.00000
  14.00035  14.00035  14.00035 512.20305 272.99938 272.99988            26.30941             0.00000             0.00000
  14.00035  14.00035  14.00035 432.78875 272.99939 272.99988            14.92990             0.00000             0.00000
  14.00035  14.00035  14.00035 334.13591 272.99940 272.99988             5.81606             0.00000             0.00000
  14.00035  14.00035  14.00035 296.55828 272.99940 272.99988             1.42379             0.00000             0.00000
  14.00035  14.00035  14.00035 273.13957 272.99941 272.99988             0.00085             0.00000             0.00000
  14.00035  14.00035  14.00035 272.99926 272.99941 272.99988             0.00000             0.00000             0.00000
  14.00035  14.00035  14.00035 272.99930 272.99941 272.99988             0.00000             0.00000             0.00000
  14.00035  14.00035  14.00035 272.99933 272.99942 272.99987             0.00000             0.00000             0.00000
  14.00035  14.00035  14.00035 272.99935 272.99942 272.99987             0.00000             0.00000             0.00000
  14.00035  14.00035  14.00035 272.99937 272.99943 272.99987             0.00000             0.00000             0.00000
  14.00035  14.00035  14.00035 272.99939 272.99943 272.99987             0.00000             0.00000             0.00000
  14.00035  14.00035  14.00035 272.99940 272.99943 272.99987             0.00000             0.00000             0.00000
  14.00035  14.00035  14.00035 272.99942 272.99944 272.99987             0.00000             0.00000             0.00000
  14.00035  14.00035  14.00035 272.99943 272.99944 272.99987             0.00000             0.00000             0.00000
  14.00035  14.00035  14.00035 272.99944 272.99944 272.99987             0.00000             0.00000             0.00000
  14.00035  14.00035  14.00035 272.99945 272.99945 272.99987             0.00000             0.00000             0.00000
  14.00035  14.00035  14.00035 272.99946 272.99945 272.99986             0.00000             0.00000             0.00000
  14.00035  14.00035  14.00035 272.99946 272.99945 272.99986             0.00000             0.00000             0.00000
  14.00035  14.00035  14.00035 272.99947 272.99946 272.99986             0.00000             0.00000             0.00000
  14.00035  14.00035  14.00035 272.99947 272.99946 272.99986             0.00000             0.00000             0.00000
  14.00035  14.00035  14.00035 272.99948 272.99946 272.99986             0.00000             0.00000             0.00000
  14.00035  14.00035  14.00035 272.99948 272.99946 272.99986             0.00000             0.00000             0.00000
  14.00035  14.00035  14.00035 272.99949 272.99946 272.99986             0.00000             0.00000             0.00000
  14.00035  14.00035  14.00035 272.99949 272.99947 272.99986             0.00000             0.00000             0.00000
  14.00035  14.00035  14.00035 272.99949 272.99947 272.99986             0.00000             0.00000             0.00000
  14.00035  14.00035  14.00035 272.99950 272.99947 272.99986             0.00000             0.00000             0.00000
  14.00035  14.00035  14.00035 272.99950 272.99947 272.99985             0.00000             0.00000             0.00000
  14.00035  14.00035  14.00035 272.99950 272.99947 272.99985             0.00000             0.00000             0.00000
  14.00035  14.00035  14.00035 272.99950 272.99948 272.99985             0.00000             0.00000             0.00000
  14.00035  14.00035  14.00035 272.99951 272.99948 272.99985             0.00000             0.00000             0.00000
  14.00035  14.00035  14.00035 272.99951 272.99948 272.99985             0.00000             0.00000             0.00000
  14.00035  14.00035  14.00035 272.99951 272.99948 272.99985             0.00000             0.00000             0.00000
  14.00035  14.00035  14.00035 272.99951 272.99948 272.99985             0.00000             0.00000             0.00000
  14.00035  14.00035  14.00035 272.99951 272.99948 272.99985             0.00000             0.00000             0.00000
  14.00035  14.00035  14.00035 272.99951 272.99948 272.99985             0.00000             0.00000             0.00000
  14.00035  14.00035  14.00035 272.99952 272.99948 272.99985             0.00000             0.00000             0.00000
  14.00035  14.00035  14.00035 272.99952 272.99949 272.99985             0.00000             0.00000             0.00000
  14.00035  14.00035  14.00035 272.99952 272.99949 272.99985             0.00000             0.00000             0.00000
  14.00035  14.00035  14.00035 272.99952 272.99949 272.99985             0.00000             0.00000             0.00000
  14.00035  14.00035  14.00035 272.99952 272.99949 272.99985             0.00000             0.00000             0.00000
  14.00035  14.00035  14.00035 272.99952 272.99949 272.99985             0.00000             0.00000             0.00000
  14.00035  14.00035  14.00035 272.99952 272.99949 272.99985             0.00000             0.00000             0.00000
  14.00035  14.00035  14.00035 272.99952 272.99949 272.99984             0.00000             0.00000             0.00000
  14.00035  14.00035  14.00035 272.99952 272.99949 272.99984             0.00000             0.00000             0.00000
  14.00035  14.00035  14.00035 272.99952 272.99949 272.99984             0.00000             0.00000             0.00000
  14.00035  14.00035  14.00035 272.99952 272.99949 272.99984             0.00000             0.00000             0.00000
  14.00035  14.00035  14.00035 272.99952 272.99949 272.99984             0.00000             0.00000             0.00000
  14.00035  14.00035  14.00035 272.99952 272.99949 272.99984             0.00000             0.00000             0.00000
  14.00035  14.00035  14.00035 272.99952 272.99949 272.99984             0.00000             0.00000             0.00000
  14.00035  14.00035  14.00035 272.99952 272.99949 272.99984             0.00000             0.00000             0.00000
  14.00035  14.00035  14.00035 272.99952 272.99949 272.99984             0.00000             0.00000             0.00000
  14.00035  14.00035  14.00035 272.99952 272.99949 272.99984             0.00000             0.00000             0.00000
  14.00035  14.00035  14.00035 272.99955 272.99950 272.99984             0.00000             0.00000             0.00000
