!------------------------------------------------------------!
  Date: 20191122
  Simulation name: AVY4 
  Filename:PEbyx.txt                                                                                                                                             
  Produced in mod-subroutine:  massdist/energypotential                                                                                                                              
  Written by AK September 2019
  Description:Integrates by width potential energy necessary to overflow at each height                                                                             
  Data format: RMAX by t potential energy (J)                                                                                                                       
!------------------------------------------------------------!
        0.0000000000
  1023345.5588957419
     2262.2640456235
     2140.5885888287
     2749.7172483539
     2607.7625487599
     2465.8078491660
     2329.8614947598
     2208.1860379650
     2086.5105811702
     2686.6262394189
     2544.6715398250
     2402.7168402311
     2275.7834871013
     2154.1080303065
     2032.4325735116
     2623.5352304840
     2481.5805308901
     2343.3809362376
     2221.7054794427
     2100.0300226479
     2702.3989211430
     2560.4442215491
     2418.4895219551
     2289.3029285790
     2167.6274717842
     2045.9520149894
     2639.3079122081
     2497.3532126141
     2356.9003777153
     2235.2249209205
     2113.5494641257
     2718.1716028671
     2576.2169032731
     2434.2622036792
     2302.8223700568
     2181.1469132620
     2059.4714564672
     2655.0805939322
     2513.1258943382
     2371.1711947443
     2248.7443623983
     2127.0689056035
     2733.9442845912
     2591.9895849972
     2450.0348854033
     2316.3418115346
     2194.6663547398
     2072.9908979450
     2670.8532756562
     2528.8985760623
     2386.9438764683
     2262.2638038761
     2140.5883470813
     2749.7169663152
     2607.7622667213
     2465.8075671273
     2329.8612530124
     2208.1857962176
     2086.5103394228
     2686.6259573803
     2544.6712577864
     2402.7165581924
     2275.7832453539
     2154.1077885591
     2032.4323317642
     2623.5349484454
     2481.5802488514
     2343.3806944902
     2221.7052376953
     2100.0297809005
     2702.3986391044
     2560.4439395104
     2418.4892399165
     2289.3026868316
     2167.6272300368
     2045.9517732420
     2639.3076301694
     2497.3529305755
     2356.9001359679
     2235.2246791731
     2113.5492223783
     2718.1713208285
     2576.2166212345
     2434.2619216406
     2302.8221283094
     2181.1466715146
     2059.4712147198
     2655.0803118935
     2513.1256122996
     2371.1709127056
     2248.7441206509
     2127.0686638561
     2733.9440025525
     2591.9893029586
     2450.0346033646
     2316.3415697872
     2194.6661129924
     2072.9906561976
     2670.8529936176
     2528.8982940236
     2386.9435944297
     2262.2635621287
     2140.5881053339
     2749.7166842766
     2607.7619846827
     2465.8072850887
     2329.8610112650
     2208.1855544702
     2086.5100976754
     2686.6256753417
     2544.6709757477
     2402.7162761538
     2275.7830036065
     2154.1075468116
     2032.4320900168
     2623.5346664067
     2481.5799668128
     2343.3804527428
     2221.7049959479
     2100.0295391531
     2702.3983570657
     2560.4436574718
     2418.4889578779
     2289.3024450842
     2167.6269882894
     2045.9515314946
     2639.3073481308
     2497.3526485369
     2356.8998942205
     2235.2244374257
     2113.5489806309
     2718.1710387898
     2576.2163391959
     2434.2616396019
     2302.8218865620
     2181.1464297672
     2059.4709729724
     2655.0800298549
     2513.1253302609
     2371.1706306670
     2248.7438789035
     2127.0684221087
     2733.9437205139
     2591.9890209199
     2450.0343213260
     2316.3413280398
     2194.6658712450
     2072.9904144502
     2670.8527115790
     2528.8980119850
     2386.9433123911
     2262.2633203813
     2140.5878635865
     2749.7164022380
     2607.7617026440
     2465.8070030501
     2329.8607695176
     2208.1853127228
     2086.5098559279
     2686.6253933030
     2544.6706937091
     2402.7159941151
     2275.7827618591
     2154.1073050642
     2032.4318482694
     2623.5343843681
     2481.5796847741
     2343.3802109954
     2221.7047542005
     2100.0292974057
     2702.3980750271
     2560.4433754332
     2418.4886758392
     2289.3022033368
     2167.6267465420
     2045.9512897472
     2639.3070660922
     2497.3523664982
     2356.8996524731
     2235.2241956783
     2113.5487388835
     2718.1707567512
     2576.2160571572
     2434.2613575633
     2302.8216448146
     2181.1461880198
     2059.4707312250
     2655.0797478162
     2513.1250482223
     2371.1703486284
     2248.7436371561
     2127.0681803613
     2733.9434384753
     2591.9887388813
     2450.0340392874
     2316.3410862924
     2194.6656294976
     2072.9901727028
     2670.8524295403
     2528.8977299464
     2386.9430303524
     2262.2630786339
     2140.5876218391
     2749.7161201993
     2607.7614206054
     2465.8067210114
     2329.8605277702
     2208.1850709754
     2086.5096141805
     2686.6251112644
     2544.6704116704
     2402.7157120765
     2275.7825201117
     2154.1070633168
     2032.4316065220
     2623.5341023295
     2481.5794027355
     2343.3799692479
     2221.7045124531
     2100.0290556583
     2702.3977929885
     2560.4430933945
     2418.4883938006
     2289.3019615894
     2167.6265047946
     2045.9510479998
     2639.3067840535
     2497.3520844596
     2356.8994107257
     2235.2239539309
     2113.5484971361
     2718.1704747125
     2576.2157751186
     2434.2610755247
     2302.8214030672
     2181.1459462724
     2059.4704894776
     2655.0794657776
     2513.1247661837
     2371.1700665897
     2248.7433954087
     2127.0679386139
     2733.9431564366
     2591.9884568427
     2450.0337572487
     2316.3408445450
     2194.6653877502
     2072.9899309554
     2670.8521475017
     2528.8974479077
     2386.9427483138
     2262.2628368865
     2140.5873800917
     2749.7158381607
     2607.7611385667
     2465.8064389728
     2329.8602860228
     2208.1848292280
     2086.5093724331
     2686.6248292258
     2544.6701296318
     2402.7154300379
     2275.7822783642
     2154.1068215694
     2032.4313647746
     2623.5338202908
     2481.5791206969
     2343.3797275005
     2221.7042707057
     2100.0288139109
     2702.3975109498
     2560.4428113559
     2418.4881117619
     2289.3017198420
     2167.6262630472
     2045.9508062524
     2639.3065020149
     2497.3518024210
     2356.8991689783
     2235.2237121835
     2113.5482553887
     2718.1701926739
     2576.2154930800
     2434.2607934860
     2302.8211613198
     2181.1457045250
     2059.4702477302
     2655.0791837390
     2513.1244841450
     2371.1697845511
     2248.7431536613
     2127.0676968665
     2733.9428743980
     2591.9881748040
     2450.0334752101
     2316.3406027976
     2194.6651460028
     2072.9896892080
     2670.8518654630
     2528.8971658691
     2386.9424662752
     2262.2625951391
     2140.5871383443
     2749.7155561221
     2607.7608565281
     2465.8061569342
     2329.8600442754
     2208.1845874806
     2086.5091306857
     2686.6245471871
     2544.6698475932
     2402.7151479992
     2275.7820366168
     2154.1065798220
     2032.4311230272
     2623.5335382522
     2481.5788386582
     2343.3794857531
     2221.7040289583
     2100.0285721635
     2702.3972289112
     2560.4425293172
     2418.4878297233
     2289.3014780946
     2167.6260212998
     2045.9505645050
     2639.3062199763
     2497.3515203823
     2356.8989272309
     2235.2234704361
     2113.5480136413
     2718.1699106353
     2576.2152110413
     2434.2605114474
     2302.8209195724
     2181.1454627776
     2059.4700059828
     2655.0789017003
     2513.1242021064
     2371.1695025124
     2248.7429119139
     2127.0674551191
     2733.9425923593
     2591.9878927654
     2450.0331931715
     2316.3403610502
     2194.6649042554
     2072.9894474606
     2670.8515834244
     2528.8968838305
     2386.9421842365
     2262.2623533917
     2140.5868965969
     2749.7152740834
     2607.7605744895
     2465.8058748955
     2329.8598025280
     2208.1843457331
     2086.5088889383
     2686.6242651485
     2544.6695655545
     2402.7148659606
     2275.7817948694
     2154.1063380746
     2032.4308812798
     2623.5332562135
     2481.5785566196
     2343.3792440057
     2221.7037872109
     2100.0283304161
     2702.3969468726
     2560.4422472786
     2418.4875476847
     2289.3012363472
     2167.6257795524
     2045.9503227576
     2639.3059379376
     2497.3512383437
     2356.8986854835
     2235.2232286887
     2113.5477718939
     2718.1696285966
     2576.2149290027
     2434.2602294087
     2302.8206778250
     2181.1452210302
     2059.4697642354
     2655.0786196617
     2513.1239200678
     2371.1692204738
     2248.7426701665
     2127.0672133717
     2733.9423103207
     2591.9876107268
     2450.0329111328
     2316.3401193028
     2194.6646625080
     2072.9892057132
     2670.8513013858
     2528.8966017918
     2386.9419021979
        0.0000000000
        0.0000000000
        0.0000000000
  1023345.5588957419
  1011030.9112184391
   961628.4728150931
  1320471.4264463743
  1203465.3984556452
  1083814.9442654329
   958641.4891129885
   831441.7246949695
   738102.8900491865
  1060419.4883804894
   961294.9996535492
   853797.0782939314
   742162.6702491790
   650092.0659269885
   528432.4610743322
   613682.4125147786
   575601.9722093641
   466661.9007172580
   363778.3136778382
   255221.5031068918
   264034.3814390561
   214856.9253889077
   159592.9328330991
   119010.1248241895
    88851.3389030815
    65618.2936144401
    64937.0273736130
    51090.8532177532
    38841.6453395452
    28500.0338770348
    20728.2072685174
    16615.3880754919
    13070.5464457938
    10645.3662390181
     9165.7824845754
     8151.3618529944
     6717.1669223753
     5681.6720156001
     3829.6948084319
     2608.6919765707
     2295.8580456029
     2115.1515317109
     2733.5342941439
     2591.9961514132
     2450.0407050461
     2316.3473405977
     2194.6715937642
     2072.9947292621
     2670.8606809023
     2528.9044090372
     2386.9490760876
     2262.2689020630
     2140.5913583102
     2749.7239114340
     2607.7678813428
     2465.8128432692
     2329.8666072413
     2208.1915041566
     2086.5132084912
     2686.6328578834
     2544.6767987844
     2402.7218505314
     2275.7889178983
     2154.1134838109
     2032.4344148451
     2623.5420744863
     2481.5860271524
     2343.3862657842
     2221.7107775693
     2100.0316583875
     2702.4059386240
     2560.4499268410
     2418.4950334456
     2289.3087103511
     2167.6329978339
     2045.9537629494
     2639.3150527817
     2497.3591399193
     2356.9061009020
     2235.2302890919
     2113.5510241134
     2718.1787871943
     2576.2228855111
     2434.2678405389
     2302.8280254002
     2181.1519998877
     2059.4728216971
     2655.0874917188
     2513.1313000069
     2371.1766402811
     2248.7493514298
     2127.0700243317
     2733.9510961497
     2591.9951103505
     2450.0405338395
     2316.3475134831
     2194.6710525935
     2072.9920271615
     2670.8600222535
     2528.9040335956
     2386.9491008858
     2262.2684410056
     2140.5894224974
     2749.7238020160
     2607.7678375321
     2465.8129773949
     2329.8666789359
     2208.1906803891
     2086.5117129159
     2686.6327608837
     2544.6767563477
     2402.7218907345
     2275.7888571936
     2154.1125500845
     2032.4334694650
     2623.5420213005
     2481.5859501974
     2343.3861829060
     2221.7099705633
     2100.0311183087
     2702.4058817217
     2560.4498182866
     2418.4949642774
     2289.3085069528
     2167.6322069221
     2045.9533366687
     2639.3149294917
     2497.3589671744
     2356.9058975423
     2235.2296632513
     2113.5506486562
     2718.1786648094
     2576.2226602684
     2434.2676137233
     2302.8277884482
     2181.1514495993
     2059.4725006435
     2655.0872842390
     2513.1310463159
     2371.1763841838
     2248.7489240609
     2127.0696991076
     2733.9509105214
     2591.9948250080
     2450.0402906168
     2316.3472418903
     2194.6706943136
     2072.9916958663
     2670.8598263690
     2528.9037128074
     2386.9487993460
     2262.2681520893
     2140.5890941746
     2749.7236097458
     2607.7674972243
     2465.8126694269
     2329.8664394651
     2208.1904326007
     2086.5113653855
     2686.6325661645
     2544.6763964863
     2402.7215701286
     2275.7886395874
     2154.1122797665
     2032.4331491333
     2623.5418563546
     2481.5855598265
     2343.3859173991
     2221.7097052601
     2100.0308367688
     2702.4057057904
     2560.4494103599
     2418.4946507448
     2289.3082595448
     2167.6319518685
     2045.9530443984
     2639.3147347323
     2497.3585990572
     2356.9055966061
     2235.2293887663
     2113.5503934750
     2718.1784415512
     2576.2223018303
     2434.2673093964
     2302.8274989419
     2181.1511719812
     2059.4722221911
     2655.0870949209
     2513.1307150474
     2371.1760225603
     2248.7486111319
     2127.0694660987
     2733.9506926365
     2591.9945199706
     2450.0399595061
     2316.3469717897
     2194.6703145221
     2072.9914843452
     2670.8595987067
     2528.9034301072
     2386.9484661312
     2262.2677373480
     2140.5889048652
     2749.7233762842
     2607.7672431232
     2465.8123897832
     2329.8661322443
     2208.1899568454
     2086.5112038678
     2686.6323220471
     2544.6761679742
     2402.7213091162
     2275.7883049268
     2154.1118152663
     2032.4329905006
     2623.5415691162
     2481.5853553329
     2343.3856315274
     2221.7092459226
     2100.0306633407
     2702.4054121548
     2560.4492458714
     2418.4944132846
     2289.3079429660
     2167.6314573388
     2045.9528770273
     2639.3144427203
     2497.3583985979
     2356.9053414028
     2235.2288984527
     2113.5501999249
     2718.1781681273
     2576.2221092434
     2434.2670723862
     2302.8272114323
     2181.1506724455
     2059.4720508831
     2655.0867627695
     2513.1305258468
     2371.1757717432
     2248.7481474368
     2127.0692667336
     2733.9503842843
     2591.9943365123
     2450.0397674492
     2316.3466642249
     2194.6698899727
     2072.9912667937
     2670.8592820406
     2528.9032233871
     2386.9482073819
     2262.2673680826
     2140.5886747309
     2749.7230575285
     2607.7670318665
     2465.8121665756
     2329.8658748905
     2208.1896396596
     2086.5109328076
     2686.6319888061
     2544.6759373447
     2402.7210771282
     2275.7880757973
     2154.1115114916
     2032.4327225493
     2623.5412480245
     2481.5850796448
     2343.3854286772
     2221.7089997399
     2100.0304084108
     2702.4050725595
     2560.4489441550
     2418.4941544261
     2289.3077033316
     2167.6312625867
     2045.9526034683
     2639.3140760190
     2497.3580925321
     2356.9050918630
     2235.2287386694
     2113.5499687657
     2718.1777568882
     2576.2218015471
     2434.2667914383
     2302.8269155597
     2181.1505381742
     2059.4718253541
     2655.0863829898
     2513.1301858922
     2371.1753946869
     2248.7480003021
     2127.0691402691
     2733.9499351430
     2591.9939954509
     2450.0393665259
     2316.3463582481
     2194.6696824196
     2072.9912429586
     2670.8587705672
     2528.9028637719
     2386.9477868476
     2262.2670938644
     2140.5887424000
     2749.7224986579
     2607.7666806580
     2465.8117561800
     2329.8654462643
     2208.1892850499
     2086.5111438161
     2686.6313846401
     2544.6755921683
     2402.7206504967
     2275.7875566433
     2154.1111772313
     2032.4330011572
     2623.5405200750
     2481.5847465887
     2343.3849274712
     2221.7085961057
     2100.0306962285
     2702.4043199868
     2560.4486771012
     2418.4936969584
     2289.3071461034
     2167.6308001781
     2045.9529695415
     2639.3133318262
     2497.3577265699
     2356.9046120495
     2235.2282368880
     2113.5503732125
     2718.1769954782
     2576.2214619534
     2434.2663986493
     2302.8264020599
     2181.1500733848
     2059.4721846859
     2655.0856260264
     2513.1298490305
     2371.1749151884
     2248.7475164532
     2127.0694515653
     2733.9491808257
     2591.9936688623
     2450.0389835778
     2316.3459030097
     2194.6692769787
     2072.9914435424
     2670.8580356210
     2528.9025129769
     2386.9474072558
     2262.2667209937
     2140.5888395202
     2749.7217806544
     2607.7663422468
     2465.8114410291
     2329.8651172583
     2208.1889939307
     2086.5110809758
     2686.6306906554
     2544.6752614874
     2402.7203829673
     2275.7873243137
     2154.1109363794
     2032.4327892262
     2623.5398652672
     2481.5844267704
     2343.3848214641
     2221.7084540052
     2100.0303783353
     2702.4036842541
     2560.4483429760
     2418.4935269861
     2289.3070704985
     2167.6307503594
     2045.9524587664
     2639.3126885637
     2497.3575046517
     2356.9046900952
     2235.2283426187
     2113.5496749109
     2718.1763264476
     2576.2212829667
     2434.2663338447
     2302.8264723301
     2181.1502243064
     2059.4712363130
     2655.0850187706
     2513.1297023940
     2371.1751557335
     2248.7479303142
     2127.0682090483
     2733.9486453216
     2591.9935640493
     2450.0390745965
     2316.3460875534
     2194.6698938086
     2072.9897422769
     2670.8579407378
     2528.9031819396
     2386.9483204999
        0.0000000000
        0.0000000000
        0.0000000000
  1023345.5588957419
  1032047.9515373828
   986679.1696469402
  1354703.0051126345
  1246098.0210119910
  1133224.6746576109
  1018605.7349771765
   913699.6614204458
   831215.9257365019
  1168443.8246974994
  1057156.0853922179
   953260.7404557198
   856767.8538165964
   782006.1970236023
   690861.4141592983
  1005960.2652682833
   925381.2720907726
   823425.1920497287
   739014.5576474299
   642682.4235008219
   936078.0330241820
   862006.7278860895
   767800.7640780936
   687053.6371922205
   612228.3554648201
   538314.0691798023
   734999.5795015411
   698313.4655878586
   643516.2222422324
   570690.2051701463
   482257.3487204012
   594656.4246715732
   558416.7803858976
   508437.0110614535
   447498.1376867250
   385928.6234910625
   314576.1443268194
   355787.3177996626
   333049.4540972927
   304586.5136170381
   266526.5747865759
   218345.1521569981
   245857.2956553295
   219896.7329032939
   192427.6448803445
   165682.8051944999
   139063.2098617317
   113180.3064786542
   124336.0076431914
   113564.5315582389
   100494.5914253432
    86677.0844633849
    71913.7046357530
    75662.6795607107
    67143.7908674564
    58023.1422357117
    49138.2026266501
    40519.9842525405
    33799.0439149419
    34632.5135389227
    30161.5842863952
    25819.8220418171
    21734.9342406974
    18372.8836450481
    15349.4597060112
    15654.7747827249
    13822.0070824855
    12059.8081038297
    10630.9198856119
     9268.6757077177
     9455.7367843551
     8653.6388937808
     7781.5159571282
     7075.2118702346
     6497.4172960259
     6049.5713252042
     6402.2408165086
     6204.7621965367
     6128.7795672472
     6131.5205835301
     6100.9668507191
     6646.8852987973
     6318.5039399013
     5754.7254771388
     4992.4554046475
     4084.2250453587
     3175.1209768754
     3222.8095573269
     2750.8983481139
     2419.4984803249
     2272.0678040594
     2132.8826840925
     2731.3635541413
     2591.8963562932
     2450.0461423457
     2316.3523518432
     2194.6756956433
     2072.9984077452
     2670.8674914150
     2528.9103805303
     2386.9540592564
     2262.2729396566
     2140.5954059406
     2749.7305048682
     2607.7734058243
     2465.8173026977
     2329.8703547512
     2208.1948765644
     2086.5179018101
     2686.6398942211
     2544.6824606916
     2402.7262157436
     2275.7925991987
     2154.1170413213
     2032.4392682227
     2623.5488146499
     2481.5915791547
     2343.3905647872
     2221.7143248949
     2100.0363420210
     2702.4122478473
     2560.4553784005
     2418.4994462485
     2289.3125705743
     2167.6368603303
     2045.9588566852
     2639.3218249650
     2497.3647036817
     2356.9105767006
     2235.2343790036
     2113.5560444844
     2718.1853790637
     2576.2282971308
     2434.2724660811
     2302.8320542017
     2181.1563513038
     2059.4776063597
     2655.0940803302
     2513.1363648810
     2371.1806667998
     2248.7534187233
     2127.0742726964
     2733.9572605797
     2592.0000370536
     2450.0447137966
     2316.3517140607
     2194.6753235185
     2072.9964259468
     2670.8662925946
     2528.9089114673
     2386.9529767679
     2262.2722681792
     2140.5933421010
     2749.7299337753
     2607.7727385077
     2465.8170442418
     2329.8706364498
     2208.1949944139
     2086.5161377738
     2686.6391371946
     2544.6817361806
     2402.7259309849
     2275.7928921595
     2154.1168852648
     2032.4375826516
     2623.5484370235
     2481.5910717242
     2343.3902882743
     2221.7139550279
     2100.0350123497
     2702.4122795070
     2560.4551727175
     2418.4994190581
     2289.3127129016
     2167.6366084595
     2045.9576026465
     2639.3215955529
     2497.3644177200
     2356.9102799129
     2235.2338957820
     2113.5548878406
     2718.1852380728
     2576.2281348366
     2434.2723354648
     2302.8319561706
     2181.1559169370
     2059.4764949525
     2655.0938109652
     2513.1361105682
     2371.1803623155
     2248.7529862435
     2127.0733814636
     2733.9571218719
     2591.9999286751
     2450.0446015752
     2316.3516165276
     2194.6748391952
     2072.9955324048
     2670.8660079305
     2528.9086943779
     2386.9527375412
     2262.2718515504
     2140.5926443735
     2749.7297408862
     2607.7726096008
     2465.8169583021
     2329.8705118096
     2208.1945186290
     2086.5154338273
     2686.6388381234
     2544.6815477391
     2402.7258412435
     2275.7927360871
     2154.1164596648
     2032.4369777582
     2623.5480497058
     2481.5908555327
     2343.3901348260
     2221.7136396751
     2100.0345190383
     2702.4119396893
     2560.4550467642
     2418.4993533895
     2289.3126199764
     2167.6362564340
     2045.9570940505
     2639.3212121805
     2497.3641740717
     2356.9101933044
     2235.2336361957
     2113.5543902087
     2718.1848874078
     2576.2279439000
     2434.2722258262
     2302.8319030576
     2181.1555843619
     2059.4759916450
     2655.0933138521
     2513.1358481977
     2371.1803123876
     2248.7527913861
     2127.0728993873
     2733.9566848689
     2591.9997257308
     2450.0446158151
     2316.3515427893
     2194.6745951382
     2072.9949811147
     2670.8655478071
     2528.9084717060
     2386.9526523916
     2262.2717372863
     2140.5921488685
     2749.7293364774
     2607.7724114403
     2465.8168947243
     2329.8704743880
     2208.1944248132
     2086.5148523752
     2686.6383920614
     2544.6813135452
     2402.7257481415
     2275.7927536734
     2154.1163286966
     2032.4363609050
     2623.5477460379
     2481.5906171674
     2343.3900671920
     2221.7135486684
     2100.0339871147
     2702.4117029570
     2560.4547837131
     2418.4992078319
     2289.3125844734
     2167.6361805191
     2045.9564961524
     2639.3209723028
     2497.3639317267
     2356.9100217291
     2235.2334983418
     2113.5537974412
     2718.1846986844
     2576.2277010050
     2434.2720359517
     2302.8317407250
     2181.1554505960
     2059.4752896732
     2655.0932546320
     2513.1355620631
     2371.1800121450
     2248.7526331528
     2127.0722384262
     2733.9567139082
     2591.9994877326
     2450.0443146795
     2316.3513582749
     2194.6743046207
     2072.9942915746
     2670.8656248856
     2528.9082213702
     2386.9522847659
     2262.2713960645
     2140.5914841975
     2749.7295459861
     2607.7722297101
     2465.8165586582
     2329.8701161050
     2208.1939556836
     2086.5141970287
     2686.6386791379
     2544.6811504539
     2402.7253696917
     2275.7922800432
     2154.1158141841
     2032.4356996518
     2623.5480297261
     2481.5904536810
     2343.3895778045
     2221.7129709752
     2100.0332791846
     2702.4121098078
     2560.4547675166
     2418.4988269333
     2289.3120701802
     2167.6355112839
     2045.9557971951
     2639.3213897321
     2497.3637578646
     2356.9094756213
     2235.2327295494
     2113.5530390287
     2718.1852811956
     2576.2276365580
     2434.2715587168
     2302.8312151079
     2181.1546757933
     2059.4745960059
     2655.0936189069
     2513.1354154835
     2371.1795325907
     2248.7518741880
     2127.0714873828
     2733.9572045579
     2591.9994213242
     2450.0440310901
     2316.3508348868
     2194.6736326407
     2072.9934951776
     2670.8659951814
     2528.9080474538
     2386.9518601082
     2262.2708572805
     2140.5906602398
     2749.7299086621
     2607.7720927839
     2465.8163427795
     2329.8699201358
     2208.1936171190
     2086.5131719332
     2686.6388215025
     2544.6809461147
     2402.7252733030
     2275.7923774292
     2154.1155228906
     2032.4345599986
     2623.5481142680
     2481.5901655126
     2343.3897266286
     2221.7129681227
     2100.0321600448
     2702.4120067301
     2560.4543742634
     2418.4990451893
     2289.3125965261
     2167.6357194986
     2045.9543448197
     2639.3209007540
     2497.3635857169
     2356.9101573227
     2235.2333272371
     2113.5513464965
     2718.1844169754
     2576.2274325899
     2434.2721656462
     2302.8321712764
     2181.1552315187
     2059.4725092345
     2655.0924144787
     2513.1353505985
     2371.1809380987
     2248.7531370325
     2127.0690528359
     2733.9556856795
     2591.9994463557
     2450.0452498351
     2316.3521190191
     2194.6751332578
     2072.9902295729
     2670.8648797134
     2528.9097752075
     2386.9547959660
        0.0000000000
        0.0000000000
        0.0000000000
      571.1137226338
  1035624.9440520636
   994163.9356189521
  1372328.9223071833
  1265401.8185430972
  1161255.9349603392
  1056867.6775303537
   955368.2755913154
   874674.1625138184
  1220410.4362262201
  1106206.2315556065
   993671.7898947481
   888816.2779028085
   808140.8676694019
   716615.2657439924
  1044998.0664008281
   959082.6907371047
   857617.8133182948
   774646.5324049658
   681256.2272279295
  1011857.9409412404
   925720.6261251766
   829454.9711875126
   746298.6682476165
   669751.1629390649
   599188.0986239766
   895763.8788314115
   832992.4191691717
   758604.3178749998
   683637.4576463079
   609001.8107533577
   870709.3799760545
   811677.2319965023
   746358.2659683110
   670812.8175910810
   605970.4811122754
   533841.3170261403
   750197.7241279994
   703529.2221490938
   651392.7155531792
   593108.6604285829
   517340.0138085794
   701234.8349115521
   648414.9478188895
   596091.8729981227
   547459.0080672728
   487872.0104208757
   416919.8478933896
   526555.0748102042
   486540.3867615229
   459587.9048079133
   421014.3229878157
   362983.6500350274
   452606.0160365855
   406499.4513081842
   378044.7695733205
   342985.4019498372
   300880.5754789163
   259811.8174954858
   310027.2047914765
   277500.6297763430
   254832.8872238746
   232682.4559610573
   211444.2738796811
   176381.3446727214
   206380.3704968936
   191247.2758179003
   172449.2590381550
   157306.2258500541
   132116.8576688824
   160619.4321463726
   148104.9357660520
   131297.0090904654
   118032.8254470817
   105265.5268866491
    90471.6208988265
   105963.0100827558
   100002.0927192330
    92781.0321229694
    83731.0180563230
    72611.7767814947
    85451.7714110132
    79332.4938526098
    72493.7903554980
    65191.5810018053
    57629.3450538589
    49874.6822512299
    59287.3939931264
    55709.6411632844
    50862.6988693024
    45525.8068824249
    39508.1590237877
    46577.3763929291
    42962.0475191710
    38679.2193073471
    34205.9667095537
    29852.7429213690
    25584.9999475980
    30612.0432633013
    27977.2781303576
    24949.9567018535
    21989.8360936748
    19022.5985882617
    22643.5901835563
    20625.3662269980
    18520.3401832990
    16423.2956476541
    14465.3106010480
    12717.9421399518
    15295.7098922703
    14169.7630603570
    12899.7647236649
    11657.3207409481
    10511.2184781348
     9346.0192908219
    11431.9780627352
    10601.3315186846
     9598.9840762095
     8754.6233361470
     7829.7074888650
     9526.7925308359
     8973.2637927924
     8279.1929163347
     7704.8946217352
     7175.4638300024
     6642.3242954252
     7998.9278911355
     7639.9896188600
     7244.5914481849
     6800.7448778034
     6287.8164026678
     7007.2480757429
     6594.3605775037
     6211.0007530427
     5809.5606135432
     5373.5863523703
     4891.7421806511
     5109.9856464966
     4622.7978463554
     4168.0869784798
     3781.3062337490
     3425.1929158036
     3811.5912707070
     3470.7251633515
     3132.4091769723
     2772.8795632357
     2416.2147933504
     2110.0901294872
     2652.6761965817
     2527.3061062862
     2386.9596030010
     2262.2785654293
     2140.6004872250
     2749.7381898216
     2607.7800083835
     2465.8228829574
     2329.8750436911
     2208.1989107639
     2086.5215978188
     2686.6470170156
     2544.6887452294
     2402.7315698698
     2275.7971951646
     2154.1208006176
     2032.4425507707
     2623.5558170885
     2481.5976696429
     2343.3957800354
     2221.7182776392
     2100.0395892489
     2702.4189584642
     2560.4612959198
     2418.5046228178
     2289.3168025402
     2167.6403216671
     2045.9618575815
     2639.3288537757
     2497.3709765952
     2356.9155551366
     2235.2380205190
     2113.5590763272
     2718.1923394750
     2576.2345503794
     2434.2776066044
     2302.8360213613
     2181.1596894326
     2059.4803408267
     2655.1011768521
     2513.1424031828
     2371.1851663424
     2248.7566273848
     2127.0766317650
     2733.9640974608
     2592.0060540555
     2450.0494283626
     2316.3556073807
     2194.6783361104
     2072.9989265923
     2670.8733234755
     2528.9147854875
     2386.9571749994
     2262.2750703805
     2140.5955049843
     2749.7369651601
     2607.7787392087
     2465.8216345868
     2329.8743635697
     2208.1980169242
     2086.5187069634
     2686.6465037557
     2544.6878243219
     2402.7305672099
     2275.7967204972
     2154.1198782124
     2032.4399800834
     2623.5557779571
     2481.5971148030
     2343.3946680069
     2221.7168778947
     2100.0373262944
     2702.4197574569
     2560.4615937825
     2418.5045194450
     2289.3168571302
     2167.6397666107
     2045.9601495453
     2639.3293256852
     2497.3706808041
     2356.9148587148
     2235.2370024538
     2113.5572758705
     2718.1931772666
     2576.2345718491
     2434.2773160727
     2302.8360775028
     2181.1590498235
     2059.4787683436
     2655.1012982477
     2513.1419178571
     2371.1847532024
     2248.7559903819
     2127.0752424810
     2733.9646247594
     2592.0059450918
     2450.0495907395
     2316.3557921022
     2194.6778806835
     2072.9974768262
     2670.8734585928
     2528.9144094977
     2386.9568826134
     2262.2747586728
     2140.5943703768
     2749.7373407498
     2607.7785822216
     2465.8216902952
     2329.8746229238
     2208.1979163763
     2086.5174595394
     2686.6465109619
     2544.6874947236
     2402.7305462312
     2275.7970531182
     2154.1196944663
     2032.4388170647
     2623.5559343985
     2481.5967414790
     2343.3945666576
     2221.7167221218
     2100.0364861737
     2702.4200115675
     2560.4612915339
     2418.5045041993
     2289.3170900330
     2167.6397375884
     2045.9592288168
     2639.3293624907
     2497.3703482233
     2356.9146575419
     2235.2368452712
     2113.5564240135
     2718.1932228407
     2576.2342967934
     2434.2772167119
     2302.8361246097
     2181.1589780903
     2059.4777956375
     2655.1013802653
     2513.1415359918
     2371.1844673217
     2248.7559155628
     2127.0744121869
     2733.9648048303
     2592.0056663990
     2450.0493399511
     2316.3558227869
     2194.6776949496
     2072.9965971407
     2670.8735820665
     2528.9141111162
     2386.9565402636
     2262.2745304809
     2140.5935940421
     2749.7376234667
     2607.7783715607
     2465.8213316184
     2329.8743640939
     2208.1976067114
     2086.5167312918
     2686.6468029997
     2544.6872858588
     2402.7300574087
     2275.7966373432
     2154.1194286306
     2032.4380490161
     2623.5561670002
     2481.5966101941
     2343.3940603237
     2221.7163587347
     2100.0356397178
     2702.4204326457
     2560.4613194816
     2418.5039822404
     2289.3165874387
     2167.6393290118
     2045.9584278724
     2639.3297074131
     2497.3702262090
     2356.9141117157
     2235.2363471056
     2113.5555383099
     2718.1937846568
     2576.2342636601
     2434.2765602987
     2302.8355971172
     2181.1585176699
     2059.4770024905
     2655.1016858137
     2513.1413974522
     2371.1839697711
     2248.7554508627
     2127.0735373272
     2733.9652718274
     2592.0055654565
     2450.0488791577
     2316.3553283427
     2194.6773163662
     2072.9957463030
     2670.8739154129
     2528.9138991808
     2386.9560735800
     2262.2742497664
     2140.5927177475
     2749.7379731696
     2607.7781247271
     2465.8209739392
     2329.8742731132
     2208.1976072626
     2086.5156958076
     2686.6468758512
     2544.6868801778
     2402.7298736306
     2275.7969723736
     2154.1195073914
     2032.4368398666
     2623.5562189974
     2481.5960788987
     2343.3942948133
     2221.7167501862
     2100.0344679799
     2702.4202069397
     2560.4605343632
     2418.5042621117
     2289.3176585448
     2167.6401079621
     2045.9567924469
     2639.3290556587
     2497.3696918377
     2356.9151905755
     2235.2376859158
     2113.5535649803
     2718.1925280257
     2576.2335082627
     2434.2776306690
     2302.8375616892
     2181.1598415581
     2059.4742361003
     2655.0998270339
     2513.1408508089
     2371.1863751468
     2248.7579693153
     2127.0702398196
     2733.9627219625
     2592.0051259664
     2450.0511902283
     2316.3579919933
     2194.6801463173
     2072.9909180525
     2670.8717471090
     2528.9161776589
     2386.9611350307
        0.0000000000
        0.0000000000
        0.0000000000
      571.1137226338
   179918.0673510642
   163435.3729865848
   447961.7532621537
   422691.7611090958
   404439.5629613338
   380174.4896784821
   347934.0091284117
   306990.0838955804
   601626.0399441244
   526575.4022265406
   467124.5982513776
   424960.7038824126
   395018.5034156308
   352974.4027952703
   672328.5334379617
   593321.9597128144
   518783.5016228149
   462974.2129997507
   409717.6389377964
   755503.1685194598
   680902.8915389549
   603053.4042798992
   540204.8938180977
   490772.0106544198
   447774.2425951636
   785391.1212818534
   729858.6135335696
   664732.2098285725
   600591.0417957563
   538566.1770664267
   844197.3693947716
   792659.4104126745
   736199.6290522722
   666285.7746128138
   610147.3359710077
   542791.9734292820
   829183.1104325477
   775495.0148929820
   715004.1599000781
   658313.4956983039
   585470.1797307628
   839876.9522774288
   772644.8561914298
   711699.8288805371
   658102.7686760612
   597607.9716518418
   531595.1656257303
   753237.7251161363
   688945.1779417609
   630251.1634591572
   572455.5458237292
   510268.6796686673
   725261.0453690169
   651967.1765798145
   589281.1788147832
   527861.5312014736
   468251.5032607736
   412395.8861211024
   578742.3982651548
   531502.7663896485
   493899.3569560288
   443795.2984720140
   411656.2700411251
   345706.0044422909
   441420.2079304489
   414339.1840139224
   376579.4403338284
   343943.4116321832
   294656.3032720412
   388911.8805698896
   363950.4224593581
   331103.4261647572
   304744.9911885504
   278402.6126675300
   242057.3337496700
   305764.3808065843
   284604.7289272786
   270022.6396157296
   250673.7657871195
   221828.8473498825
   282832.2824580324
   261549.3898020929
   245340.4638490766
   228076.8229434982
   210479.5741869203
   184453.1266956755
   225969.3486279032
   210681.5226860932
   202915.7697827145
   191608.3588636629
   171591.1847756159
   218939.8282343207
   202627.8987053047
   190343.9049511827
   175298.6154601867
   158822.1295458234
   138038.0537638433
   167731.7121665764
   159862.9986635188
   153010.2204059178
   140639.2005314741
   123703.9131444416
   154358.4648284596
   145116.8111801581
   133695.6987896104
   120238.6302560902
   105923.3394190957
    90982.0464814708
   112088.5516610618
   105005.6545624337
    97485.6398440133
    87273.4830983003
    77815.2007141331
    66862.6384717419
    83846.1664875234
    78969.2417262080
    71835.6997874060
    64504.9853503765
    55720.5989778562
    70702.4934984187
    65991.6827367022
    59175.0080701760
    53057.6116266468
    47078.6113523745
    41172.2570387781
    51821.1091767422
    48172.3790569155
    43831.1895017078
    39254.8038185147
    34513.5890384439
    41823.0683975719
    38487.3327927966
    34855.7631919032
    31320.7538235186
    27942.1553605690
    24605.1179686280
    30027.9461336525
    27759.0435354215
    25208.5141517090
    22745.4890738109
    20197.3783350655
    24350.6614315401
    22561.3559781539
    20463.5364817183
    18514.2987038488
    16613.7434140582
    14850.7719813147
    17979.7154529803
    16696.9196034519
    15258.4736424946
    13787.7778028464
    12366.5349162374
    14800.8742527463
    13638.6207308132
    12359.4578724950
    11139.6739121059
     9988.3115059520
     9057.1502695578
    10832.1949748614
     9996.7628303376
     9104.4426192074
     8170.5846931723
     7387.2784292616
     6511.8370813193
     7312.9777282676
     6685.4867311431
     5980.8817327147
     5393.4939559025
     4800.9351196882
     5253.5569176296
     4865.4779319426
     4420.0349353640
     4085.7047707983
     3775.0254737863
     3490.7697727685
     3931.0582371348
     3675.3073931061
     3459.3534562292
     3250.5007228442
     3038.7335197020
     3518.2915605872
     3335.7787505393
     3179.7849388124
     3020.0811880398
     2857.5644320278
     2717.3481127078
     3312.1912908510
     3262.9095836140
     3234.1097965825
     3172.0813979149
     3030.4223787639
     3530.9421325622
     3241.7132333361
     2909.9296455412
     2566.6447933472
     2327.6985961911
     2192.4613708012
     2790.3816117086
     2628.3355387448
     2441.2774948257
     2264.2667942158
     2131.4313941998
     2749.5733500649
     2607.7862022964
     2465.8284952227
     2329.8800534229
     2208.2031701643
     2086.5254082679
     2686.6533767849
     2544.6944869931
     2402.7367853592
     2275.8018268490
     2154.1249762613
     2032.4462196479
     2623.5622830834
     2481.6032477490
     2343.4007918046
     2221.7229203955
     2100.0433319388
     2702.4257261829
     2560.4668750090
     2418.5095038809
     2289.3212672118
     2167.6444899108
     2045.9650393624
     2639.3357583755
     2497.3766498988
     2356.9206039283
     2235.2427348089
     2113.5623751529
     2718.1997890797
     2576.2402917840
     2434.2824399560
     2302.8405185325
     2181.1638543601
     2059.4830543780
     2655.1082800513
     2513.1479175508
     2371.1900493269
     2248.7609168257
     2127.0788692573
     2733.9712279330
     2592.0114037030
     2450.0541443782
     2316.3598096765
     2194.6821774573
     2073.0010204259
     2670.8806590465
     2528.9202246116
     2386.9615981217
     2262.2788756005
     2140.5972579727
     2749.7443681614
     2607.7840972941
     2465.8260117501
     2329.8783882405
     2208.2019850694
     2086.5207022452
     2686.6542373919
     2544.6933399491
     2402.7349819341
     2275.8010068380
     2154.1236245852
     2032.4416960612
     2623.5638279597
     2481.6025885202
     2343.3992401032
     2221.7204731510
     2100.0390503176
     2702.4278990108
     2560.4671065538
     2418.5092581314
     2289.3211809380
     2167.6435716251
     2045.9620104841
     2639.3376123082
     2497.3765012504
     2356.9193803259
     2235.2406704370
     2113.5590583360
     2718.2015852315
     2576.2403683603
     2434.2819469145
     2302.8401681942
     2181.1627592803
     2059.4804604553
     2655.1095688945
     2513.1473635522
     2371.1888983813
     2248.7593541392
     2127.0765323127
     2733.9728210100
     2592.0114050410
     2450.0538646563
     2316.3597562471
     2194.6812125065
     2072.9989913357
     2670.8816245984
     2528.9197969394
     2386.9606957006
     2262.2776570395
     2140.5955682058
     2749.7456138812
     2607.7841305201
     2465.8257268680
     2329.8781147708
     2208.2010817646
     2086.5192166137
     2686.6550462902
     2544.6931923284
     2402.7345112486
     2275.8005336094
     2154.1227286656
     2032.4403545992
     2623.5643940560
     2481.6025089581
     2343.3985224012
     2221.7194865873
     2100.0378522114
     2702.4287049477
     2560.4674785167
     2418.5089860818
     2289.3206599926
     2167.6426284310
     2045.9609472555
     2639.3380681661
     2497.3764448054
     2356.9187256275
     2235.2396341796
     2113.5579611166
     2718.2023116654
     2576.2405688076
     2434.2814499206
     2302.8395711967
     2181.1617486548
     2059.4794948295
     2655.1097581245
     2513.1472484393
     2371.1883713740
     2248.7584961716
     2127.0756133054
     2733.9732855117
     2592.0115194807
     2450.0536194943
     2316.3592255438
     2194.6804081785
     2072.9981178927
     2670.8818539260
     2528.9196428998
     2386.9601380717
     2262.2770931490
     2140.5948275111
     2749.7459766413
     2607.7840348720
     2465.8254361446
     2329.8780495851
     2208.2010228553
     2086.5183480905
     2686.6549825439
     2544.6927740599
     2402.7343090568
     2275.8010118964
     2154.1228899568
     2032.4393252489
     2623.5643531430
     2481.6018982439
     2343.3986178608
     2221.7199246849
     2100.0369616167
     2702.4283762850
     2560.4666214346
     2418.5092121400
     2289.3221208443
     2167.6439617914
     2045.9595524597
     2639.3371992265
     2497.3757274125
     2356.9197948882
     2235.2414696906
     2113.5561491494
     2718.2006400620
     2576.2394862467
     2434.2827156537
     2302.8425094027
     2181.1640556162
     2059.4763953586
     2655.1071939598
     2513.1462044424
     2371.1913932771
     2248.7623946774
     2127.0717844938
     2733.9696844811
     2592.0105806733
     2450.0568430424
     2316.3636320243
     2194.6849189526
     2072.9918196668
     2670.8784908907
     2528.9223387793
     2386.9672897386
        0.0000000000
        0.0000000000
        0.0000000000
      571.1137226338
    33321.4416699321
    27157.2497492925
   172322.9786436180
   174220.9979094146
   170231.1586266659
   158920.9477263020
   142810.9926937232
   122433.9505342252
   281031.6268762574
   240919.1397703777
   212271.1865528254
   202033.9780623394
   195488.5794375582
   174728.9480112332
   393525.0506504009
   339908.9209393790
   287581.5641035030
   251292.7667094362
   217318.5159553359
   463094.8838227367
   407130.1976803997
   352067.9727500176
   309812.2740067671
   277649.6273525194
   248736.0315930875
   517901.0991854338
   465766.5932235318
   406455.5192367487
   357416.2747801591
   317395.0322782641
   597915.7836722076
   544117.5463714845
   486333.3182501936
   427513.0580162039
   387271.9910723819
   344160.7304558015
   628045.4723551575
   569909.7747689879
   502900.5763092443
   450025.4250792194
   395804.1680555411
   652631.8003554877
   592359.0690004694
   525682.5222671166
   472358.4349934194
   421360.8044092836
   378428.2570715513
   624134.3323677427
   574621.0759783493
   516916.1809135583
   460731.5784631633
   407604.5028700350
   624694.8138979429
   565771.5585000751
   507939.6071862793
   453595.6828285113
   406336.5171336125
   373890.0052319420
   572577.4432136399
   528282.9456168966
   480761.4901135385
   434307.3135503489
   404536.4580675331
   355889.5829314925
   532527.9908753659
   500703.1562027434
   442161.4564367829
   404624.9212610118
   347595.5657792512
   510135.6172349640
   482100.7663502580
   426945.7678181562
   393806.2148529183
   361649.9952456783
   322534.7442906094
   441686.4162489184
   421746.0414305016
   394942.0604129575
   366838.1134523245
   326190.7985914936
   439180.2047935153
   411844.3233491935
   384904.7820841784
   359638.9136696900
   333419.6523496857
   293387.4993819506
   378954.7662120687
   357876.0792772517
   342351.9342076832
   318727.8095510990
   288128.8419357550
   390983.1076659518
   368801.3367763036
   345047.7659953469
   315287.7849781621
   287946.0687794939
   250831.6047564080
   322611.3721295015
   301064.5455989590
   287932.1800297601
   269020.2833058456
   240661.0012671161
   324971.8610861860
   302555.7934879125
   280747.7629360994
   258865.7426636575
   234792.0765710217
   205249.7482177865
   264483.4007627153
   242128.6235303318
   226597.8515799678
   211327.3851797717
   192103.1577527519
   166328.4383125592
   217786.6492212041
   202527.5092232816
   190077.7509078594
   173815.7098317880
   150146.7462768894
   199583.0270310443
   184654.1603184739
   169392.1903640279
   153264.7896801857
   137607.7125285596
   118566.8504530529
   153911.4890004476
   144533.0924626113
   134994.2502293660
   122326.7280673089
   107190.9673082665
   139231.9426847876
   128835.7901581846
   118626.6739686269
   107247.3622414471
    96796.2761270618
    84844.8551164609
   109318.0763546084
   102657.3425905689
    95062.2403158874
    86858.0160357710
    76809.9251371418
    96838.6738723012
    90044.9242642109
    83359.7729816466
    76809.3141166798
    69818.6108553135
    62420.7097925652
    79270.9254448380
    74159.2505063178
    68588.7190469564
    62558.6847924844
    55677.1676522648
    67806.3430776231
    62545.3045150143
    57394.7243652101
    52211.6710493686
    46638.9325977178
    41855.7393584806
    51401.1041494305
    47750.1605476676
    43970.1526530413
    39965.8046176633
    36066.2910878183
    31982.2969091021
    39362.2616194278
    36709.2688445647
    33507.2915223755
    30753.1906340715
    27103.5513395842
    33690.3583515904
    31529.1287892147
    28613.6417663379
    26229.3124057201
    23797.9389217779
    21388.8401088563
    26557.5385367892
    24887.9760319747
    23028.0484116578
    21123.9898929259
    19095.9319866111
    23604.2615926689
    22091.2737523921
    20466.0916491171
    18827.9279017092
    17122.3336071050
    15432.6924808465
    19298.3145368014
    18123.2714835013
    16775.8872780605
    15419.7327349188
    13965.4463817901
    17261.3733865980
    16142.5415987294
    15038.7628612801
    13846.3058185384
    12651.6956500625
    11436.0545655625
    13825.9755060533
    12958.9563006696
    11984.5301662795
    11013.6607309195
     9952.5197999735
    11603.4231400702
    10679.8938442115
     9767.0682236411
     8851.0626245509
     8041.0187054282
     7271.0908050881
     8322.9743866396
     7689.2549239641
     7071.6464789246
     6470.8502358072
     5931.6592784326
     5374.7709200832
     5894.9192139471
     5481.0233023788
     5065.9552738998
     4701.0547933787
     4318.8788663948
     4769.8201072721
     4443.4274028252
     4127.4007837145
     3863.5717298414
     3621.3153279545
     3401.5904080506
     3968.1184753451
     3776.8114944595
     3591.4648733703
     3419.7056809321
     3221.1083421299
     3686.6758215651
     3394.6235709684
     3069.9126383513
     2794.1563863471
     2604.8335705836
     2425.6250600151
     2944.5382455754
     2744.8412355480
     2545.5374766556
     2371.8411120369
     2211.1216894469
     2806.2219883043
     2664.5604461015
     2534.9503075040
     2412.5923456163
     2280.7026399502
     2122.6266307030
     2670.8590694010
     2519.3165870570
     2386.8362786446
     2262.2876864064
     2140.6084051644
     2749.7508164449
     2607.7912671432
     2465.8327971149
     2329.8837935720
     2208.2065794387
     2086.5283357572
     2686.6595237539
     2544.6997655382
     2402.7411669679
     2275.8057380922
     2154.1284552820
     2032.4493625194
     2623.5685241443
     2481.6083749847
     2343.4052555910
     2221.7267266599
     2100.0468877664
     2702.4318782308
     2560.4719986673
     2418.5140660070
     2289.3253002713
     2167.6481892499
     2045.9685533657
     2639.3417946513
     2497.3818210390
     2356.9251986016
     2235.2469444925
     2113.5666378575
     2718.2057731719
     2576.2454414685
     2434.2873540410
     2302.8447424138
     2181.1679169825
     2059.4867523085
     2655.1142138561
     2513.1529948567
     2371.1945954090
     2248.7654112839
     2127.0827982099
     2733.9765525708
     2592.0161995489
     2450.0586018754
     2316.3641441576
     2194.6859438618
     2073.0044636433
     2670.8858915409
     2528.9252443961
     2386.9663327830
     2262.2830314785
     2140.6006017613
     2749.7492551070
     2607.7890733394
     2465.8307272646
     2329.8822891507
     2208.2053091183
     2086.5240004854
     2686.6596530404
     2544.6988493237
     2402.7399270632
     2275.8048598988
     2154.1271011245
     2032.4447271653
     2623.5689055152
     2481.6082869141
     2343.4042993430
     2221.7246095639
     2100.0420158668
     2702.4330138937
     2560.4730608597
     2418.5145396989
     2289.3253251211
     2167.6469289029
     2045.9648922972
     2639.3431823348
     2497.3825714480
     2356.9247519807
     2235.2447777551
     2113.5621708034
     2718.2075410312
     2576.2466874866
     2434.2873689549
     2302.8441456709
     2181.1660122341
     2059.4831750090
     2655.1154970522
     2513.1534192756
     2371.1939400226
     2248.7630592214
     2127.0789210717
     2733.9787857092
     2592.0175456860
     2450.0589504204
     2316.3635532266
     2194.6842516446
     2073.0014241316
     2670.8879855371
     2528.9258699350
     2386.9652330965
     2262.2809695221
     2140.5976661922
     2749.7521531080
     2607.7902292378
     2465.8304274341
     2329.8819653053
     2208.2048519119
     2086.5217314949
     2686.6619112761
     2544.6991596412
     2402.7392090559
     2275.8050459995
     2154.1268260428
     2032.4424051541
     2623.5715152671
     2481.6082974206
     2343.4034089050
     2221.7237584931
     2100.0397544595
     2702.4357117998
     2560.4731047780
     2418.5142331247
     2289.3265012260
     2167.6482795711
     2045.9628060716
     2639.3449615632
     2497.3821320993
     2356.9245979782
     2235.2457248115
     2113.5591829222
     2718.2085239023
     2576.2457335132
     2434.2877889752
     2302.8474227813
     2181.1688851238
     2059.4789755674
     2655.1146265229
     2513.1517122114
     2371.1963630314
     2248.7672841586
     2127.0736085073
     2733.9767765195
     2592.0161121979
     2450.0624884067
     2316.3694417727
     2194.6900623978
     2072.9928290965
     2670.8854247400
     2528.9285720539
     2386.9735527003
        0.0000000000
        0.0000000000
        0.0000000000
      571.1137226338
     7996.8070959343
     6912.2168073103
    82738.2297215828
    80423.2082716614
    74673.1554243522
    67492.6648947810
    58907.1780929848
    48258.5058494754
   109761.7780663104
    93355.5272687594
    84952.4167213662
    84085.0655003028
    83983.5807716790
    74767.9075075969
   181858.3902720253
   157753.3123490002
   135431.4972426175
   121392.3648628978
   105628.4250389991
   247230.1156917870
   217809.1903689546
   191272.1516850747
   171661.1197671233
   156727.4499703077
   141267.5325467802
   324540.1916344773
   288103.5524011226
   250530.8452806781
   221511.1014243464
   197928.8827563126
   409449.8728406679
   370593.3812318462
   331614.1228889785
   293764.4811342053
   267827.0277271775
   239205.2023082275
   457867.9963291079
   413780.6731699454
   369573.7085544757
   338389.5212922107
   304686.9798175708
   506218.5312963812
   460002.9164565855
   412046.0379122510
   376657.5944883180
   339337.3573622964
   305910.3845036746
   495073.5572243423
   454481.9225930557
   411165.2191970211
   369363.7421672922
   329205.7875300465
   510519.5509573909
   468412.1447745436
   425588.4111225292
   385669.8131095008
   347796.4136927468
   320750.2799341049
   496201.3183489221
   456560.9078845940
   414593.1404669567
   372806.9899370252
   342582.4041250204
   300112.5297818892
   465876.4962254273
   439084.2503378924
   390576.1981681532
   354388.2421215173
   304030.7075222357
   475011.7173217276
   445804.1375651392
   401651.5884057272
   364258.6722299738
   327246.4302874347
   287216.6274362052
   440764.2388025283
   420850.6113958227
   390986.2759947917
   351356.7557103242
   304662.2606774594
   451088.9894251699
   426636.5882780999
   394126.3604440631
   353437.0852028850
   314350.2347936281
   273099.1015393564
   402277.2508915592
   388863.4094147255
   366082.3242861661
   331556.2562347209
   288124.9143303278
   425621.3145713196
   403247.3991546757
   375453.7891855939
   338747.9173477805
   301364.1936360030
   261752.9724148928
   384926.7415332015
   364249.8272443133
   336581.5182883065
   298291.7029674160
   256547.6498953727
   386825.7912535304
   355416.3792418063
   322264.0342720127
   286622.7847962299
   253938.8369489888
   222414.0836703081
   333265.7682564482
   307998.0254630265
   284120.9778121872
   256740.0465633217
   232489.8625631100
   198652.3148795550
   287317.7943324372
   266720.7908069064
   238926.9441503407
   213526.2177139457
   184812.7483177633
   272125.6263776064
   254485.3107889413
   230833.3445686358
   209310.2353879257
   190040.3209825606
   168167.8680839760
   240815.3050266597
   231550.5074555758
   218429.7216707400
   199424.9312762971
   174154.6170067682
   239954.5005997238
   225869.8095509413
   210568.8240170028
   190267.4688299410
   171966.6940965602
   149144.0901286162
   201993.2139701067
   190870.8860801894
   181598.0308425068
   166871.0325066610
   147572.9632612355
   192856.5518783738
   180915.3534792064
   170288.5193235777
   156702.8174053196
   142333.4730937159
   124662.0405860798
   162657.8346859651
   151711.9336712581
   140817.8324748969
   128949.5047574477
   115019.2606321384
   149184.5562932857
   138007.7146395596
   127169.3958678795
   116341.3677484238
   105493.9363016124
    95360.0120409895
   125146.8613175991
   115616.6243159287
   105979.6418344338
    96461.2023037389
    87834.4734608418
    77770.5100354950
    99287.8176471146
    92729.8104596857
    85228.8541077528
    78061.8479632664
    69634.7805005146
    92127.8313051476
    86248.4232396676
    78737.4166425703
    72008.4813307166
    65400.1675428942
    58577.2452725084
    76831.7668673819
    72503.7127080003
    67940.4031368319
    62701.7300624008
    56555.7225990562
    72203.1868334578
    67624.6853821151
    63165.3486504096
    58122.4130431535
    53108.3297572324
    47470.7473480606
    58640.8551559157
    54763.2031260663
    50913.7093236651
    47064.4048727279
    42820.1847873766
    54430.9219884966
    50895.5138560234
    46796.0161280369
    42894.1405380663
    38770.7225764205
    34697.8152890829
    44142.0892602760
    41161.2795301070
    38085.5288121665
    34966.9490079796
    31646.5212905849
    39930.4592034825
    36632.5015530891
    33335.1812172985
    30347.5944135635
    27303.2552567725
    25306.4738604024
    31934.3052911296
    29241.1103432606
    26487.8377740585
    23854.6639934110
    22213.6419480997
    20027.7285085607
    24547.7452936171
    23359.8489668979
    20980.8476850312
    19724.9330801231
    17372.2655385854
    21369.1888458081
    20325.0879360751
    18123.0738319257
    16782.4811240857
    15466.1335297804
    14138.4066682656
    17324.5982282128
    16349.1278777926
    15322.3558007093
    14273.1725107880
    13149.9717160920
    15979.6354535239
    15131.6200809223
    14283.0942269205
    13453.3266996520
    12540.7924453667
    11547.4213112634
    13947.4958721288
    13151.7730639748
    12261.9269858817
    11326.5478735706
    10292.8273409725
    12265.3198969573
    11428.7689233504
    10543.2353700194
     9601.0603303722
     8710.4512870307
     7850.5046437754
     9643.1622195147
     8945.6005739450
     8246.0095547089
     7575.3519085661
     6896.9839417786
     8578.7220562764
     7994.0234545611
     7390.9917792168
     6774.5604784881
     6186.9484349778
     5674.4421176860
     7004.2382167039
     6590.8048827195
     6166.5453249929
     5730.8610674041
     5302.4799424389
     4872.7589948882
     5725.0655133734
     5403.4210271122
     5077.0099940249
     4767.5310292106
     4440.4353703880
     5134.5823158722
     4891.3980514199
     4640.0059862469
     4395.6029332607
     4136.8577424366
     3841.2815218640
     4359.9874158844
     4149.2436350914
     3970.6759329766
     3799.8505595380
     3586.3797307945
     4063.9056616066
     3799.0509624445
     3531.1483765532
     3268.6960744594
     3035.0855284196
     2836.3326169966
     3386.8448169618
     3245.0381488661
     3110.2114568865
     2976.5361372229
     2799.9472542496
     3302.6376851670
     3132.2778343508
     2981.9618763677
     2790.8110916511
     2565.4934733235
     2312.6343982784
     2760.6075253613
     2519.5612124130
     2377.1070268177
     2262.2919396772
     2140.6123029263
     2749.7568760499
     2607.7963830193
     2465.8372896264
     2329.8879002475
     2208.2103536017
     2086.5319792233
     2686.6652540111
     2544.7046261544
     2402.7454781465
     2275.8097355743
     2154.1322485087
     2032.4529183792
     2623.5737386388
     2481.6130659347
     2343.4095259971
     2221.7307664421
     2100.0505509408
     2702.4371640442
     2560.4770059338
     2418.5188093166
     2289.3298698063
     2167.6521786589
     2045.9719901469
     2639.3468473532
     2497.3866717738
     2356.9299982828
     2235.2512669536
     2113.5703319705
     2718.2112938388
     2576.2509048943
     2434.2926846242
     2302.8495404298
     2181.1716947732
     2059.4895942955
     2655.1190751065
     2513.1579157978
     2371.1995246084
     2248.7695377701
     2127.0856556458
     2733.9816716358
     2592.0216502136
     2450.0640370905
     2316.3687178040
     2194.6890305890
     2073.0065840317
     2670.8911628170
     2528.9307750171
     2386.9711394436
     2262.2864691623
     2140.6027326175
     2749.7550682861
     2607.7950735482
     2465.8358474502
     2329.8863683440
     2208.2087604210
     2086.5263381273
     2686.6660497659
     2544.7048934552
     2402.7447965176
     2275.8092783465
     2154.1308615200
     2032.4466665651
     2623.5760106567
     2481.6143889517
     2343.4089265763
     2221.7282496488
     2100.0437175024
     2702.4403942493
     2560.4792112192
     2418.5194390644
     2289.3305124603
     2167.6523285413
     2045.9671313422
     2639.3509237250
     2497.3884748661
     2356.9296564782
     2235.2499860112
     2113.5633901407
     2718.2148187997
     2576.2518341094
     2434.2926920187
     2302.8516340002
     2181.1736524962
     2059.4828656931
     2655.1211499608
     2513.1569998470
     2371.2007980696
     2248.7719809364
     2127.0765829012
     2733.9830723833
     2592.0212396669
     2450.0675742783
     2316.3749137301
     2194.6951305956
     2072.9945042654
     2670.8918749395
     2528.9344137802
     2386.9795042907
        0.0000000000
        0.0000000000
        0.0000000000
      571.1137226338
     3000.9547834254
     2831.5033769348
    36355.4244833176
    35465.2131244679
    33236.7571462191
    30471.5874801887
    27448.3953285692
    22781.3458870756
    45911.3117069886
    38563.5664152618
    35260.7329852312
    35275.5170272868
    35350.5505120624
    31657.7061173018
    79543.3472199665
    69151.0053469768
    60108.0418537168
    54323.1605889135
    47730.9463047545
   116872.1303184445
   103486.4897782787
    92304.8827042953
    84323.5166268797
    78519.6214342581
    71468.2076327821
   171059.0010432034
   153499.0288675491
   136392.5738688419
   122762.7865113620
   110665.6960788553
   244090.9380267944
   222774.1982793587
   203204.2811511098
   183973.2510684690
   170809.9811220297
   153897.9353740438
   314204.2625972624
   279459.5477227954
   246605.5280383543
   224853.4002276779
   201824.2375126525
   364847.7447950103
   331070.9203052227
   297811.2432210734
   275242.5299290908
   248193.2375237685
   223170.6133127965
   380182.9753377629
   344851.1551103089
   307808.3629590630
   273598.0164797121
   242401.7938933712
   406207.9482958004
   368311.1280725998
   329977.9978819025
   295129.6505978669
   263787.9352374152
   243644.3692323212
   415956.4371147153
   379162.4194374161
   337696.4869284973
   299555.2853594109
   273901.1564626925
   240148.7374576122
   407038.9769884497
   376500.2477467544
   330335.5965456305
   295513.0691665176
   254731.9390630217
   434182.5597081766
   399744.9202590017
   353464.5197855468
   316082.3679200592
   281601.5246939852
   249614.4590012528
   425075.0265541443
   399822.8019267764
   360190.4981980279
   320773.0414506032
   278650.4716419700
   445405.1578414055
   415924.2933132601
   374036.9456782837
   330713.0587782927
   292716.9036989695
   256472.6385598436
   413868.0232288587
   389147.9406508466
   353990.7133130626
   315725.9449762116
   270317.4590438824
   423006.7333275668
   387114.0582233387
   347364.5823405883
   309816.1736325843
   276108.5478754583
   242335.8708403519
   375861.0581575116
   345102.0855435015
   310328.7852873139
   276076.2536484593
   240283.2915090530
   364607.1027225945
   330976.4699895996
   295827.6858705793
   262548.6525706282
   232434.0937293030
   208172.6532577160
   319612.8057746304
   290809.1616401927
   261877.6425389384
   236439.0588649362
   217695.9650215072
   194703.4365463011
   299796.6878767927
   279123.8142247839
   245931.1820320226
   224770.8935681795
   193551.3609461574
   296946.3634245640
   276886.7291686173
   242812.3551241851
   222112.8312931429
   203603.7157918463
   183910.3987905026
   271300.6470689343
   253855.8466490441
   232828.3501789790
   211254.4788831542
   188182.6680907996
   269422.8491298521
   250565.2355356839
   231209.2525558693
   210375.9696446814
   191935.0773977975
   170037.4985250735
   243385.0914048251
   229094.4843172615
   215569.7589848851
   198101.4597174868
   177056.2740172899
   248726.0856307014
   233811.2322370784
   218668.1689331268
   198876.0922970314
   179634.9373052473
   158048.3716108427
   217580.9671255604
   204835.8816920843
   191019.1484849185
   173927.4314737743
   154493.3745107514
   210414.7270501131
   195097.4074913883
   180165.8433307014
   164266.8662745793
   147599.5529421773
   131481.4691701802
   177603.7621257213
   165194.1819945420
   152415.2139664102
   139009.2368223483
   126477.7341347628
   112694.3328308357
   150740.3922734401
   140642.3215341000
   128609.0723846932
   117456.8283723839
   105060.3013726679
   141494.5777841079
   132058.0229380810
   120897.7820826406
   111508.3379865767
   102383.7481176782
    92694.6155230374
   124119.4084909469
   117979.3859813514
   110383.1564114166
   102049.5987356891
    92321.3764808676
   119149.5476741364
   112277.4096250271
   104575.7922146484
    95651.9924131460
    87509.4157824028
    78362.1669694396
   102329.8842398330
    96355.0494068687
    89573.9427206294
    83854.0166298858
    75673.7601148294
    96679.3317564739
    91417.5115061229
    86130.6323087713
    80851.2033721738
    74649.3734668676
    67663.8921808141
    87096.4304381312
    81313.5185644609
    75069.0972120651
    68279.6951971689
    60804.0470290239
    77487.8065580537
    71017.6010646552
    64745.1148923877
    59017.7410688724
    53592.6015713884
    48793.8811125457
    64670.4615223047
    59940.3247651059
    55256.7350643645
    50390.7074780143
    46891.7115890350
    42013.8427861499
    53892.9137756902
    51161.4761613451
    46169.3166212765
    43122.5992022136
    37887.2742618438
    49437.0107687407
    47033.2574497958
    42307.3627295835
    39384.7964669582
    36476.7826835514
    33324.4354710047
    42512.0786976539
    40091.8410181642
    37576.5036370001
    34945.5913583309
    32018.0082228993
    40293.4327340620
    38117.3796987739
    35972.3230017255
    33692.9312124065
    31378.6381233430
    28709.1685735965
    36007.4820028091
    34119.6554494814
    32336.7039136279
    30227.1678385197
    27780.5513261137
    35105.6234756779
    33276.7347565117
    31388.6925081738
    29222.4558448546
    27025.1232599704
    24543.7450269965
    31183.7977930623
    29423.0383832183
    27507.4929208842
    25502.6948885981
    23250.2831616088
    29539.7670350867
    27742.4939239057
    25883.4201048971
    23899.2267165632
    21836.3260141023
    19780.9935379060
    25030.5567531244
    23340.1191099423
    21629.7110524230
    19827.8010443002
    18198.9886570043
    16457.3199789938
    20827.9351172295
    19698.3740512604
    18234.1561068407
    16967.5139500072
    15324.6529913289
    19467.9401339397
    18345.9544762680
    16839.0725425307
    15421.6107676124
    14020.8628749518
    12619.4163501071
    15981.0050461551
    14906.5345428152
    13748.5590381236
    12614.7158979529
    11475.7615145743
    14819.3348059485
    13872.3848963377
    12868.1406486021
    11871.3430749178
    10882.0793730652
     9882.0896326525
    12876.5152608795
    12056.6848410100
    11127.6255429870
    10202.2020941458
     9252.7909901299
    11741.9197095064
    11023.8125225632
    10276.9695832721
     9466.3484340138
     8706.7092564073
     7975.1042807855
     9730.9403518986
     9114.9028258465
     8406.1557286928
     7704.5923622575
     6987.2086887730
     7978.1514336484
     7366.5290378930
     6780.6379478210
     6227.3914661068
     5689.3250896931
     5198.4349281884
     5771.2421768511
     5397.2845443481
     5031.2671810389
     4673.7158032751
     4316.9016250687
     3972.5485045156
     4428.8342058110
     4174.0087346331
     3954.2056626674
     3745.2306766897
     3527.1925808948
     4048.8444629974
     3832.7032180066
     3660.7696293929
     3516.7172689525
     3373.4302352854
     3206.9521229677
     3706.9803155081
     3519.5945490048
     3348.1714307984
     3204.7650418488
     3050.1962469782
     3584.8353799753
     3366.2744606457
     3117.1637163654
     2896.3865201410
     2750.4671933421
     2608.6926014041
     3200.3835986520
     3045.4006435187
     2865.5682099614
     2683.0506596760
     2518.7575135354
     3093.0829375214
     2913.0299020029
     2756.5811498597
     2647.5753356761
     2546.8910456035
     2434.8994147827
     3017.7904725941
     2873.4031931671
     2718.1180987948
     2553.9382149775
     2340.6372990003
     2844.7392804649
     2635.1695794843
     2458.8745327488
     2324.5294644294
     2208.2170545356
     2086.5379287226
     2686.6736824205
     2544.7117713386
     2402.7519023981
     2275.8159629921
     2154.1381587751
     2032.4574294129
     2623.5816401001
     2481.6197814346
     2343.4156890011
     2221.7362408201
     2100.0542486516
     2702.4448157602
     2560.4836446505
     2418.5251054013
     2289.3359810925
     2167.6578284815
     2045.9753538074
     2639.3556969945
     2497.3941445987
     2356.9364376495
     2235.2566085544
     2113.5720772997
     2718.2197125647
     2576.2577381278
     2434.2988611581
     2302.8561446106
     2181.1792381867
     2059.4908492253
     2655.1277235173
     2513.1630557089
     2371.2055889288
     2248.7772938464
     2127.0835106277
     2733.9891497866
     2592.0267416067
     2450.0726480035
     2316.3807953474
     2194.7012814939
     2072.9987365942
     2670.8985080571
     2528.9405100839
     2386.9858567269
        0.0000000000
        0.0000000000
