!------------------------------------------------------------!
  Date: 20191122
  Simulation name: AVY4 
  Filename:KEbyx.txt                                                                                                                                             
  Produced in mod-subroutine:  massdist/energypotential                                                                                                                              
  Written by AK September 2019
  Description: Integrates by width K energy necessary height                                                                                                        
  Data format: RMAX by t kinetic energy (J)                                                                                                                         
!------------------------------------------------------------!
        0.0000000000
   161341.4892035468
        0.0000000000
        0.0000000000
        0.0000000000
        0.0000000000
        0.0000000000
        0.0000000000
        0.0000000000
        0.0000000000
        0.0000000000
        0.0000000000
        0.0000000000
        0.0000000000
        0.0000000000
        0.0000000000
        0.0000000000
        0.0000000000
        0.0000000000
        0.0000000000
        0.0000000000
        0.0000000000
        0.0000000000
        0.0000000000
        0.0000000000
        0.0000000000
        0.0000000000
        0.0000000000
        0.0000000000
        0.0000000000
        0.0000000000
        0.0000000000
        0.0000000000
        0.0000000000
        0.0000000000
        0.0000000000
        0.0000000000
        0.0000000000
        0.0000000000
        0.0000000000
        0.0000000000
        0.0000000000
        0.0000000000
        0.0000000000
        0.0000000000
        0.0000000000
        0.0000000000
        0.0000000000
        0.0000000000
        0.0000000000
        0.0000000000
        0.0000000000
        0.0000000000
        0.0000000000
        0.0000000000
        0.0000000000
        0.0000000000
        0.0000000000
        0.0000000000
        0.0000000000
        0.0000000000
        0.0000000000
        0.0000000000
        0.0000000000
        0.0000000000
        0.0000000000
        0.0000000000
        0.0000000000
        0.0000000000
        0.0000000000
        0.0000000000
        0.0000000000
        0.0000000000
        0.0000000000
        0.0000000000
        0.0000000000
        0.0000000000
        0.0000000000
        0.0000000000
        0.0000000000
        0.0000000000
        0.0000000000
        0.0000000000
        0.0000000000
        0.0000000000
        0.0000000000
        0.0000000000
        0.0000000000
        0.0000000000
        0.0000000000
        0.0000000000
        0.0000000000
        0.0000000000
        0.0000000000
        0.0000000000
        0.0000000000
        0.0000000000
        0.0000000000
        0.0000000000
        0.0000000000
        0.0000000000
        0.0000000000
        0.0000000000
        0.0000000000
        0.0000000000
        0.0000000000
        0.0000000000
        0.0000000000
        0.0000000000
        0.0000000000
        0.0000000000
        0.0000000000
        0.0000000000
        0.0000000000
        0.0000000000
        0.0000000000
        0.0000000000
        0.0000000000
        0.0000000000
        0.0000000000
        0.0000000000
        0.0000000000
        0.0000000000
        0.0000000000
        0.0000000000
        0.0000000000
        0.0000000000
        0.0000000000
        0.0000000000
        0.0000000000
        0.0000000000
        0.0000000000
        0.0000000000
        0.0000000000
        0.0000000000
        0.0000000000
        0.0000000000
        0.0000000000
        0.0000000000
        0.0000000000
        0.0000000000
        0.0000000000
        0.0000000000
        0.0000000000
        0.0000000000
        0.0000000000
        0.0000000000
        0.0000000000
        0.0000000000
        0.0000000000
        0.0000000000
        0.0000000000
        0.0000000000
        0.0000000000
        0.0000000000
        0.0000000000
        0.0000000000
        0.0000000000
        0.0000000000
        0.0000000000
        0.0000000000
        0.0000000000
        0.0000000000
        0.0000000000
        0.0000000000
        0.0000000000
        0.0000000000
        0.0000000000
        0.0000000000
        0.0000000000
        0.0000000000
        0.0000000000
        0.0000000000
        0.0000000000
        0.0000000000
        0.0000000000
        0.0000000000
        0.0000000000
        0.0000000000
        0.0000000000
        0.0000000000
        0.0000000000
        0.0000000000
        0.0000000000
        0.0000000000
        0.0000000000
        0.0000000000
        0.0000000000
        0.0000000000
        0.0000000000
        0.0000000000
        0.0000000000
        0.0000000000
        0.0000000000
        0.0000000000
        0.0000000000
        0.0000000000
        0.0000000000
        0.0000000000
        0.0000000000
        0.0000000000
        0.0000000000
        0.0000000000
        0.0000000000
        0.0000000000
        0.0000000000
        0.0000000000
        0.0000000000
        0.0000000000
        0.0000000000
        0.0000000000
        0.0000000000
        0.0000000000
        0.0000000000
        0.0000000000
        0.0000000000
        0.0000000000
        0.0000000000
        0.0000000000
        0.0000000000
        0.0000000000
        0.0000000000
        0.0000000000
        0.0000000000
        0.0000000000
        0.0000000000
        0.0000000000
        0.0000000000
        0.0000000000
        0.0000000000
        0.0000000000
        0.0000000000
        0.0000000000
        0.0000000000
        0.0000000000
        0.0000000000
        0.0000000000
        0.0000000000
        0.0000000000
        0.0000000000
        0.0000000000
        0.0000000000
        0.0000000000
        0.0000000000
        0.0000000000
        0.0000000000
        0.0000000000
        0.0000000000
        0.0000000000
        0.0000000000
        0.0000000000
        0.0000000000
        0.0000000000
        0.0000000000
        0.0000000000
        0.0000000000
        0.0000000000
        0.0000000000
        0.0000000000
        0.0000000000
        0.0000000000
        0.0000000000
        0.0000000000
        0.0000000000
        0.0000000000
        0.0000000000
        0.0000000000
        0.0000000000
        0.0000000000
        0.0000000000
        0.0000000000
        0.0000000000
        0.0000000000
        0.0000000000
        0.0000000000
        0.0000000000
        0.0000000000
        0.0000000000
        0.0000000000
        0.0000000000
        0.0000000000
        0.0000000000
        0.0000000000
        0.0000000000
        0.0000000000
        0.0000000000
        0.0000000000
        0.0000000000
        0.0000000000
        0.0000000000
        0.0000000000
        0.0000000000
        0.0000000000
        0.0000000000
        0.0000000000
        0.0000000000
        0.0000000000
        0.0000000000
        0.0000000000
        0.0000000000
        0.0000000000
        0.0000000000
        0.0000000000
        0.0000000000
        0.0000000000
        0.0000000000
        0.0000000000
        0.0000000000
        0.0000000000
        0.0000000000
        0.0000000000
        0.0000000000
        0.0000000000
        0.0000000000
        0.0000000000
        0.0000000000
        0.0000000000
        0.0000000000
        0.0000000000
        0.0000000000
        0.0000000000
        0.0000000000
        0.0000000000
        0.0000000000
        0.0000000000
        0.0000000000
        0.0000000000
        0.0000000000
        0.0000000000
        0.0000000000
        0.0000000000
        0.0000000000
        0.0000000000
        0.0000000000
        0.0000000000
        0.0000000000
        0.0000000000
        0.0000000000
        0.0000000000
        0.0000000000
        0.0000000000
        0.0000000000
        0.0000000000
        0.0000000000
        0.0000000000
        0.0000000000
        0.0000000000
        0.0000000000
        0.0000000000
        0.0000000000
        0.0000000000
        0.0000000000
        0.0000000000
        0.0000000000
        0.0000000000
        0.0000000000
        0.0000000000
        0.0000000000
        0.0000000000
        0.0000000000
        0.0000000000
        0.0000000000
        0.0000000000
        0.0000000000
        0.0000000000
        0.0000000000
        0.0000000000
        0.0000000000
        0.0000000000
        0.0000000000
        0.0000000000
        0.0000000000
        0.0000000000
        0.0000000000
        0.0000000000
        0.0000000000
        0.0000000000
        0.0000000000
        0.0000000000
        0.0000000000
        0.0000000000
        0.0000000000
        0.0000000000
        0.0000000000
        0.0000000000
        0.0000000000
        0.0000000000
        0.0000000000
        0.0000000000
        0.0000000000
        0.0000000000
        0.0000000000
        0.0000000000
        0.0000000000
        0.0000000000
        0.0000000000
        0.0000000000
        0.0000000000
        0.0000000000
        0.0000000000
        0.0000000000
        0.0000000000
        0.0000000000
        0.0000000000
        0.0000000000
   161341.4892035468
   155498.7703334024
   157859.2077239956
   145782.8689281965
   135498.7658172097
   134470.0654681151
   133601.7182700218
   133777.7251148006
   135359.2633960168
   121065.0936411482
   106262.8489679541
    94021.0877626108
    81640.7318105239
    76614.7155443184
    73739.2085647804
    54539.6376382609
    38583.8928536692
    25284.0183265075
    19497.1978621952
    12120.5486236746
     7299.4927933728
     6377.6810159701
     3595.6964299289
     3329.8707286569
     4175.3089117398
     5573.4189171731
     6605.4990450621
     7358.5315649560
     8297.1263404965
     9169.1095003095
     9696.1106661928
     9716.0932060049
     9361.0717448005
     9204.7826615283
     9305.4100164174
    10106.6425852032
     9710.1673482661
     7559.3094754278
     4236.8068723647
     2055.3262139215
     1234.8304446975
      877.1293811274
      626.3562130303
      468.1565324406
      367.3091959236
      262.6917517079
      216.1344838129
      179.2018329392
      135.3067273773
      105.7410379654
       84.9926641386
       59.4238016102
       48.8338467683
       36.2701107709
       28.0491341231
       22.3606098135
       15.1978580800
       12.4595527152
        9.9838635972
        7.4741094876
        5.6746992715
        4.4917625232
        3.0594580530
        2.4930466246
        2.1097338952
        2.0679352165
        1.8177159357
        1.4278843637
        1.3899103705
        1.3764566931
        1.5809254600
        1.5896643271
        1.5507233441
        1.2824351839
        1.2329131239
        1.1641042495
        1.2157420414
        1.1139713914
        0.8369177458
        0.7341763966
        0.6296379502
        0.6553282498
        0.5112433837
        0.4085496196
        0.2706038324
        0.2002046113
        0.1491509076
        0.1848650980
        0.1304887974
        0.0782868222
        0.0600018924
        0.0580636414
        0.0975793691
        0.0924481490
        0.0869957882
        0.1016202798
        0.1243673410
        0.1571865827
        0.1860509390
        0.2067669816
        0.2337851935
        0.2348198922
        0.2771734217
        0.2796742478
        0.3037053217
        0.3314021676
        0.3108185051
        0.3273340727
        0.3648188871
        0.3355463419
        0.3412549511
        0.3454331910
        0.2865558364
        0.2979101637
        0.2885231701
        0.2419224902
        0.2254369048
        0.1744794032
        0.1481214152
        0.1227005740
        0.1106096328
        0.0792549490
        0.0630561113
        0.0428938674
        0.0391901720
        0.0425772041
        0.0562831180
        0.0722434643
        0.0810012700
        0.1098078699
        0.1430751973
        0.1711620977
        0.2035218500
        0.2535036893
        0.2406061428
        0.3007570910
        0.3433773841
        0.3609443537
        0.3855707634
        0.4387890013
        0.4360425625
        0.4773502184
        0.4639404122
        0.5058356558
        0.5578568107
        0.5253673193
        0.5621498172
        0.6173797150
        0.5851257383
        0.6181481361
        0.6572808845
        0.5984905324
        0.6451847461
        0.6014382866
        0.6247123459
        0.6518538024
        0.5758027186
        0.6057253927
        0.6318674940
        0.5606120260
        0.5574630581
        0.5515507568
        0.4637624910
        0.4536021425
        0.4293561572
        0.3575971994
        0.3188270531
        0.2358794656
        0.1914485644
        0.1597643160
        0.1041985483
        0.0650521345
        0.0450346144
        0.0124139492
        0.0052983992
        0.0142588429
        0.0343477110
        0.0699443257
        0.1054648582
        0.1721981887
        0.2509440477
        0.3123410799
        0.3609222007
        0.4746874807
        0.4660250108
        0.5758878162
        0.6537727047
        0.6754008902
        0.7565832252
        0.8296526843
        0.8233975259
        0.9081907141
        0.8591341208
        0.9486263749
        1.0203254759
        0.9648233131
        1.0348617908
        1.1176291972
        1.0241316038
        1.0955784974
        1.1726267141
        1.0491507893
        1.1220169820
        1.0087876853
        1.0652310530
        1.1250785426
        0.9825861467
        0.9960235172
        1.0523099108
        0.8901770765
        0.8944062795
        0.8876437427
        0.7017282601
        0.7021797973
        0.6570193205
        0.4788979728
        0.4261914370
        0.3087787499
        0.2392550471
        0.1811840696
        0.1397191458
        0.1092342258
        0.1391191285
        0.1284556137
        0.1991181944
        0.3155776969
        0.4655152526
        0.6598843763
        0.7525274826
        0.9915907017
        1.2489727729
        1.3917434468
        1.6626765953
        2.0093116185
        1.9095801175
        2.2267717999
        2.4931480239
        2.4667217347
        2.7079253019
        3.0064965485
        2.8002944047
        3.0141357215
        2.8174983294
        3.0559396916
        3.3072329930
        2.9845503090
        3.1438078050
        3.3292934047
        2.9798915029
        3.1349366912
        3.2901419762
        2.8715771005
        2.9950458740
        2.6158408305
        2.6962954368
        2.7690726917
        2.3484314567
        2.3841905671
        2.3795267134
        1.9376930143
        1.8867957115
        1.8128146029
        1.4411707570
        1.3269607568
        1.2046163014
        0.8878267018
        0.7289140338
        0.5134034989
        0.3790831562
        0.3168699635
        0.2151802142
        0.1853817216
        0.2260007900
        0.2044756043
        0.2929237686
        0.4328181958
        0.6023805878
        0.8115914045
        0.8877755766
        1.1304825197
        1.3684251446
        1.4268453733
        1.6246577579
        1.8942346440
        1.6997833016
        1.9147986674
        2.0181340485
        1.9215861255
        2.0019463153
        2.0795165579
        1.8708610940
        1.9132856962
        1.6837273271
        1.7200589982
        1.7319825101
        1.4862538537
        1.4800224290
        1.4673665022
        1.2302022224
        1.1921007096
        1.1602650203
        0.9344180815
        0.9014978950
        0.7331095643
        0.6723742714
        0.6283709524
        0.4712361867
        0.4231746323
        0.3819511305
        0.3004515386
        0.2315964725
        0.1792217708
        0.1227804584
        0.1031288798
        0.0785704307
        0.0847351820
        0.0241749014
        0.0486338834
        0.0318308281
        0.0264675634
        0.0765019931
        0.0767874070
        0.0394504286
        0.0440298563
        0.0443628472
        0.0424518371
        0.0623655920
        0.0438825043
        0.0256152184
        0.0213538384
        0.0278337124
        0.1405439677
        0.0494449627
        0.0114839638
        0.0309484117
        0.0440145831
        0.0922902947
        0.2470146838
        0.1217520532
        0.1136596767
        0.1406418109
        0.2332098274
        0.4129244787
        0.2566325889
        0.2634886947
        0.2789540606
        0.3644544031
        0.4641459475
        0.6298595226
        0.4303395567
        0.4282077107
        0.4249922780
        0.5118314110
        0.6192005263
        0.4227182076
        0.3968603821
        0.3541905845
        0.3892552600
        0.4137181002
        0.4494239048
        0.2581245013
        0.2088234406
        0.1616725338
        0.1339410418
        0.1347470682
        0.1411121197
        0.0476075831
        0.0235437444
        0.0528541817
        0.0444737454
        0.1181201936
        0.2142421210
        0.2300022793
        0.2662955036
        0.3502478506
        0.4495385652
        0.5881776950
        0.6773340129
        0.6528968619
        0.7310862420
        0.8165528146
        0.8864737882
        0.8850119065
        0.9074069578
        0.7898853344
        0.8055888696
        0.8205524478
        0.8114188209
        0.7647353143
        0.7342387543
        0.6063371593
        0.5911719109
        0.5642590454
        0.5132547642
        0.4719736775
        0.3681595495
        0.3390473840
        0.3127272318
        0.2961336929
        0.2553608101
        0.2195818779
        0.0000000000
        0.0000000000
        0.0000000000
   161341.4892035468
   157340.2293677151
   155030.7494941654
   142597.1609185229
   129263.1154362048
   125299.8980489813
   120090.9563901524
   113408.0200420169
   114737.4950502605
   113375.7754936326
    95265.7294204676
    82445.8035619766
    70098.9651794171
    65975.7683535539
    60982.9564971047
    56273.8228624777
    43814.3877657032
    30461.5607778102
    26149.2924029952
    17806.2759970247
    26041.2605079199
    26634.7551451504
    26477.9540210082
    31206.5704136932
    39298.3634682159
    50938.7467039829
    69191.1334679707
    81749.1894089982
    95077.6576040208
   112193.0196055654
   135184.6931008467
   151002.7919513519
   155559.5190335460
   158738.3802927611
   168086.6335546217
   181089.5587415418
   206275.6169539788
   206156.4945649889
   187387.4068661650
   176195.1905916413
   173990.9522766164
   182851.8724324456
   176020.3379910109
   157099.0075979401
   142433.4008898300
   135115.9445201673
   132590.6288134966
   136375.0380410158
   124166.9306538398
   108044.1865104605
    97053.0054084328
    91101.9928772981
    89166.2000824090
    79852.9080717748
    68422.2313024542
    60375.5757058606
    54333.3468040110
    49968.8803496814
    45509.5843476235
    38588.1307551981
    31941.1060356978
    26842.5873989732
    22595.9774384387
    19062.4296376629
    15991.0469134057
    12826.1342206626
     9924.4459496259
     7283.5513116431
     5471.4744314644
     3913.7233845022
     2601.4216489972
     1624.0659200016
     1023.9485751215
      748.2195368278
      863.4620072484
     1275.6104126760
     2141.3214820746
     3281.6144527642
     4110.7709147869
     5846.6663947316
     7699.5181701723
     9418.2147632499
    10673.8500906971
    11463.2288739897
    10133.5107683278
     8974.6498988050
     7045.7076800737
     5228.5030517887
     3797.3734268520
     2754.0923318388
     1820.9093555291
     1411.0377684665
     1118.6410232086
      912.4944572194
      766.7142329534
      565.9514239595
      493.6712768567
      435.2109039344
      365.2004382971
      308.8913835006
      267.2000196923
      199.4328757613
      177.7450620406
      149.0708880362
      126.3855037893
      109.5740365262
       80.8229341605
       71.3820592143
       63.3158268681
       51.4312514567
       42.1700770106
       35.2953164669
       24.5866757456
       20.7906861719
       17.2230036539
       12.8867873352
        9.8546966286
        5.9098616357
        4.8831641605
        3.4904095768
        3.2710740356
        3.5872729245
        3.4568737329
        3.4100322682
        4.1744245514
        5.1599871515
        6.4495743082
        7.5373944562
        7.2745818369
        8.2512412203
        9.2039600042
        9.7079289849
        9.9460406054
       10.2054322606
        8.8541000182
        9.1235430678
        9.3793299081
        9.0934418304
        8.5817371294
        8.2447871937
        6.7293698126
        6.6395990621
        6.3273087456
        5.6808951243
        5.2167595173
        4.0673319356
        3.8804755929
        3.6964461495
        3.5720834358
        2.9686890010
        2.5219207611
        1.8621791459
        1.7010120194
        1.7565190275
        1.3303734325
        1.0197367797
        0.6883449268
        0.5962515805
        0.4957964835
        0.6700987424
        0.4239428606
        0.2649324592
        0.1717976511
        0.1486573817
        0.1376420583
        0.3099593276
        0.2591194775
        0.2068074480
        0.2294372564
        0.2596212520
        0.3634184193
        0.3840770501
        0.3993333871
        0.3588774447
        0.3653179016
        0.3532398748
        0.4020268978
        0.3743161326
        0.2707363795
        0.2359655866
        0.2077864294
        0.4366993993
        0.2537430321
        0.1760574123
        0.1530722506
        0.0857280839
        0.1030680943
        0.2667688212
        0.2219328250
        0.1227837494
        0.1391201362
        0.1784103674
        0.3246337658
        0.3066847758
        0.2731613170
        0.3023238605
        0.3579590619
        0.4185232379
        0.5455333007
        0.5541467688
        0.5631670922
        0.5485686775
        0.6346245968
        0.6896362431
        0.7103711952
        0.7302880650
        0.6925344125
        0.7138961189
        0.8008737370
        0.7775373888
        0.7616282372
        0.7649944226
        0.6239027720
        0.6576232975
        0.6636172729
        0.5378133150
        0.5222352473
        0.3799424065
        0.3523736754
        0.2669755219
        0.2470030971
        0.1969808002
        0.1416355418
        0.1025160569
        0.1047319681
        0.1165183003
        0.1551167064
        0.1923809535
        0.2034155205
        0.2669810311
        0.3419532648
        0.4068880666
        0.4497394698
        0.5319228410
        0.4926858247
        0.5962172340
        0.6660855779
        0.6942491119
        0.7068091354
        0.7549045523
        0.7366613909
        0.7897880709
        0.7491865706
        0.7733859181
        0.8103737123
        0.7441859627
        0.7772335225
        0.8318898265
        0.7807880019
        0.7821527375
        0.7865377843
        0.7005284617
        0.7399069718
        0.6870332893
        0.6748294332
        0.6657243311
        0.5738086223
        0.5952462533
        0.6069766456
        0.5616534330
        0.5321488982
        0.5082906701
        0.4295381740
        0.4219686795
        0.4064203666
        0.3952478852
        0.3696265103
        0.2898540373
        0.2721798906
        0.2624321801
        0.2732352436
        0.2534011804
        0.2367759176
        0.1948025844
        0.1892435388
        0.1803350872
        0.2079271642
        0.2029140739
        0.1590901817
        0.1599595351
        0.1611631801
        0.2399743802
        0.1829676086
        0.1763743102
        0.1419991274
        0.1240711334
        0.1296970444
        0.2021659972
        0.1696542588
        0.1425385724
        0.1168550819
        0.1160913062
        0.1933462652
        0.1613423531
        0.1426283431
        0.1139214611
        0.1104057660
        0.1133316276
        0.2115241151
        0.1686080429
        0.1436603886
        0.1115148579
        0.1229380300
        0.2138415253
        0.1759029564
        0.1548963684
        0.1257197765
        0.1425998672
        0.1593318491
        0.2363941006
        0.2013100182
        0.1956313200
        0.1760086264
        0.1896189553
        0.2037540371
        0.2827810826
        0.2721641726
        0.2373063344
        0.2549594209
        0.2663944233
        0.3461257116
        0.3597044965
        0.3460913890
        0.3077145743
        0.3164136504
        0.3173702520
        0.3728111983
        0.3735283712
        0.2977677854
        0.2934270552
        0.2875272823
        0.3700158616
        0.3397395779
        0.3055499160
        0.2319797703
        0.2302681793
        0.2331394911
        0.3254397317
        0.2657513062
        0.2405367426
        0.1928315090
        0.2023772184
        0.2881679529
        0.2437068455
        0.2293636734
        0.1812981343
        0.1935114284
        0.2159602424
        0.3054984284
        0.2645882807
        0.2530545453
        0.2237338701
        0.2591839152
        0.3335023259
        0.3124972385
        0.3135422956
        0.2776723221
        0.3161881012
        0.3517743961
        0.4072966999
        0.3994178481
        0.4161638569
        0.3713102525
        0.3941260402
        0.4160524178
        0.4778545754
        0.4789125673
        0.4025512980
        0.4101560558
        0.4213667029
        0.4738680222
        0.4562995989
        0.4498453992
        0.3652081444
        0.3522400629
        0.3366827042
        0.3775669490
        0.3631474286
        0.2804186930
        0.2708339150
        0.2545076329
        0.2867977673
        0.2757189452
        0.2657833865
        0.2021107806
        0.1997012493
        0.1990353719
        0.2227310715
        0.2166149412
        0.2174367983
        0.1728293537
        0.1767987397
        0.1939179137
        0.1940248606
        0.1924511803
        0.1550813365
        0.1589376887
        0.1671744339
        0.1862511309
        0.1908548047
        0.1986654930
        0.0000000000
        0.0000000000
        0.0000000000
        0.0000000000
   157647.5081179115
   153287.6341457841
   141136.5077959393
   126095.6734760389
   116076.4026445417
   110339.8873392586
   104523.7936748895
   104964.9101136101
   102693.3870787760
    89195.6441009958
    78421.8943103303
    65620.7811755336
    60430.5302703070
    54755.3963121941
    51548.5866417888
    38639.9954555117
    25104.3582611854
    21035.0616067612
    13991.1446827725
    29755.2418369862
    31987.4502165433
    33378.7595134527
    40692.8875820018
    51901.4868688469
    66733.0449558163
    97218.4991258655
   114801.7115778549
   134051.0181621464
   155582.7160188963
   180661.9068307627
   207621.8274998871
   219747.6803364021
   232781.1282943701
   248495.3181069315
   266945.6402216706
   295124.4649131973
   309755.4848378173
   304633.4014935289
   299542.0692003553
   306336.9757401891
   330425.6485928933
   338871.7497231953
   325509.8835213710
   308316.5420359732
   303338.8152463704
   308811.8889549579
   329382.1584116701
   331472.3489505278
   305085.4559162318
   276562.2378811478
   262735.1386341261
   269835.5087041269
   266894.3581617686
   242610.7134153908
   215529.8324750258
   198210.6911915157
   190072.7991862285
   189876.9731340713
   181046.7494395527
   152595.7265605829
   126970.6486425340
   109185.7687961243
    95993.5281844083
    87216.6011529794
    75709.1189610828
    57451.1635121216
    43177.5221104778
    32170.2837891362
    24700.4550381863
    18703.1933787385
    13089.3239287114
     8952.1584570325
     6841.0613829581
     7547.8060261771
     9710.9516773611
    13536.6998944840
    17429.8085093520
    21016.6267396899
    26916.0355232079
    34221.7334856017
    39194.7357416440
    42019.8611931074
    44898.3886861569
    47257.3775230379
    51790.5114789345
    57899.7273586114
    57967.9183372027
    56223.1356478641
    55312.6622386511
    55130.7606843395
    57896.2866326784
    55453.2803809821
    51470.1360610037
    48458.8233613292
    46296.8992512608
    45896.3470219611
    46208.5611586710
    42049.9535686224
    37437.2888712787
    34305.2004294021
    32457.7605464191
    32209.1284066350
    29306.5450559477
    25976.4602143834
    23617.1139005390
    21698.9447638794
    20587.7063020142
    19788.3891315090
    17260.2857824342
    14722.0915494259
    12830.1202058377
    11215.0342623241
    10035.1327153945
     9010.3062843891
     7481.4976069141
     6068.6193290851
     4612.4841691918
     3781.1982339824
     2928.9418817274
     2380.9814221665
     2085.7258085126
     1785.0589942598
     1777.0823638451
     2030.0118342547
     2502.2929374421
     3349.1723987689
     4089.2535320056
     4761.4919148063
     5767.9423769056
     6923.9667277190
     7981.9116017511
     8960.2927811648
    10100.0598941201
    10710.4269753735
    11785.8167497618
    12655.2208526415
    12998.9451422148
    12785.0121083529
    12134.7454922054
    10306.2623125525
     9746.4610087983
     9046.8112995970
     8058.2766208302
     6827.8628776014
     4798.1850004952
     3268.8004165046
     2126.9148484394
     1497.8153704913
     1174.7139517869
      949.7659594411
      681.8849162660
      583.1789824923
      470.5031532752
      384.5124982163
      323.1074094494
      232.7966710456
      202.0693323055
      174.3353468284
      136.5537447752
      108.3502940247
       88.5424926097
       61.5428473251
       49.9667157998
       40.4326515026
       29.3848612988
       19.8838836155
       11.7990338159
        8.3265465476
        6.1115034399
        5.1984126636
        6.1562571019
        6.4687607557
        7.2574953923
        9.9644301002
       13.5648568600
       17.6729844210
       21.8791106238
       22.4043730162
       26.7347722613
       31.3683468113
       31.7079430792
       34.4626568142
       38.0839085650
       33.8277718866
       37.3812573529
       39.5449491972
       38.4482531678
       38.2238053177
       39.1747325375
       35.1134372002
       36.5068242930
       33.6705772670
       33.2187786821
       33.5054786126
       29.3879550645
       30.0861730744
       31.1384067183
       27.8897025779
       26.9167704192
       26.8886089548
       23.0029351305
       23.6118927498
       20.7827390792
       19.7472654797
       19.4062674552
       16.2605007734
       15.8870914776
       16.0724559841
       13.3975112960
       12.1137956569
       11.3378572928
        8.5202942158
        8.1526099637
        7.5933050827
        5.1656652187
        4.3830689879
        2.5139883934
        2.3436349296
        1.1945394167
        0.5348747361
        0.8254157725
        0.1089528473
        0.1576074091
        0.4604390807
        1.0224115241
        1.6594463008
        2.5064981429
        2.9883519901
        3.9986940025
        5.1633093246
        5.5486148707
        6.2430116149
        7.1744467888
        6.9173725466
        7.8376102696
        8.9137613231
        8.4749052204
        8.6817911588
        9.2516760734
        8.4519382244
        9.1896739735
        8.4371750787
        8.3993999073
        8.7392104256
        7.7450351358
        8.1789694241
        8.7129987753
        7.7586741480
        7.5161017660
        7.6097827232
        6.6795581077
        7.0302343125
        6.1626510523
        5.8545758066
        5.7987172213
        4.9345395163
        5.0582478351
        5.0898096433
        4.2320496468
        3.7826141959
        3.5137416755
        2.8254309028
        2.5945265677
        2.4023975935
        1.7664990406
        1.3113423674
        0.8477203243
        0.6526850668
        0.4146974111
        0.1713345654
        0.2246142312
        0.0415197660
        0.0782857536
        0.2136058049
        0.4548874851
        0.7324967807
        1.0878216733
        1.2842336000
        1.7097469566
        2.2758375129
        2.3500519635
        2.7042594363
        3.1940918143
        2.9701847372
        3.5092097678
        3.9097072812
        3.8798607619
        3.9356954208
        4.1330075737
        3.9007434755
        4.2403464950
        3.9673838884
        3.9571670388
        4.0522623361
        3.6977215381
        3.9089682664
        4.2092375425
        3.8251074177
        3.7056735976
        3.7632490556
        3.3488934516
        3.5638213685
        3.1931132292
        3.0377185991
        3.0234917286
        2.6173172297
        2.6257397632
        2.7550841445
        2.3481996447
        2.1218183505
        2.0092821102
        1.5515772105
        1.5352531834
        1.4877060806
        1.0364116772
        0.8794304012
        0.5195691020
        0.5124450566
        0.2764644579
        0.1404796400
        0.2219184145
        0.0209729968
        0.0232209694
        0.0713913203
        0.1750765920
        0.3008385166
        0.4662680824
        0.5689507872
        0.7746476219
        1.0431966550
        1.1652956875
        1.2972865250
        1.4665180244
        1.4406543347
        1.6579184977
        1.9382683832
        1.8602110516
        1.8571304967
        1.9554356973
        1.8114341651
        2.0116544771
        1.8642196498
        1.7841359281
        1.8155009685
        1.6104218882
        1.7148575095
        1.8538780075
        1.6492765467
        1.5085598029
        1.4752614919
        1.3056928631
        1.3887624318
        1.2024966921
        1.0572214637
        0.9936394014
        0.8331903763
        0.8518467801
        0.8523789758
        0.6840832511
        0.5420997705
        0.4645852514
        0.3608453589
        0.3150811153
        0.2904241270
        0.1940437498
        0.1066703951
        0.0549642635
        0.0457379169
        0.0237812884
        0.0195793313
        0.0597449984
        0.0510457981
        0.0724482564
        0.1103540219
        0.1595269586
        0.2159779475
        0.2652062845
        0.2667411046
        0.3092374420
        0.3618066619
        0.3675416347
        0.3701937232
        0.3811928498
        0.3274194198
        0.3383766207
        0.3445948095
        0.3140288527
        0.2818036951
        0.2614639578
        0.2111422834
        0.2006469583
        0.1659405436
        0.1360963493
        0.1142915079
        0.0801315193
        0.0656867336
        0.0538134200
        0.0368618226
        0.0227995620
        0.0131138528
        0.0000000000
        0.0000000000
        0.0000000000
        0.0000000000
     3660.2302050135
     2741.3039377129
     5898.5110570119
     4823.2567551853
     4458.7748885200
     4543.1167151140
     4822.2920025040
     5679.7137777533
    11398.1485091882
     9518.7383737378
     8408.2495813657
     7210.4726317238
     6797.3743758212
     6563.9264022794
    13991.5380659381
    10389.8479058235
     7848.6931076653
     7610.8329437344
     6759.0811427376
    22592.0754224363
    23413.2182883026
    24024.0316543413
    27569.7501538281
    33643.5084417350
    42487.3015300065
    67198.4411431688
    78543.4769615116
    91901.3464070549
   109019.5127472738
   130464.2909040930
   159010.2953033200
   171345.6970898815
   186449.3545108017
   205452.9623061293
   228865.2992768625
   259436.3546246228
   284708.1404056647
   283619.3015401391
   288923.9882563803
   304277.1218635634
   331821.2576397276
   345487.5737302433
   337303.7124241177
   329620.8491741935
   330587.3350611157
   344121.6303525638
   359519.1123589328
   361393.5589447796
   335466.5189520412
   313752.9759794400
   302350.4704412134
   310641.6652219605
   313594.4970126452
   284656.8786347836
   257800.2153556828
   240622.1393756662
   232667.1886729820
   226045.7373650371
   223186.4794260502
   194098.1280704088
   163361.1608292648
   139925.5624864421
   123706.6494640689
   110454.2650577677
   103609.7990715317
    80362.0979749138
    56989.2744586370
    42362.5909498672
    32688.0169536697
    32813.2630600352
    28585.8792859850
    26511.6726539610
    25749.2189950334
    32291.3305555006
    41766.7555014491
    56861.8528413082
    69075.8774839743
    79525.5988303964
    95426.4130596392
   114195.7444119996
   131459.1781566661
   141311.0132330522
   149386.7649375566
   156397.6136590494
   168401.9324652603
   189050.4265955262
   200628.9462751490
   198336.3149383117
   192859.1999353800
   192325.7904825267
   202783.0807704989
   207032.1801272961
   200253.2457673421
   189708.5198767581
   184445.4203128232
   185960.6508100864
   202307.3484563666
   199322.0048203478
   181415.3667677866
   166899.7881551616
   159627.0203979056
   162760.6818703289
   156706.4989414222
   141473.3842063433
   127379.5050729170
   118730.2930835944
   113398.8005402870
   111883.8099843927
   101704.2472581414
    86795.9864348790
    74979.2964754855
    66000.1487562059
    59840.6557624316
    54904.8770832853
    46963.6054344221
    38404.1621176210
    30645.4577100898
    25288.2694504377
    19853.6314950748
    16761.9150774690
    14106.8845566495
    10797.9177823847
     9377.6590190357
     9003.2541406679
     9532.5108038295
    11981.4927163373
    13860.7444970159
    15938.6085136258
    18780.9021995011
    22218.2785445715
    24486.4283172275
    26084.7614032820
    27800.4060417612
    29464.4037784350
    31905.5308599057
    34709.7297252186
    35016.0157049510
    34286.9233758249
    34067.3354942538
    33723.6056171691
    34832.4543033847
    33802.5815597589
    32440.7671365512
    31524.3564840508
    30666.1958195662
    30564.1948693629
    30883.4995294946
    29274.0282703953
    27477.4148216743
    26107.0355091355
    24634.4760819821
    24046.8557018966
    22439.6557687580
    20136.7227347634
    18256.5621300309
    16259.4304333785
    15314.8990028376
    14283.2630287340
    13217.8385146278
    11403.7923400275
     9829.9168026856
     8246.5110884147
     7163.6655671376
     6116.5575598365
     5106.3016674172
     4008.9095923800
     2963.5339683918
     2345.6519389979
     1871.6415882479
     1617.8540487682
     1264.5293378543
      971.2457082528
      668.2764058777
      667.1843236670
      794.4691038885
     1169.6034504622
     1556.8938851832
     1921.3743887204
     2490.3623488727
     3100.5573487275
     3815.7050829986
     4489.1985794576
     5191.4582738580
     5308.5571648000
     5839.7443596593
     6296.2029869542
     6843.8695748938
     7253.9834826192
     7455.3840992355
     6514.2653250016
     6396.9343239902
     6185.2306872828
     5816.3774805927
     5163.0364342433
     3599.8848323438
     2989.5312712788
     2597.8470275610
     2294.5918617543
     1910.3421635929
     1493.1067797345
      959.7483570097
      770.3186299145
      621.5509014525
      502.0186509867
      414.3082620474
      292.8181725967
      247.7753613535
      210.0719871952
      168.4598262508
      134.5952928894
      109.3403540410
       74.4281868700
       60.8391737705
       49.2223086870
       38.6008559647
       30.1501949720
       19.6190224776
       16.5062434936
       13.5719694564
       13.6329044259
       13.6190366426
       13.4307357574
       11.8606364669
       12.7860665729
       13.9366391876
       15.9792246563
       17.0421243066
       15.1843235533
       16.0186213608
       16.7157949349
       17.0144473764
       16.8510611501
       16.7503770177
       13.9558698215
       13.8148942816
       13.6568518483
       12.8558105014
       12.1010417069
       11.4879946892
        9.1878890583
        8.8211574877
        8.0994804104
        7.4227526380
        6.8635600264
        5.3204927982
        4.9881696619
        4.6867014445
        4.2401788517
        3.7403131913
        3.3084592480
        2.4711107702
        2.2676163090
        2.0846766850
        1.7798351227
        1.5151872423
        1.0894720689
        0.9844280141
        0.8742684578
        0.8639417204
        0.7137014322
        0.5992085626
        0.4458251586
        0.4090294989
        0.3865720943
        0.4707728993
        0.4471695539
        0.3606844100
        0.3704202980
        0.3843939624
        0.4667071383
        0.4835923285
        0.4897160389
        0.4209082300
        0.4252039900
        0.4162466438
        0.4560869534
        0.4445323158
        0.3477764515
        0.3237895936
        0.3020026209
        0.3671658347
        0.3181146447
        0.2635805355
        0.1931009571
        0.1624375999
        0.1491482207
        0.2120476194
        0.1717881476
        0.1200506108
        0.0835477834
        0.0769872022
        0.1424786056
        0.1145266901
        0.0840623532
        0.0650576953
        0.0651777729
        0.0703711276
        0.1398354491
        0.1240778454
        0.1039815946
        0.0925478802
        0.1135011199
        0.1700688795
        0.1666477835
        0.1619418394
        0.1468095033
        0.1699436062
        0.1976670307
        0.2283390679
        0.2216760380
        0.2189625464
        0.1932914484
        0.2088671149
        0.2099305696
        0.2094317283
        0.2001703267
        0.1584339887
        0.1424369645
        0.1267090905
        0.1219007423
        0.0987119488
        0.0776754381
        0.0537062236
        0.0475441869
        0.0413299549
        0.0500344799
        0.0561467938
        0.0533410560
        0.0725584561
        0.0981659489
        0.1274414406
        0.1412931447
        0.1654275532
        0.1549214150
        0.2069259192
        0.2460299929
        0.2744460585
        0.2852960536
        0.3072108639
        0.3110892144
        0.3539809919
        0.3500679568
        0.3680058772
        0.3925410467
        0.3687380081
        0.4069671574
        0.4477379689
        0.4235799075
        0.4315508286
        0.4417883012
        0.4017486420
        0.4376959420
        0.3958245895
        0.3946491074
        0.3963772322
        0.3410506995
        0.3603498998
        0.3730698087
        0.3097466301
        0.2883118938
        0.2697828687
        0.2165139943
        0.2073419819
        0.1868854862
        0.1395254757
        0.1137623152
        0.0736215351
        0.0552729501
        0.0455383905
        0.0314272892
        0.0216836516
        0.0234687606
        0.0232236188
        0.0331220909
        0.0488695577
        0.0681668886
        0.0879618412
        0.0921985481
        0.1168086388
        0.1382865591
        0.1378627762
        0.1462109938
        0.1591263625
        0.1374866796
        0.1477887149
        0.1529661750
        0.1357586043
        0.1287641498
        0.1239031774
        0.1018796185
        0.0981709858
        0.0777020687
        0.0677428472
        0.0578528021
        0.0400953928
        0.0338632492
        0.0293532632
        0.0199322142
        0.0143400590
        0.0111013870
        0.0000000000
        0.0000000000
        0.0000000000
        0.0000000000
      525.6211751285
      381.4882216309
     2678.3380725185
     2328.1962973627
     1899.5518874465
     1439.8866237640
      979.7130261354
      762.6053934259
     3023.7683264142
     1873.8210461172
     1433.1416282091
     1265.6212952018
     1366.7379297087
     1315.5798453863
     6143.4968137143
     4466.2109102648
     3265.4233056838
     3043.3613652887
     2541.8422132927
    11296.8938131865
    11401.7771618419
    11522.6968503158
    12830.1023813420
    15096.1483106087
    18281.5425134633
    31548.5955099131
    34732.5990853165
    38221.8846746377
    42398.6443450178
    48609.6777695527
    62788.5805618250
    63733.2377091756
    66567.6478967581
    70190.8775701503
    73976.6918161717
    80995.3557667301
    91054.6222621957
    86394.0356790753
    85606.3859829059
    87776.5513285441
    95401.5915212475
   102243.8320814494
    95117.1011354753
    93497.3727180290
    93813.8188077795
    95404.3925509809
   100281.5476622580
   104139.1173870924
    98068.7047348718
    95453.2491873636
    93634.6599766654
    96131.4528778559
   105867.6994453802
    97503.9866207018
    90092.5489990027
    83379.8257802541
    81036.3551921487
    79791.9273709805
    92745.9587954767
    84863.3006438438
    78544.0903832528
    68475.6369011320
    60989.2412846810
    52619.5599509326
    77290.0920981355
    63557.1535253028
    48965.5066181099
    39923.3202714847
    33283.3403049369
    56114.5578199373
    58924.5304207582
    61100.0900209608
    66371.3988251109
    74604.5497781286
    85239.5317950316
   110377.4226258946
   123418.3572070797
   137384.2220493779
   153671.5325631135
   173911.5978620854
   195874.1338030178
   206483.9331005863
   216243.0622923329
   224262.9421099482
   237992.1005809051
   264003.3313145526
   282075.5065966389
   282697.8676736203
   276882.1262421534
   272335.7360033467
   285831.7987054781
   296006.4230153902
   290748.1934996958
   282893.5654193541
   274208.2600228349
   275371.6534740707
   295021.0049548920
   303582.1051212042
   288689.5202707752
   269505.6122930400
   255192.1214184377
   257767.8020376343
   258112.1171411568
   242579.1733507571
   221484.6631643890
   204611.7652656193
   194830.7084414756
   196621.4184709489
   193914.6476484259
   169306.1382017149
   144853.6686782293
   125889.0233710450
   114181.1730990163
   107457.4184683639
    97418.4831977154
    81236.0521654145
    63625.2654530225
    53253.0487776161
    42408.3254030892
    37042.1400735837
    30387.4314421160
    22868.8859272187
    19378.3548329238
    18095.8203066593
    18462.0232460186
    22531.3905916020
    26098.0758529641
    30763.2227978004
    37161.2948040058
    45393.4682843476
    52165.4923632726
    56379.7192611118
    60541.4966531956
    65007.1064281031
    71831.2621366627
    81945.4647750732
    85930.3324060799
    84027.5140881185
    83807.8009054879
    85072.9154868809
    90394.3046369175
    91388.1192264398
    88171.4109811987
    86057.0000954386
    84906.4284457386
    85824.7419997642
    89283.6738846578
    90502.7133043651
    83196.6397887166
    77597.4495777310
    74989.7674857341
    75125.1123675628
    72177.6831191672
    65228.0789655569
    59000.1102585271
    53676.1797293277
    51108.1871514938
    48883.0339621062
    44433.5073857331
    37456.7352747488
    31520.9546497658
    26443.5348900541
    22688.9297899287
    19421.2115796958
    16603.4967121917
    12249.2812886034
     8519.2583893807
     6120.4793846627
     4254.8428314284
     4605.0794804558
     4060.6060311024
     4108.3282373750
     4962.9436875260
     6578.7145445560
     8690.3680945997
    11921.5766853197
    14508.5532283760
    17111.6441860077
    20062.0423192117
    23254.0333247880
    25849.5330728460
    27581.6088309661
    29255.0279591753
    30709.8014624484
    32688.2256423472
    34902.5781702443
    35168.1300256671
    35036.0976914475
    35238.6838744389
    35678.9272014675
    37063.8490791213
    36592.5433240303
    35607.0385961122
    34936.2810701092
    34090.6579589490
    34061.6277730619
    34129.5924893414
    32630.0934777321
    30736.6710992345
    29265.3440612748
    28003.9191039674
    27444.3506610942
    25703.9126763939
    23602.3062707602
    21753.3273847760
    19831.5449874924
    18620.1268034239
    17589.6307272466
    15890.6749377726
    13838.3835034114
    11966.0164439260
    10037.9754045653
     8597.0358152836
     7316.6384016356
     5932.5797001091
     4601.4744277223
     3307.2406176885
     2452.8335763411
     1736.5792814247
     1425.2647382103
     1319.3717501501
     1314.2041693681
     1469.4443378784
     1916.5242444410
     2516.8390970298
     3269.3309709853
     4001.3287062863
     4099.2133030875
     4686.5925725505
     5162.5358250351
     5589.7120704776
     5856.4706904903
     5974.1515469781
     5007.6456134324
     5059.7405847753
     4985.5924738717
     4672.7565314851
     4059.7368166815
     3287.8839334021
     2293.5074565025
     1766.2145690334
     1501.0585855032
     1394.4452735286
     1341.3918686738
     1134.2592284725
      996.9118535247
      814.6304019090
      645.2497418160
      522.4641895020
      409.4002590789
      285.2083842977
      237.6263745088
      192.0051742183
      155.3453163024
      128.2898997829
       90.1259276216
       76.3290813637
       64.0335180651
       51.2683335261
       40.1857382020
       32.0053470726
       21.4961991139
       17.1898319088
       13.8590115863
       11.7770668129
        9.2159007476
        6.4381556022
        5.6948068680
        5.3952646973
        6.2971694070
        6.6366172272
        6.9805414487
        6.3305576924
        6.7857787293
        7.2345837682
        8.1236109941
        8.3877667160
        7.1889544144
        7.2622630396
        7.2549627947
        7.3163375090
        6.9640839321
        6.5630464896
        5.1583364872
        4.8729036371
        4.5704864628
        4.4332264991
        3.9452953340
        3.4528096795
        2.5720212381
        2.2943904526
        2.2307724183
        1.8967814370
        1.5599912028
        1.0937308374
        0.9275810233
        0.7836931400
        0.8571507656
        0.6871890045
        0.4986375608
        0.3107521001
        0.2515323113
        0.3581075594
        0.2980149594
        0.2144147796
        0.1523665028
        0.1431112025
        0.1578788231
        0.2616142064
        0.2524352116
        0.2332359294
        0.1957682923
        0.2214617112
        0.2397449714
        0.2746097660
        0.2903634448
        0.2320697024
        0.2354391542
        0.2172570957
        0.2287463431
        0.2152815438
        0.1878144874
        0.1356852808
        0.1281413657
        0.1122512104
        0.1173764326
        0.1084633203
        0.0811817903
        0.0768305051
        0.0833730194
        0.1248728266
        0.1356886339
        0.1412365165
        0.1135800073
        0.1447298618
        0.1717268391
        0.2251328649
        0.2392006741
        0.2423144592
        0.2309279754
        0.2617757568
        0.2887342554
        0.3100473381
        0.3186591088
        0.2873427572
        0.3122803410
        0.3441003876
        0.3535527276
        0.3633007093
        0.3578226494
        0.3101891200
        0.3377180811
        0.3328956195
        0.3339462649
        0.3281850561
        0.2757183151
        0.2913596862
        0.3004106751
        0.2794390849
        0.2660527156
        0.2516088298
        0.2046799588
        0.2009504778
        0.1894194088
        0.1734470937
        0.1595509296
        0.1166483371
        0.1055241438
        0.0980007859
        0.0942322980
        0.0843337704
        0.0770813251
        0.0610790508
        0.0595990485
        0.0592035550
        0.0689735574
        0.0715373064
        0.0599433051
        0.0654502569
        0.0694932430
        0.0762600806
        0.0736374721
        0.0750248623
        0.0603384289
        0.0622349455
        0.0629841975
        0.0637467525
        0.0603761410
        0.0584289020
        0.0463968433
        0.0451649504
        0.0446512723
        0.0425152435
        0.0399006173
        0.0302323644
        0.0292915938
        0.0295503770
        0.0316701497
        0.0317314657
        0.0326412891
        0.0000000000
        0.0000000000
        0.0000000000
        0.0000000000
      167.4964668591
      131.2946700350
     1357.6009578179
     1081.1266021604
      780.7006442602
      515.7619619831
      279.7396802613
      145.9610637630
     1327.9896030275
      932.3704448978
      838.6178732117
      803.4058466206
      753.9012006207
      518.5724801925
     3592.3782584002
     2596.3515844807
     2053.0749172419
     1968.0906775153
     1788.2048443704
     7623.0744384084
     7464.7579300445
     7624.3635295966
     8395.5924742734
     9626.8184747708
    11222.6385885650
    19769.9656690518
    21129.6733499597
    22629.7954977453
    24412.5487702458
    27618.0424312181
    34254.8550567593
    34904.2355633152
    36245.1045655713
    37784.8513462609
    39578.0042819280
    43373.1176803637
    46105.1444885793
    44961.0077090888
    45624.9472148708
    46784.9040800096
    49860.8657572262
    50431.7524044373
    47218.7296686250
    46002.2774554374
    45474.1546708002
    45780.0994988025
    47773.0987162114
    47478.0997311671
    42680.9381127086
    39901.0977789330
    38992.3823171522
    40043.2371379596
    47472.0829339936
    41568.8751317792
    36312.9166775518
    32282.6807694223
    29347.5508946887
    27328.8099891910
    43220.3676924261
    34591.3148901926
    26814.5296473397
    21812.6504458144
    18377.0655386524
    16044.4089500381
    39427.4248133954
    33905.5366747232
    28461.0951759291
    25597.1888856254
    24305.6295162945
    56530.5742833910
    60670.8802364286
    64341.7198485939
    69743.2084542707
    77243.4108575544
    85999.7854028045
   113681.5631363225
   123922.0770650117
   134553.9342685339
   145905.6296553696
   159829.3496155000
   180417.4550541586
   183365.6362146020
   188952.7581810164
   195626.4593780109
   205458.0477386180
   220046.3082544895
   222365.8577202676
   215669.9502630870
   213628.4935949361
   218270.3293854789
   231618.0980805004
   235417.2796342722
   221427.2338873753
   214435.9320505251
   214583.2405451444
   217541.6130993127
   227668.9049112499
   220193.7375604564
   203408.5683382047
   192445.0998370434
   189721.0389765601
   195040.4140275521
   190890.3722143742
   174227.4617817492
   161885.0688380733
   154224.8722106408
   150268.0155356436
   149232.6762693948
   144448.6531570003
   128798.0261662754
   114678.2912730742
   101181.9405408867
    91641.2578915973
    83177.0349905135
    75354.2015431427
    62335.1301706995
    47113.4202179791
    38635.6756693625
    28726.5621202597
    27848.0853445557
    22581.4405819174
    17416.4177092025
    15532.3771561024
    16438.3305881067
    20186.1236561404
    28961.6659095739
    37462.1436741377
    44395.0776986988
    56007.6050603802
    69245.0420514911
    79705.9441293559
    85465.1823392540
    91166.9403911759
    96071.7392970637
   106451.4186797622
   122005.9293133500
   127832.4584489012
   126403.8791573741
   125822.4705306994
   128295.0390564081
   139544.0154567800
   143342.0166781819
   138810.3173158740
   134391.1109043471
   132924.9004974198
   135351.1626097292
   142822.0712399278
   145813.2487904498
   134526.2594202152
   124223.4106439829
   118099.8879515542
   116731.9009675452
   119647.4166968477
   109143.1474218035
    99223.4339714532
    91022.6843921827
    85539.4256347776
    81186.1436380831
    87355.7410946283
    75737.0272494950
    64349.4433521262
    54196.0687642722
    46328.5316620145
    39365.9093259460
    38849.7073381870
    30946.1009324684
    22886.1056316819
    16966.0942532398
    12432.5500615456
    16614.1988281532
    14527.8203888229
    13362.9563140443
    13957.7031770642
    16068.6490125347
    19673.9474765940
    26600.7276912272
    32032.9489505713
    38056.3175167813
    44888.7364691312
    52685.8927794512
    59932.0766779192
    64664.5637503903
    69472.1115155797
    74005.7294581298
    79240.2883138797
    85481.0440928049
    87094.3906493435
    85889.0059807250
    85718.0336856040
    86492.8128181788
    89320.8556008472
    88640.7500057416
    85636.7483926524
    83232.8281825936
    80849.2564867464
    80156.4964005261
    80601.9115171428
    76840.2537020018
    72467.7450827523
    68981.2162357183
    66559.7712345656
    65647.0351161733
    63276.0173969559
    57966.3094629953
    53801.0090014653
    49794.5160541403
    46408.8522909516
    43826.5384704939
    43707.8721811292
    38897.4114589984
    34059.5596683957
    28789.6372936890
    25529.2592610001
    22152.1703858053
    19619.9067504764
    16857.4313996430
    12001.4962342937
     9981.0010444722
     6343.4658129672
     5041.9281132263
     4966.9964249188
     3016.1224659572
     2559.0062150502
     2721.1673990812
     3389.8788067214
     4653.7854738469
     6170.7101495416
     7963.7607269887
    10275.8891251979
    12841.1236008977
    14987.7801109071
    16905.7714085509
    18846.9486040913
    20466.3268567195
    22561.5543070119
    24632.8507095777
    25099.2634699356
    25204.9848981956
    25399.7380938029
    25534.4964845106
    26130.5135520653
    25382.2602849316
    24360.0666346326
    23510.1033754700
    22673.5356573470
    22455.2029723314
    22473.5328544552
    21320.3345358633
    20030.8788038471
    19051.7404378046
    18098.8343712817
    17854.1275389692
    16916.3160555649
    15474.5634210196
    14386.1094505767
    12918.0015364172
    12394.1921652542
    11875.4463081062
    10587.3658369479
     9396.8936290829
     8487.6997159075
     7342.4006185503
     6694.6694586765
     6012.5605312304
     5004.0041711314
     4004.7468453110
     2998.3619835260
     2334.6808712154
     1771.3100220712
     1366.9481413053
      992.1154304128
      826.7640591910
      844.6558273234
     1079.5915376373
     1506.3263643804
     2153.9721506125
     2771.4563189914
     3210.5299111475
     3768.5256687704
     4261.7855994294
     4628.3747238946
     4829.9050688598
     5008.3687229593
     4802.6581263449
     5026.8619541763
     5357.7970500385
     5658.2655466384
     5918.8591189038
     6103.6168530584
     5410.4054838812
     5357.0501865220
     5217.2380342991
     5043.5929565439
     4809.5957443332
     3995.1970024254
     3486.7017079343
     2762.0539765123
     1859.1424515140
     1289.9425797305
      982.3503281341
      698.6439130343
      569.3387267990
      449.9327651067
      358.7871181219
      293.2289135892
      206.1114808070
      173.0154269827
      145.9309287361
      114.1934582150
       89.2926274936
       71.2324557816
       47.2497913326
       38.3097538323
       30.6723221417
       22.2827896787
       16.6558065102
        9.6413778249
        8.2658662620
        5.9747981794
        6.1813277885
        7.2263156692
        7.0923875767
        7.0087088997
        8.3811453185
       10.0373621151
       12.1397911451
       13.7336661757
       12.9474981307
       14.3676839433
       15.7293837000
       16.1676908587
       16.3928274598
       16.8117842776
       14.5722724772
       14.9603358641
       15.3388493070
       14.4524595107
       13.8441604399
       13.5720495691
       11.3659636211
       11.3361876563
       10.2984946702
        9.6210609579
        9.2518503675
        7.5655106443
        7.3857198175
        7.2368473612
        6.3442612295
        5.7505362394
        5.3787357773
        4.3100344569
        4.1535451614
        3.5449987386
        3.1192819902
        2.8283369649
        2.1849701398
        2.0422139863
        1.8808638064
        1.5034410747
        1.2159375885
        1.0159315399
        0.7288790607
        0.5981741108
        0.4993878712
        0.3589736653
        0.2311044303
        0.1322120738
        0.0950427218
        0.0722285647
        0.0769747964
        0.1091745183
        0.1224262947
        0.1380390095
        0.1822049711
        0.2339341828
        0.2948921678
        0.3445314204
        0.3316030676
        0.3673404774
        0.4045048271
        0.4020657111
        0.4018875775
        0.4031053428
        0.3313590256
        0.3300327912
        0.3208759761
        0.2912200222
        0.2566255727
        0.2304914858
        0.1765940858
        0.1589652877
        0.1319094310
        0.1063592563
        0.0868585064
        0.0580127964
        0.0454390872
        0.0353685685
        0.0266806119
        0.0187069263
        0.0138617805
        0.0000000000
        0.0000000000
        0.0000000000
        0.0000000000
       36.7128107089
       39.0395701901
      612.8938889294
      503.1166334669
      381.6922440862
      273.3770236234
      168.2736473907
       71.3875804175
      491.9759865603
      331.8779298182
      305.4974758386
      320.8689808446
      322.2239092853
      228.8164606481
     1936.1446265208
     1453.3821936107
     1193.5490600505
     1140.5251378971
     1027.0169686060
     4324.6283684298
     4145.5744880077
     4126.4493698814
     4441.9264501036
     5011.1166466509
     5742.1459771431
    10065.2531183058
    10683.4180087873
    11425.1479920381
    12358.5441740051
    13884.9819400147
    16312.1438387638
    17025.3954124658
    18009.0759830280
    19019.4299717935
    20151.9578486340
    22086.3560240657
    22498.4193185210
    22006.7021015380
    22164.8537077655
    22685.0260161636
    24338.3329432235
    24889.5199751293
    23000.6947978453
    22135.6223773752
    21707.5733603110
    21970.7741980353
    23289.1824899082
    25186.1807367965
    21864.5296771665
    19480.0024673760
    18372.1492337971
    18504.7224357614
    23049.7590941124
    18082.1500107164
    14186.6785165485
    11546.3085402973
    10102.8719229803
     9207.5364859874
    21114.1412018935
    15250.8280534569
    10272.4875148618
     7205.7795682907
     5386.0331349059
     4262.1671971313
    24548.7814762469
    21776.0757703099
    19236.4020035817
    19006.8592972444
    19375.1010065601
    51784.9903123301
    55203.6358284499
    58107.9147812813
    62917.9282162394
    69150.4744107217
    76292.6854790553
   109346.3558680380
   115987.8749203384
   121547.7549940992
   128331.1091916582
   137288.2490801304
   160907.5272907319
   160330.4145390951
   162616.3515221460
   166436.4447404830
   171536.1721685939
   180925.8092361344
   186895.9370268424
   180360.4060090705
   179302.5031041927
   180932.4755505071
   186571.2425449852
   185300.6578316873
   173861.8493312880
   167827.3334009718
   164215.4494875793
   164016.7502065347
   168329.9476299162
   165863.6528258033
   156000.0270973612
   151792.7669547646
   150201.8341144051
   152981.9423170399
   146701.8731101486
   133549.0225551597
   124292.1824700621
   117867.0042528244
   113530.8221926160
   110904.8930185158
   106378.0508911077
    93991.5176418158
    83441.9281891182
    73897.8606050488
    67071.5605671217
    61241.5352387674
    66276.3560000389
    60304.0672658434
    43961.2281711380
    38781.1292251997
    30187.6095283144
    40146.6309519931
    43830.5205953610
    39166.3181437070
    33795.7770275130
    36410.8072628981
    41061.4639571325
    52055.8025536245
    59318.7832341798
    63212.5287933482
    72991.5210935202
    84686.0091144379
    95119.6177488849
    99604.6897265101
   103810.4501190776
   109745.9709592180
   116999.6386073091
   128070.9728913122
   133264.0331344391
   130826.3188713362
   130881.3471929190
   134843.9297553889
   143930.8833388558
   147843.4006187927
   141617.0951821235
   136445.9241327494
   134282.0236800210
   135659.5955194814
   142409.7618488587
   143986.1227909055
   132370.6536843280
   122446.6781016709
   117361.0481002115
   117437.5772136700
   118944.7924151113
   108255.0357374380
    98038.6052552865
    90487.8721051039
    86843.3712268266
    85385.0133663484
    87726.5431171065
    77522.8759499869
    68035.3347265171
    60359.8503538433
    53498.4779305338
    47108.8215392207
    52341.4588099370
    42813.4239781004
    33443.7609767930
    25406.0098546272
    19312.0242939507
    27927.6734107625
    25088.6652511561
    22453.9767422804
    21542.5296960746
    23038.3887209154
    26467.9798365467
    38421.8647963979
    44530.8356651941
    49571.0928124857
    56933.1654106005
    65815.6668110072
    75537.4552399635
    81206.6007403834
    86465.0123085843
    88971.7008694887
    95367.6010090012
   103059.0521360920
   107598.5651896780
   108166.9725379089
   109164.2496504856
   109717.3031279790
   114253.2060596395
   115640.7728310755
   115123.7817643953
   115865.5885925962
   114587.2711958940
   115925.2456040288
   119111.9086591098
   120297.2860072130
   114053.8662123489
   108713.2788644004
   104194.5434099151
   101902.7152810373
    96369.5356999996
    88559.6504958322
    82058.0413541411
    76077.7206564018
    72828.3563141593
    70306.8958227739
    66637.4283172064
    59850.5988131232
    53625.3838661466
    47076.5048296377
    42330.1673889873
    37803.7374318393
    33165.6506695159
    27412.6992447986
    20015.4916954252
    16165.3124959825
    10549.8866706041
     9943.3821392981
     9507.1416584215
     6144.8547655406
     5515.3823705962
     6284.8776869791
     8148.5843673267
    12463.1149007384
    15843.7285090155
    19520.4052159691
    23990.8492493654
    29124.6235915661
    34412.3440095655
    38107.2660861937
    41781.1370770570
    45407.6230390964
    49682.1556801403
    54716.5311628318
    57054.4932335465
    58052.3638918543
    59135.8026541629
    60428.6474184337
    63157.2030626053
    63378.7878192458
    62346.7562379117
    61524.9127538040
    61151.2391183245
    62169.2594712649
    64245.7206081538
    62396.5455415942
    59616.0268612884
    57305.7358556121
    55875.9356310130
    55752.1373279021
    53020.9405892662
    49384.1367097625
    46198.3629794012
    43378.4852950898
    41508.7079571019
    40033.1717113302
    36622.9439915621
    32300.3795117542
    28593.8382566115
    25277.7554788559
    22682.3422644712
    20225.8706296174
    17108.3768392824
    13631.8020529470
    10564.9694848383
     8110.0110916269
     5968.5727637152
     4379.0877364803
     3040.7136725583
     2196.6502927441
     1967.6197084608
     2276.3068193835
     3023.2971588230
     4249.0052624556
     5654.9343358042
     7178.1162860602
     9037.7255682964
    11179.4682906224
    12814.1569780581
    14103.8558398323
    15373.0098625282
    16390.6816807858
    17955.1718821377
    19713.5040845403
    20169.6751232135
    20356.4663702056
    20711.3327950458
    21173.6778570388
    22274.0392952325
    22047.0540458636
    21499.8221463731
    21230.0060516805
    20957.8389134827
    21304.7876536245
    21865.0259173257
    21164.5631873121
    20209.8387409130
    19536.0298222253
    18588.7363047121
    18392.7966000779
    17518.1638352852
    16154.0257170178
    15014.1091253960
    13691.5784555008
    12938.9902055534
    12219.3824935554
    11184.6792282356
     9938.1030046780
     8828.5661182409
     7317.1124102489
     6433.8111610707
     5566.9869245737
     4662.6761590144
     3701.8626861793
     2534.1845282070
     1871.7836688823
     1237.8847082271
      948.5100077546
      769.6399987659
      719.9404195610
      946.5702635235
     1475.1120769371
     2248.3959198482
     3206.0158384863
     4089.7340528390
     4344.3175979589
     5006.4902544225
     5680.2651570931
     6354.6640518123
     6782.8594221542
     6880.9263683509
     6144.7347025353
     6169.0642902314
     6203.7909431155
     6150.0986803091
     6020.1432344228
     5647.8387498299
     4694.3488858382
     4352.6495920717
     3972.5724520571
     3603.3004797012
     3371.4747479129
     2864.9540831973
     2893.0811636456
     2943.8373576791
     2977.2348817025
     2968.6547537732
     2952.1361497315
     2530.2688910032
     2215.5600096873
     1691.6403309232
     1159.7866998632
      775.8748952886
      497.2938772992
      387.4698041636
      308.5030608128
      239.9249401423
      185.7016813177
      146.5594567121
       99.7589773240
       79.4862271387
       63.1915510600
       50.1730654380
       38.5137762602
       25.7612962193
       20.7135714242
       17.2717695904
       16.4961407393
       15.2127102483
       14.5580193903
       12.1622626776
       12.3775455130
       12.7913096963
       14.2396658577
       14.5541776903
       12.4424712587
       12.5707387248
       12.5605802686
       12.3309871086
       11.7953074938
       11.2837787906
        8.8065109156
        8.2935177819
        7.5979883431
        6.9313763449
        6.0779599410
        5.3751110528
        3.9606764953
        3.4186855014
        3.0109619388
        2.5582981275
        2.1901719104
        1.5619670616
        1.3508725750
        1.2057361505
        1.2677541240
        1.2355219197
        1.2561026269
        0.0000000000
        0.0000000000
