!------------------------------------------------------------!
  Date: 20191112
  Simulation name: AVY7 
  Filename:perpvelbyx.txt                                                                                                                                        
  Produced in mod-subroutine:  massdist/energypotential                                                                                                                              
  Written by AK September 2019
  Description:integrates perpvel over width                                                                                                                         
  Data format: RMAX by t array of perpvel in channel                                                                                                                
!------------------------------------------------------------!
        0.0000000000
        4.5532439873
        0.0000000000
        0.0000000000
        0.0000000000
        0.0000000000
        0.0000000000
        0.0000000000
        0.0000000000
        0.0000000000
        0.0000000000
        0.0000000000
        0.0000000000
        0.0000000000
        0.0000000000
        0.0000000000
        0.0000000000
        0.0000000000
        0.0000000000
        0.0000000000
        0.0000000000
        0.0000000000
        0.0000000000
        0.0000000000
        0.0000000000
        0.0000000000
        0.0000000000
        0.0000000000
        0.0000000000
        0.0000000000
        0.0000000000
        0.0000000000
        0.0000000000
        0.0000000000
        0.0000000000
        0.0000000000
        0.0000000000
        0.0000000000
        0.0000000000
        0.0000000000
        0.0000000000
        0.0000000000
        0.0000000000
        0.0000000000
        0.0000000000
        0.0000000000
        0.0000000000
        0.0000000000
        0.0000000000
        0.0000000000
        0.0000000000
        0.0000000000
        0.0000000000
        0.0000000000
        0.0000000000
        0.0000000000
        0.0000000000
        0.0000000000
        0.0000000000
        0.0000000000
        0.0000000000
        0.0000000000
        0.0000000000
        0.0000000000
        0.0000000000
        0.0000000000
        0.0000000000
        0.0000000000
        0.0000000000
        0.0000000000
        0.0000000000
        0.0000000000
        0.0000000000
        0.0000000000
        0.0000000000
        0.0000000000
        0.0000000000
        0.0000000000
        0.0000000000
        0.0000000000
        0.0000000000
        0.0000000000
        0.0000000000
        0.0000000000
        0.0000000000
        0.0000000000
        0.0000000000
        0.0000000000
        0.0000000000
        0.0000000000
        0.0000000000
        0.0000000000
        0.0000000000
        0.0000000000
        0.0000000000
        0.0000000000
        0.0000000000
        0.0000000000
        0.0000000000
        0.0000000000
        0.0000000000
        0.0000000000
        0.0000000000
        0.0000000000
        0.0000000000
        0.0000000000
        0.0000000000
        0.0000000000
        0.0000000000
        0.0000000000
        0.0000000000
        0.0000000000
        0.0000000000
        0.0000000000
        0.0000000000
        0.0000000000
        0.0000000000
        0.0000000000
        0.0000000000
        0.0000000000
        0.0000000000
        0.0000000000
        0.0000000000
        0.0000000000
        0.0000000000
        0.0000000000
        0.0000000000
        0.0000000000
        0.0000000000
        0.0000000000
        0.0000000000
        0.0000000000
        0.0000000000
        0.0000000000
        0.0000000000
        0.0000000000
        0.0000000000
        0.0000000000
        0.0000000000
        0.0000000000
        0.0000000000
        0.0000000000
        0.0000000000
        0.0000000000
        0.0000000000
        0.0000000000
        0.0000000000
        0.0000000000
        0.0000000000
        0.0000000000
        0.0000000000
        0.0000000000
        0.0000000000
        0.0000000000
        0.0000000000
        0.0000000000
        0.0000000000
        0.0000000000
        0.0000000000
        0.0000000000
        0.0000000000
        0.0000000000
        0.0000000000
        0.0000000000
        0.0000000000
        0.0000000000
        0.0000000000
        0.0000000000
        0.0000000000
        0.0000000000
        0.0000000000
        0.0000000000
        0.0000000000
        0.0000000000
        0.0000000000
        0.0000000000
        0.0000000000
        0.0000000000
        0.0000000000
        0.0000000000
        0.0000000000
        0.0000000000
        0.0000000000
        0.0000000000
        0.0000000000
        0.0000000000
        0.0000000000
        0.0000000000
        0.0000000000
        0.0000000000
        0.0000000000
        0.0000000000
        0.0000000000
        0.0000000000
        0.0000000000
        0.0000000000
        0.0000000000
        0.0000000000
        0.0000000000
        0.0000000000
        0.0000000000
        0.0000000000
        0.0000000000
        0.0000000000
        0.0000000000
        0.0000000000
        0.0000000000
        0.0000000000
        0.0000000000
        0.0000000000
        0.0000000000
        0.0000000000
        0.0000000000
        0.0000000000
        0.0000000000
        0.0000000000
        0.0000000000
        0.0000000000
        0.0000000000
        0.0000000000
        0.0000000000
        0.0000000000
        0.0000000000
        0.0000000000
        0.0000000000
        0.0000000000
        0.0000000000
        0.0000000000
        0.0000000000
        0.0000000000
        0.0000000000
        0.0000000000
        0.0000000000
        0.0000000000
        0.0000000000
        0.0000000000
        0.0000000000
        0.0000000000
        0.0000000000
        0.0000000000
        0.0000000000
        0.0000000000
        0.0000000000
        0.0000000000
        0.0000000000
        0.0000000000
        0.0000000000
        0.0000000000
        0.0000000000
        0.0000000000
        0.0000000000
        0.0000000000
        0.0000000000
        0.0000000000
        0.0000000000
        0.0000000000
        0.0000000000
        0.0000000000
        0.0000000000
        0.0000000000
        0.0000000000
        0.0000000000
        0.0000000000
        0.0000000000
        0.0000000000
        0.0000000000
        0.0000000000
        0.0000000000
        0.0000000000
        0.0000000000
        0.0000000000
        0.0000000000
        0.0000000000
        0.0000000000
        0.0000000000
        0.0000000000
        0.0000000000
        0.0000000000
        0.0000000000
        0.0000000000
        0.0000000000
        0.0000000000
        0.0000000000
        0.0000000000
        0.0000000000
        0.0000000000
        0.0000000000
        0.0000000000
        0.0000000000
        0.0000000000
        0.0000000000
        0.0000000000
        0.0000000000
        0.0000000000
        0.0000000000
        0.0000000000
        0.0000000000
        0.0000000000
        0.0000000000
        0.0000000000
        0.0000000000
        0.0000000000
        0.0000000000
        0.0000000000
        0.0000000000
        0.0000000000
        0.0000000000
        0.0000000000
        0.0000000000
        0.0000000000
        0.0000000000
        0.0000000000
        0.0000000000
        0.0000000000
        0.0000000000
        0.0000000000
        0.0000000000
        0.0000000000
        0.0000000000
        0.0000000000
        0.0000000000
        0.0000000000
        0.0000000000
        0.0000000000
        0.0000000000
        0.0000000000
        0.0000000000
        0.0000000000
        0.0000000000
        0.0000000000
        0.0000000000
        0.0000000000
        0.0000000000
        0.0000000000
        0.0000000000
        0.0000000000
        0.0000000000
        0.0000000000
        0.0000000000
        0.0000000000
        0.0000000000
        0.0000000000
        0.0000000000
        0.0000000000
        0.0000000000
        0.0000000000
        0.0000000000
        0.0000000000
        0.0000000000
        0.0000000000
        0.0000000000
        0.0000000000
        0.0000000000
        0.0000000000
        0.0000000000
        0.0000000000
        0.0000000000
        0.0000000000
        0.0000000000
        0.0000000000
        0.0000000000
        0.0000000000
        0.0000000000
        0.0000000000
        0.0000000000
        0.0000000000
        0.0000000000
        0.0000000000
        0.0000000000
        0.0000000000
        0.0000000000
        0.0000000000
        0.0000000000
        0.0000000000
        0.0000000000
        0.0000000000
        0.0000000000
        0.0000000000
        0.0000000000
        0.0000000000
        0.0000000000
        0.0000000000
        0.0000000000
        0.0000000000
        0.0000000000
        0.0000000000
        0.0000000000
        0.0000000000
        0.0000000000
        0.0000000000
        0.0000000000
        0.0000000000
        0.0000000000
        0.0000000000
        0.0000000000
        0.0000000000
        0.0000000000
        0.0000000000
        0.0000000000
        0.0000000000
        0.0000000000
        0.0000000000
        0.0000000000
        0.0000000000
        0.0000000000
        4.5532439873
        4.2970731893
        4.2688868115
        4.3979258519
        4.4754595718
        4.4488129547
        3.9279063776
        3.7414754095
        3.6708547168
        3.7238722233
        3.5593832167
        3.3553591069
        2.9553086943
        2.7594118348
        2.5987778447
        2.5236763822
        2.3723634129
        1.9754766551
        1.9866882123
        1.9433419296
        2.2572384281
        2.2804454350
        2.2379670437
        2.0955663042
        2.7257980922
        3.4488084306
        4.3416287746
        4.9661952107
        5.3416255957
        5.8898060146
        6.4823732524
        7.5230801812
        8.2052676714
        8.9034897061
        9.2297883090
        9.8384868733
       10.5315745035
       11.7262995201
       12.6834153065
       13.5203892771
       12.5240297422
       12.5069274163
       12.6055137267
       12.2806970897
       11.4889750328
       10.2221933181
        9.0294245604
        7.8706851121
        6.9886075911
        6.0442341153
        5.1244460496
        3.8152712149
        3.3211072198
        2.9539827768
        2.5982568934
        2.3024505035
        1.7564168425
        1.5793059140
        1.3772471436
        1.2351846159
        1.0786853272
        0.9553471429
        0.7323226909
        0.6342543614
        0.5631006120
        0.5504998013
        0.4807358462
        0.3712455099
        0.3401188342
        0.3200520022
        0.3546481197
        0.3584053209
        0.3583849190
        0.3215402557
        0.3373663490
        0.3496660667
        0.3943851582
        0.3987842630
        0.3383985310
        0.3338375983
        0.3241810304
        0.3348286359
        0.3182671607
        0.3004181203
        0.2399114352
        0.2247526032
        0.2082091396
        0.2092265852
        0.1876113542
        0.1636936568
        0.1242564743
        0.1102243904
        0.1230932748
        0.0991219951
        0.0755152124
        0.0531603252
        0.0452862304
        0.0370865088
        0.0655248872
        0.0517318096
        0.0374240719
        0.0287021298
        0.0320216049
        0.0523139533
        0.0474108809
        0.0445997187
        0.0401327024
        0.0411429269
        0.0440493422
        0.0568395488
        0.0524934284
        0.0500602617
        0.0420010685
        0.0438530162
        0.0436610658
        0.0545418837
        0.0518789254
        0.0423667715
        0.0404680715
        0.0399343105
        0.0461724710
        0.0427319801
        0.0396849693
        0.0322966001
        0.0302147868
        0.0270694050
        0.0306442783
        0.0285619322
        0.0236749709
        0.0289625747
        0.0373139792
        0.0508805420
        0.0566539080
        0.0675607413
        0.0641812222
        0.0735673475
        0.0794844526
        0.0896395001
        0.0938477368
        0.1026187315
        0.0957458288
        0.0982156797
        0.1043194353
        0.1102643761
        0.1163791378
        0.1036743816
        0.1040212803
        0.1080921035
        0.1125750861
        0.1156748880
        0.1189895312
        0.1040995669
        0.1072444251
        0.1110542740
        0.1136011204
        0.1165665837
        0.1012195904
        0.1037754219
        0.1060177167
        0.1071516170
        0.1076276186
        0.1079093420
        0.0925442763
        0.0917409155
        0.0890617517
        0.0891553892
        0.0848267209
        0.0699079530
        0.0625265792
        0.0590890938
        0.0534621947
        0.0446667984
        0.0381339328
        0.0251793149
        0.0214908567
        0.0202677879
        0.0270999561
        0.0288048179
        0.0277145326
        0.0377219420
        0.0475892816
        0.0614419194
        0.0632263574
        0.0752268456
        0.0711272766
        0.0785877211
        0.0841069151
        0.0930346051
        0.1010229503
        0.1055533708
        0.1008683740
        0.1076364999
        0.1123846445
        0.1222737112
        0.1299782111
        0.1213901260
        0.1274579853
        0.1347480369
        0.1396059202
        0.1497688081
        0.1603405956
        0.1436154912
        0.1524577312
        0.1554249264
        0.1657561791
        0.1761546086
        0.1565119897
        0.1593670107
        0.1690194491
        0.1636393810
        0.1679118311
        0.1706661162
        0.1393945643
        0.1435603503
        0.1385288670
        0.1200991961
        0.1122013415
        0.0887230694
        0.0773386229
        0.0684860205
        0.0676439010
        0.0667238533
        0.0753078710
        0.0714069690
        0.0918868808
        0.1210713894
        0.1601487008
        0.1918758464
        0.1897148534
        0.2158905880
        0.2396913787
        0.2704687212
        0.2948358324
        0.3212212843
        0.2872875507
        0.3082054736
        0.3230092117
        0.3408322140
        0.3537292375
        0.3717708564
        0.3299568904
        0.3360846202
        0.3431349050
        0.3573927864
        0.3720997380
        0.3257179149
        0.3278094018
        0.3341192892
        0.3327572545
        0.3406252591
        0.3472246357
        0.2975586264
        0.3020304990
        0.2964515287
        0.3009291152
        0.3048688629
        0.2596346588
        0.2621551403
        0.2611600957
        0.2441334487
        0.2409490787
        0.2357224415
        0.1941763155
        0.1828099443
        0.1753706099
        0.1661269436
        0.1494238192
        0.1237728850
        0.1081973628
        0.1081759061
        0.1094469287
        0.1062540156
        0.1142244889
        0.0976192288
        0.1100749538
        0.1349422483
        0.1748046175
        0.2054480749
        0.1997813292
        0.2254299678
        0.2489462415
        0.2720136020
        0.2925983519
        0.3180732929
        0.2781068194
        0.2974795590
        0.3030820112
        0.3201619282
        0.3293317715
        0.3351565845
        0.2989493378
        0.3020180996
        0.3032162646
        0.3120020345
        0.3155436115
        0.2757630894
        0.2751435405
        0.2760755147
        0.2702030536
        0.2719389894
        0.2727439753
        0.2299407483
        0.2293154244
        0.2205243506
        0.2191681775
        0.2185831960
        0.1810327947
        0.1744376282
        0.1717084598
        0.1599084451
        0.1529355278
        0.1446231390
        0.1138267474
        0.1093652478
        0.0988371337
        0.0858614307
        0.0719949656
        0.0549886834
        0.0419788344
        0.0325223559
        0.0287099061
        0.0180129415
        0.0157569024
        0.0206099371
        0.0257973948
        0.0291614957
        0.0390080874
        0.0373598402
        0.0307445493
        0.0309862862
        0.0312523579
        0.0564820419
        0.0352142130
        0.0195732452
        0.0147621427
        0.0189157396
        0.0277932198
        0.0716617184
        0.0547016357
        0.0498914197
        0.0509121886
        0.0641718013
        0.1102173565
        0.0868548230
        0.0907946066
        0.0875966067
        0.0995077554
        0.1093642635
        0.1471670144
        0.1179099862
        0.1245478265
        0.1142819757
        0.1221299139
        0.1509863460
        0.1211166266
        0.1224333294
        0.1084674585
        0.1137929452
        0.1115221739
        0.1296858022
        0.0947591489
        0.0886935106
        0.0724163637
        0.0623148793
        0.0581233414
        0.0658059418
        0.0339808062
        0.0182257411
        0.0236669902
        0.0325991195
        0.0625960734
        0.0834368842
        0.0908298486
        0.0906135952
        0.1032757344
        0.1165769864
        0.1412389706
        0.1522423441
        0.1377232157
        0.1448056788
        0.1520692841
        0.1685141145
        0.1682437659
        0.1695767135
        0.1471605309
        0.1470165615
        0.1487309611
        0.1572443170
        0.1552411796
        0.1523071482
        0.1283350626
        0.1275999472
        0.1356232901
        0.1312515029
        0.1271363804
        0.1048430148
        0.1018134171
        0.0989411080
        0.1060684726
        0.0998063756
        0.0939952630
        0.0000000000
        0.0000000000
        0.0000000000
        4.5532439873
        4.2632758617
        4.1867978683
        4.2187640754
        4.1635759765
        4.0839859684
        3.6501933487
        3.5304970494
        3.5197930258
        3.6306887650
        3.6456893303
        3.6002390201
        2.8713281305
        2.8720756124
        2.8510428007
        3.0419187214
        2.9249345561
        2.0262228053
        2.0152330442
        1.9359632533
        2.5072092406
        2.7417024134
        2.9320103435
        2.6260316738
        3.2169668116
        3.8512039677
        4.9145788049
        5.4932775294
        5.1236096787
        5.6366007109
        6.1669262673
        6.9942930894
        7.4261894536
        7.6707098251
        7.1569843195
        7.5191186454
        7.9478688215
        8.5474537479
        8.5535438739
        8.5889025025
        7.9021385755
        8.0507799410
        8.7014657051
        8.8262057334
        8.9054037925
        8.1178476617
        8.0810299352
        8.3595437542
        9.3409663078
        9.4821057756
        9.3947176438
        8.5608063842
        8.5413173718
        9.1704648672
        9.1216465949
        9.1377359224
        8.2372951817
        8.3942088757
        8.4659992026
        9.2830771405
        9.1789061224
        8.9374791447
        7.5574224759
        7.2176089992
        7.0355656954
        7.4077057379
        7.1667429180
        6.0265383118
        6.0377957189
        6.1018734668
        6.3571288823
        6.3545396577
        6.1246912926
        4.7360672682
        4.6683735306
        4.6349419641
        5.0862827654
        5.2811297782
        4.8512248852
        5.3190422956
        5.8842484983
        6.9579718440
        7.5338036121
        8.2265950820
        8.0889381941
        8.8560152586
        9.8055902590
       11.3093777840
       12.1518382457
       12.8458306846
       11.6068711947
       12.0768315129
       13.4666757090
       13.9112855315
       14.3586562258
       12.6806509246
       12.7978469750
       12.6433790156
       12.7937534552
       12.1944212812
       11.4747885967
        9.2337006929
        8.6328905308
        8.1904877064
        7.2718942754
        6.5308021428
        5.0192902438
        4.5495481401
        4.1505049052
        3.9271441006
        3.5420613108
        3.2124233729
        2.4470477731
        2.2252080734
        2.0053552804
        1.9085726739
        1.7250149843
        1.2888014534
        1.1818873875
        1.0481999431
        1.0713365520
        1.0343289835
        0.9596280499
        0.7921357788
        0.7961477853
        0.8360248319
        1.0088100799
        1.0999535932
        1.0092760665
        1.0762785771
        1.1263775235
        1.2093992469
        1.2219418750
        1.2404122395
        1.0704933510
        1.0757161759
        1.0886246059
        1.0939572494
        1.0777895387
        1.0742474505
        0.9013707503
        0.8943291691
        0.8862974813
        0.8614193720
        0.8503383661
        0.7077385538
        0.6976085080
        0.6864842437
        0.6743410026
        0.6380991721
        0.6155281449
        0.5049333952
        0.4934930727
        0.4908233792
        0.4501962251
        0.4229780275
        0.3380628509
        0.3269740912
        0.3040472237
        0.3146396730
        0.2657600353
        0.2352464093
        0.1837016624
        0.1642441347
        0.1500833552
        0.1802367816
        0.1542953839
        0.1190258979
        0.1156347762
        0.1175372935
        0.1525735358
        0.1600633372
        0.1694041272
        0.1589055454
        0.1725447264
        0.1809554452
        0.2103872651
        0.2158880420
        0.1821453155
        0.1808098348
        0.1772184251
        0.2135437067
        0.1966066217
        0.1755677645
        0.1424736166
        0.1242436111
        0.1208367410
        0.1619440495
        0.1433721099
        0.1060049388
        0.0747381079
        0.0682716238
        0.1172985892
        0.0993139592
        0.0696880062
        0.0534101231
        0.0522693395
        0.0520554096
        0.1005613796
        0.0872783461
        0.0761590169
        0.0697853055
        0.0789682501
        0.1082203134
        0.1031376869
        0.1044731681
        0.1007982102
        0.1043579708
        0.1162143702
        0.1313185122
        0.1264981841
        0.1322587328
        0.1134729153
        0.1211392370
        0.1233915201
        0.1199720175
        0.1188926714
        0.0945284177
        0.0918283921
        0.0797983444
        0.0813024675
        0.0749596707
        0.0662254029
        0.0535353206
        0.0552946004
        0.0569715224
        0.0699196274
        0.0763290261
        0.0716117855
        0.0827011360
        0.0972035369
        0.1157035941
        0.1226808898
        0.1369728785
        0.1272938810
        0.1419348480
        0.1520889105
        0.1620787509
        0.1647243388
        0.1763661522
        0.1632750562
        0.1682009547
        0.1714653300
        0.1768949813
        0.1861297783
        0.1658559394
        0.1676865371
        0.1740455700
        0.1755894175
        0.1779635823
        0.1822401255
        0.1605750507
        0.1657071372
        0.1668081179
        0.1670536471
        0.1693294741
        0.1467816540
        0.1505798322
        0.1519438505
        0.1520223799
        0.1482508386
        0.1459914886
        0.1269911648
        0.1256098692
        0.1212748682
        0.1269111754
        0.1219168158
        0.0997875075
        0.0950832599
        0.0939005352
        0.1028052946
        0.0987371398
        0.0952262177
        0.0810431797
        0.0809502169
        0.0794210046
        0.0913565220
        0.0908217651
        0.0757128559
        0.0758291143
        0.0754797461
        0.0940229720
        0.0872362927
        0.0851591679
        0.0729396789
        0.0692010139
        0.0702257551
        0.0895563283
        0.0838576619
        0.0782336452
        0.0666162543
        0.0658681310
        0.0868374123
        0.0800983571
        0.0768534274
        0.0653790717
        0.0630810919
        0.0627597435
        0.0915755439
        0.0829475808
        0.0778946317
        0.0639014202
        0.0661052175
        0.0930043508
        0.0863809557
        0.0817219099
        0.0690601972
        0.0725003998
        0.0761181720
        0.0989399725
        0.0929014765
        0.0927306178
        0.0815088899
        0.0838814145
        0.0855625992
        0.1095454163
        0.1089401366
        0.0933272903
        0.0987806872
        0.1002750089
        0.1236303876
        0.1287653493
        0.1261735433
        0.1129756562
        0.1161355917
        0.1173005334
        0.1371957117
        0.1391060387
        0.1172003116
        0.1181800188
        0.1180465971
        0.1439690919
        0.1414855773
        0.1339105687
        0.1113147974
        0.1110683804
        0.1134124040
        0.1356514709
        0.1262114830
        0.1225815248
        0.0999998108
        0.1009767571
        0.1234048794
        0.1153035044
        0.1136670261
        0.0911692104
        0.0908803876
        0.0923924406
        0.1163681755
        0.1094701137
        0.1066602292
        0.0894492296
        0.0933599510
        0.1165154115
        0.1135759432
        0.1131475789
        0.0976604571
        0.1043770056
        0.1080791531
        0.1294788629
        0.1295827750
        0.1333990929
        0.1185768604
        0.1211104486
        0.1247559113
        0.1500351174
        0.1506718232
        0.1294320506
        0.1317626847
        0.1357573190
        0.1577788395
        0.1546577938
        0.1551828806
        0.1315746324
        0.1301312818
        0.1277814760
        0.1462444777
        0.1439802695
        0.1184314917
        0.1163380239
        0.1118588790
        0.1281507496
        0.1261168281
        0.1229512556
        0.0993324059
        0.0979220920
        0.0959582791
        0.1114575190
        0.1087653207
        0.1084509379
        0.0896491977
        0.0888670211
        0.1028770749
        0.1029310621
        0.1020059322
        0.0856022939
        0.0863947612
        0.0885944000
        0.1018901405
        0.1040310929
        0.1069286633
        0.0000000000
        0.0000000000
        0.0000000000
        0.0000000000
        4.2334656347
        4.1300746033
        4.1295487185
        4.0186956149
        3.9444728497
        3.4871851008
        3.4636771265
        3.5277338733
        3.5881256476
        3.4501380394
        3.5398898575
        2.7805843727
        2.7541916449
        2.9091400054
        3.3293806263
        3.2453487752
        2.1235793194
        2.2783041059
        2.2648019431
        3.0629493356
        3.6067510720
        4.2452158589
        3.7536514120
        4.3783199265
        5.0669086218
        6.3364795138
        6.7537216863
        6.1049396795
        6.5910098658
        6.9915031908
        7.8610864978
        8.0624529890
        8.0892212916
        7.4886965496
        7.6724534894
        7.9045501452
        8.4529882950
        8.4844080222
        8.5002631682
        7.8045588460
        7.9160516640
        8.4034988092
        8.4060515420
        8.3608046865
        7.8680907325
        7.8483729768
        7.9094939943
        8.2940695673
        8.2015050306
        8.1864444835
        7.7937311705
        7.5813307668
        7.7936264539
        7.5590229757
        7.3824047413
        6.9450373640
        6.8182313954
        6.7519191453
        7.4604652269
        7.1102393926
        6.6575022601
        5.7591576245
        5.4544557095
        5.2398805047
        5.6210818731
        5.2348566199
        4.4162064262
        4.3018708865
        4.2393248081
        4.7259037524
        4.8765062404
        5.2816121294
        4.5505599045
        5.1333591823
        5.9023469469
        7.0351337500
        7.7356780878
        6.8940490677
        7.6222452467
        8.5227753671
        9.6182730377
       10.5008994534
       11.2847375060
       10.2606684462
       10.7809808105
       11.3150668465
       12.2816396490
       12.6533840606
       12.8429769564
       11.5029553391
       11.6954237807
       12.4119078034
       12.5797515489
       12.6738042343
       11.3417933834
       11.3738442882
       11.6657200567
       12.6614655539
       12.9318130076
       13.0274148816
       11.1727153186
       11.3934504497
       12.2807212557
       12.3047161603
       12.2445935390
       10.3140153149
       10.3649005893
       10.6336282273
       11.2441616185
       10.9542530071
       10.5631994583
        8.6097635412
        8.3140565956
        7.7727144936
        7.5560036138
        6.7748880711
        5.3971984623
        5.0433969995
        4.5839551912
        4.9179739499
        5.0440101419
        5.0156343310
        4.7909561730
        5.4063401856
        6.1862147418
        7.5597613408
        8.4496340222
        8.0637641480
        8.8823256508
        9.8481928409
       11.4106984539
       12.6053559601
       13.8728135596
       12.7595498815
       13.8824222312
       14.9851253199
       16.3327323623
       17.2744360793
       18.1649876796
       16.3437224962
       17.0780339571
       17.9901855073
       18.4423628635
       18.8735808591
       16.2269354880
       16.6051336047
       16.9718879109
       17.6091617401
       17.5391057750
       17.3872038564
       14.4859952425
       14.3699378193
       15.1327743791
       14.8560294881
       14.5453171949
       11.8929275138
       11.5807199410
       11.0532929224
       11.4834356000
       10.5139577031
        9.5974783663
        7.6693632868
        6.9900521511
        6.2029728242
        6.3146429416
        5.2631976398
        3.9285316158
        3.4072364202
        3.2077348565
        3.5015991834
        3.3568705706
        3.2668323930
        2.8849652237
        3.0223102908
        3.1787111734
        3.5877510553
        3.7174977544
        3.2648504357
        3.3365705620
        3.3911124902
        3.5186436259
        3.5397337015
        3.5641697250
        3.0040070452
        3.0311818412
        3.0064271947
        3.0697135590
        3.0286922188
        2.9958484497
        2.5573183853
        2.5368055613
        2.5242776074
        2.4932245353
        2.4696911120
        2.1018324096
        2.0827929001
        2.0644476728
        2.0175349793
        1.9820432264
        1.9584386371
        1.6443435780
        1.6303763062
        1.5763672365
        1.5394083601
        1.5151808200
        1.2651636879
        1.2292476340
        1.2187274672
        1.1431470950
        1.0874092621
        1.0432581841
        0.8213580247
        0.7961965305
        0.7454434804
        0.6413835904
        0.5835390445
        0.4090620848
        0.3673799529
        0.2744780381
        0.2038011720
        0.1768214343
        0.1253769586
        0.1245761400
        0.2076038896
        0.2969068541
        0.3877446801
        0.4773381742
        0.4773605378
        0.5455180842
        0.6065447630
        0.6583012699
        0.7078061035
        0.7562335611
        0.6890626950
        0.7219757265
        0.7669932578
        0.7704217451
        0.7943200075
        0.8273799650
        0.7256089994
        0.7460445774
        0.7370405147
        0.7516469383
        0.7781320580
        0.6735748004
        0.6846360680
        0.6978213175
        0.6798630849
        0.6823802802
        0.6900694700
        0.5949837974
        0.6050929911
        0.5851831673
        0.5820950863
        0.5837731990
        0.4983131876
        0.5090840148
        0.5026116406
        0.4735708754
        0.4549098525
        0.4409086952
        0.3686625397
        0.3491540345
        0.3340108575
        0.2997186892
        0.2596446160
        0.1936724782
        0.1657639141
        0.1306965568
        0.0874323288
        0.0632500634
        0.0416264694
        0.0640483173
        0.1083685175
        0.1561419769
        0.2055779411
        0.2536784165
        0.2552546759
        0.2916704356
        0.3325819435
        0.3533070057
        0.3857510330
        0.4208957282
        0.3749584593
        0.4066966659
        0.4242485846
        0.4401187767
        0.4538728527
        0.4646642494
        0.4162651833
        0.4311887365
        0.4327041851
        0.4415390240
        0.4475104630
        0.3948927880
        0.4046563760
        0.4150431084
        0.4115382029
        0.4131339727
        0.4193044617
        0.3644235287
        0.3727281436
        0.3682539638
        0.3669304661
        0.3694815338
        0.3190718339
        0.3174317836
        0.3235922982
        0.3135814704
        0.3028066544
        0.2969701662
        0.2411272424
        0.2392570900
        0.2328002019
        0.2063867011
        0.1928900190
        0.1403505502
        0.1320238681
        0.1012839073
        0.0791530304
        0.0661038636
        0.0310942409
        0.0211373762
        0.0480007251
        0.0787719572
        0.1082641130
        0.1404255823
        0.1462018759
        0.1701298620
        0.1936992447
        0.2154712292
        0.2333373110
        0.2500013987
        0.2318598030
        0.2440224293
        0.2635612276
        0.2655389359
        0.2729599517
        0.2858192681
        0.2509213475
        0.2593629881
        0.2584168362
        0.2597833875
        0.2685626642
        0.2321949910
        0.2360517005
        0.2402019763
        0.2356056559
        0.2313041804
        0.2314552007
        0.1992333189
        0.2010969515
        0.1955419679
        0.1873736911
        0.1838475224
        0.1561940630
        0.1583991240
        0.1535323246
        0.1459106616
        0.1310989643
        0.1238356050
        0.1017082530
        0.0911834524
        0.0857764383
        0.0787284211
        0.0562868815
        0.0378676197
        0.0302041544
        0.0232549517
        0.0256219109
        0.0358278779
        0.0441973079
        0.0493246351
        0.0602128271
        0.0720689452
        0.0892090379
        0.1000804439
        0.0932373551
        0.0995785560
        0.1067266617
        0.1143783945
        0.1164125627
        0.1184891780
        0.1016034699
        0.1027387360
        0.1029167595
        0.1035183870
        0.0996562868
        0.0963829667
        0.0799829224
        0.0769878601
        0.0733168174
        0.0670123463
        0.0616534435
        0.0473299465
        0.0423249432
        0.0380498891
        0.0339094297
        0.0274433989
        0.0224366996
        0.0000000000
        0.0000000000
        0.0000000000
        0.0000000000
        2.9478641614
        2.6279323429
        2.6526704896
        2.6948285955
        2.7248093809
        2.5033488894
        2.6537593696
        2.8478928667
        3.2017605500
        3.2802627982
        3.2592122721
        3.0027950306
        3.2645441678
        3.4554108066
        4.1329350747
        4.5133034277
        3.9996308327
        3.5622181419
        2.9909250009
        3.4015223578
        3.4624996752
        3.6810750799
        3.6550646291
        3.9405765963
        4.2920969264
        5.1701508359
        5.5188272569
        5.2255488663
        5.4214174761
        5.5490238784
        6.4071541278
        6.6022727896
        6.8038627980
        6.2822258934
        6.5229553512
        6.7558463216
        7.3870737807
        7.4364763939
        7.5341239298
        6.9504780129
        7.0299112620
        7.4633316747
        7.5886794806
        7.8497923101
        7.3151552878
        7.5277280372
        7.8498568205
        8.4999206581
        8.7032624290
        8.7640987531
        7.6720848354
        7.8624089992
        8.6971904945
        8.7892153209
        8.7132382869
        7.3157212230
        7.3303271364
        7.3442224393
        8.0770454181
        7.9784137090
        7.7580396484
        6.5077736089
        6.4593513599
        6.4921279591
        7.2328276978
        6.9056914939
        5.6204093698
        5.5293527260
        5.5441299030
        6.5565722091
        6.9984998129
        7.6571103106
        6.6035751797
        7.4391150360
        8.2654745703
        9.6779986038
       10.3343639700
        9.1055755935
        9.8841569816
       10.7658189058
       11.9914542619
       12.6088578096
       13.2240076051
       11.7346736440
       12.3093234013
       12.9087034764
       14.0668713857
       14.5507740927
       14.7917641387
       12.9774937210
       13.1457844046
       13.7163133928
       13.6450445488
       13.5370318441
       11.9942736398
       12.0377428615
       12.2418355110
       13.0729719380
       13.1007812217
       12.9840951095
       11.7727318700
       11.6206154081
       12.0639843181
       11.7460811985
       11.5270789626
       10.2714027641
        9.9641089623
        9.8216967303
       10.5054783818
       10.4473165509
       10.0766183795
        8.4046174000
        7.8620344770
        7.4353221984
        7.6478046570
        7.3301040735
        6.1157096133
        5.8501703542
        5.4941323551
        5.8509785882
        5.7662182116
        5.4913974708
        4.5237179222
        4.5049594608
        4.6247621626
        5.4244050727
        5.9258928322
        6.0418019122
        6.6427551352
        7.1910191733
        8.2412871333
        8.7642394848
        9.0067470147
        8.7953674682
        9.0338140395
        9.7007585560
       10.8404631792
       11.3547914815
       11.6583894779
       10.9032608374
       11.2220149816
       12.0712352110
       12.2085934606
       12.4528145014
       11.4628038849
       11.6646221798
       12.1320782724
       12.7960473790
       12.6683464691
       12.4616209493
       11.0711644359
       11.2166240591
       11.7006835687
       11.4112076343
       11.1629760026
        9.8082451609
        9.8605573529
        9.8699220656
       10.2512842093
        9.7048718584
        9.2159390701
        8.1462497479
        7.9526764345
        7.8240312046
        8.4893912295
        7.8951076941
        6.5289175241
        6.0493267685
        5.5648073952
        5.7681307309
        5.4994003046
        5.4835191558
        4.9352328747
        5.3985175873
        5.9995828768
        7.4072136462
        8.4040754943
        8.1742583025
        9.0641064020
        9.7976614852
       10.8327377866
       11.2524183364
       11.8816821067
       11.2141957525
       11.9836418406
       12.7762909036
       13.9106687276
       14.5506184704
       15.1296585480
       13.7192279331
       14.1397790387
       14.8599388567
       15.3216438133
       15.8476577910
       14.2042631606
       14.5466696603
       14.9203218616
       15.6147934907
       16.0650439999
       16.4520309260
       14.6570920117
       14.9954995974
       15.9350830618
       15.9395129596
       15.8920917119
       13.6299131739
       13.2682294456
       12.8046936310
       12.8407753365
       11.7720854993
       11.0060152663
        9.0493766915
        8.6652391202
        8.2988718153
        8.4140721157
        8.0188445215
        6.5939080633
        6.3540489897
        5.8468506470
        5.9259484924
        6.0392167026
        5.8660397552
        5.3181700381
        5.4574989514
        5.7379951792
        6.8040596355
        7.6132468600
        7.0092940253
        7.1620845661
        7.0501837352
        7.2494869780
        6.9210453543
        6.6222724658
        5.4411632578
        5.2039250965
        5.0012407865
        4.9121569514
        4.6527262663
        4.4340131041
        3.6080960896
        3.4569884034
        3.3552845004
        3.1667639553
        3.0154279352
        2.4423882659
        2.3374593819
        2.2317892644
        2.1324875366
        1.9997412322
        1.8948212167
        1.5217049028
        1.4522105718
        1.3850215500
        1.2907371092
        1.2175386422
        0.9680161272
        0.9239191813
        0.8549221742
        0.8136036184
        0.7447371680
        0.6937732464
        0.5523137549
        0.4994319330
        0.4664907990
        0.4807029835
        0.4318650832
        0.3478418310
        0.3275825012
        0.3213995920
        0.3614553960
        0.3706985093
        0.3772306725
        0.3349650122
        0.3658172437
        0.3987575320
        0.4676969034
        0.4945343708
        0.4400712645
        0.4564833476
        0.4660419408
        0.4936700036
        0.4985546352
        0.4997466514
        0.4209983894
        0.4210100601
        0.4171624975
        0.4281854695
        0.4145957821
        0.4065526423
        0.3373956192
        0.3270038887
        0.3290030084
        0.3146669926
        0.3043751082
        0.2471441578
        0.2366376341
        0.2256067237
        0.2290265497
        0.2138067464
        0.1999622493
        0.1573027393
        0.1494575568
        0.1585549653
        0.1451259775
        0.1335816955
        0.1044075162
        0.1004722010
        0.0963157433
        0.1094110528
        0.0979313330
        0.0908430263
        0.0737170497
        0.0712994089
        0.0699255197
        0.0828579150
        0.0795316141
        0.0642091647
        0.0626352478
        0.0607324274
        0.0684664509
        0.0660974151
        0.0615673611
        0.0493718990
        0.0485854654
        0.0449451405
        0.0496593990
        0.0479426349
        0.0387768092
        0.0392516174
        0.0445310711
        0.0613162834
        0.0645938324
        0.0696348564
        0.0661221125
        0.0797562582
        0.0897449830
        0.1043777863
        0.1077300885
        0.1186827889
        0.1135070179
        0.1220693009
        0.1297335718
        0.1370270761
        0.1477763827
        0.1350801195
        0.1414980125
        0.1505112032
        0.1545119805
        0.1606460687
        0.1683370878
        0.1503694321
        0.1585447191
        0.1596728319
        0.1640954385
        0.1698594605
        0.1481299025
        0.1526109548
        0.1566495964
        0.1522252092
        0.1508752901
        0.1494323034
        0.1277540832
        0.1261523545
        0.1205602974
        0.1151605534
        0.1079912353
        0.0845377688
        0.0757018685
        0.0701698257
        0.0649777069
        0.0570588023
        0.0518431096
        0.0400955936
        0.0403617944
        0.0427294663
        0.0525481137
        0.0581827524
        0.0547253245
        0.0621632256
        0.0694413904
        0.0738375007
        0.0778359783
        0.0826333826
        0.0718172641
        0.0765917360
        0.0787990091
        0.0786278761
        0.0771429480
        0.0761577950
        0.0650782849
        0.0644031226
        0.0591157737
        0.0554568528
        0.0508267640
        0.0397061991
        0.0375891214
        0.0366595180
        0.0363261485
        0.0352661952
        0.0360294269
        0.0000000000
        0.0000000000
        0.0000000000
        0.0000000000
        3.1226874846
        2.9619829245
        3.0447674743
        2.8375975563
        2.9528137973
        2.8133552693
        2.6923552321
        2.5575827430
        2.7620260056
        2.7830143121
        2.8439109717
        2.3751522713
        2.2346027224
        2.1334528970
        2.3440110908
        2.3335923966
        1.9905564958
        2.1005356573
        2.1652017367
        2.6617459297
        2.7908570714
        2.8833186366
        2.7594256983
        3.0160432220
        3.2820935041
        4.0338248381
        4.3979792813
        4.0738796349
        4.3101973639
        4.4435454017
        5.0794195734
        5.1249232764
        5.0308252114
        4.4840609161
        4.7431582326
        4.8840249243
        5.2788744108
        5.2197027814
        5.5289854458
        4.8516981736
        4.8272477438
        5.1538200861
        5.2837610489
        5.3668279735
        4.7099269923
        4.7143020091
        4.6778259651
        5.0022547158
        4.9524900207
        5.1099858250
        4.6272460762
        4.7212498910
        5.2830698088
        5.3046314009
        5.3844651984
        4.7451621011
        4.7187473020
        4.5706785516
        5.5238475600
        5.4821465188
        5.5002804258
        4.8513793186
        4.7492218205
        4.8091652022
        6.1244048128
        6.3130886885
        5.6199400339
        5.7859709557
        5.9523284005
        7.2308130238
        7.4371067167
        7.6688406682
        7.1056604157
        7.5923789195
        7.9938683280
        9.1578438241
        9.4351127128
        8.6673555447
        9.0613634390
        9.4328163678
       10.5455585901
       10.8353147297
       10.9035755315
        9.8630400043
       10.0193065166
       10.1463453589
       10.9929315480
       11.1813804135
       11.3281746742
       10.4822422662
       10.4269418585
       11.0611849971
       11.1104042854
       11.1700512899
       10.3945643953
       10.2021618301
       10.1334626640
       10.9223097797
       11.0422971204
       10.8555835728
        9.7983188387
        9.6006578634
        9.8432496133
        9.6372020551
        9.7802944838
        8.9293609330
        8.7579923812
        8.9932360054
        9.7616024753
        9.6947565780
        9.1832731757
        7.5585220513
        7.1496341885
        6.8432590803
        7.1495355341
        6.9536408832
        5.4371553791
        5.1075170569
        4.5857373311
        4.8862895842
        4.8395235991
        4.8567642824
        3.8160041140
        3.9848402285
        4.3954740847
        5.4511760424
        6.1856172825
        6.0220909338
        6.6977354669
        7.3192829668
        8.3779036542
        8.8834723634
        9.3206261826
        8.8121229719
        8.8572812135
        9.4152973852
       10.4286561657
       11.0427437180
       11.3815580521
       10.2665385816
       10.4139072495
       11.1361071204
       11.7572286819
       12.3437590858
       11.0184826121
       11.1549613056
       11.4902100956
       12.7693621997
       13.0476347614
       13.0027717489
       11.2330622940
       11.2946581635
       11.9863038785
       11.9570474221
       11.7741687894
        9.8378429596
        9.8022323587
        9.7691261284
       10.5260699632
       10.2016531897
        9.6517896778
        7.6043141241
        6.9993272814
        6.5329770684
        6.9026939752
        6.1252146221
        4.6987897200
        4.0947555809
        3.7809080250
        4.4734278052
        4.4076946951
        4.4363777311
        4.4881681190
        5.2109312402
        6.0615414567
        7.7060874157
        8.6178563185
        8.6734364154
        9.3721243221
       10.2732804855
       11.6885037125
       12.4438987139
       13.0497400747
       12.1820774909
       12.7626104010
       13.4131768269
       14.7081054083
       15.3234661671
       15.8177398300
       14.5445132752
       14.9086003220
       15.6504902946
       15.6671958655
       15.8454238556
       14.3853401107
       14.5507215572
       14.6850555094
       14.9544003568
       14.5039043784
       13.9780841250
       12.5937472599
       12.3686017561
       12.7211614620
       12.4561626850
       12.2213366340
       11.2513774090
       10.9636111201
       10.7275115226
       11.0634514983
       10.5432431255
        9.8352727199
        8.4677837562
        8.0266844647
        7.5397112161
        7.4939741531
        6.9587528245
        5.6824246158
        5.2782841056
        4.5683220749
        4.5374014789
        4.4432298683
        4.2076093360
        3.8382139326
        4.4508657674
        5.3283880433
        6.6471162499
        7.5861048243
        7.5739289737
        8.6976417022
        9.8308411145
       11.1102096670
       11.8960280798
       12.8966154849
       12.3139731320
       13.3352981368
       14.3952682825
       15.5635181024
       16.4023695981
       17.3094353422
       15.8521242973
       16.5777877010
       17.2849593055
       17.7718608154
       18.3496947983
       16.3824175106
       16.7893481975
       17.0453153703
       17.4289033883
       17.4860561402
       17.5030995014
       15.1055691907
       15.2106531894
       15.3923898830
       15.1243655153
       15.1285395466
       12.7466437969
       12.5038960684
       12.2682778330
       12.6416612727
       12.1395731379
       11.7176825658
        9.8222509339
        9.2505678943
        8.5257260162
        8.6121969658
        7.4633295814
        5.7077102961
        5.0480128505
        4.5874346969
        4.7180091878
        4.5882555313
        4.6186522240
        4.4226614558
        4.9927176803
        5.7632895300
        7.1746445049
        7.9603768472
        7.7499614973
        8.4801907873
        9.0957061164
       10.2199614828
       10.5050330439
       10.3343530108
        8.3628396851
        7.8709503235
        7.2458967466
        6.9632881647
        6.4704968242
        5.9737868138
        4.6704930773
        4.4117191766
        4.2987496036
        4.0096782342
        3.7635501072
        3.0248710364
        2.8562512524
        2.6901923012
        2.5654094262
        2.3644153218
        2.1916547050
        1.7234303213
        1.6119345374
        1.5281969901
        1.3968764092
        1.2883077506
        1.0008707712
        0.9227780985
        0.8584958797
        0.8154070359
        0.7325477508
        0.6694783266
        0.5047761001
        0.4742306628
        0.4376801381
        0.4395464460
        0.4161651611
        0.3187549395
        0.3198144379
        0.3003442391
        0.3497849279
        0.3677692455
        0.3677881256
        0.3271193232
        0.3495978352
        0.3716416763
        0.4291143893
        0.4422517565
        0.3842427693
        0.3909558849
        0.3910321974
        0.4228515488
        0.4135641920
        0.3989322600
        0.3301611268
        0.3201159436
        0.3101759544
        0.3220390062
        0.3012191160
        0.2856782117
        0.2274372603
        0.2135116114
        0.2254886997
        0.2083242926
        0.1949410891
        0.1509000520
        0.1398006837
        0.1304370673
        0.1489418211
        0.1367922649
        0.1244442259
        0.0969445653
        0.0924736793
        0.1130108911
        0.1066265466
        0.0994555694
        0.0802483204
        0.0823356439
        0.0817947733
        0.1011151775
        0.0981822004
        0.0952471849
        0.0829567233
        0.0838148718
        0.0830797170
        0.1008055515
        0.1013830302
        0.0848198487
        0.0848681231
        0.0866133989
        0.0998098068
        0.0977755206
        0.0963357120
        0.0813597032
        0.0803681110
        0.0776691525
        0.0868561840
        0.0842575661
        0.0680126014
        0.0655557305
        0.0628487938
        0.0728149075
        0.0689177339
        0.0659034915
        0.0529477013
        0.0508740139
        0.0494677260
        0.0585308041
        0.0563787200
        0.0557084503
        0.0460846862
        0.0449521636
        0.0534072042
        0.0537071365
        0.0533549387
        0.0448811989
        0.0452158630
        0.0466785927
        0.0543626105
        0.0556233723
        0.0571112011
        0.0000000000
        0.0000000000
        0.0000000000
        0.0000000000
        1.2150191197
        1.0313678804
        1.4883022353
        1.5197232435
        1.5673094139
        1.2993243315
        1.2901746837
        1.1669626109
        1.5076975164
        1.4475674046
        1.2756619364
        1.0177314195
        0.9869082127
        1.0285009163
        1.3760503327
        1.5011402290
        1.4608349318
        1.6546465443
        1.7881649187
        2.4288527559
        2.4027756876
        2.3084316437
        2.1159636306
        2.2762684348
        2.5174037539
        3.2333487993
        3.4000556075
        3.1445531789
        3.2575828137
        3.3251282801
        3.6844148671
        3.8428123887
        3.9056378471
        3.6735724348
        3.6544113759
        3.6379845193
        3.6706964519
        3.5882968876
        3.6380380046
        3.3575574180
        3.3239781933
        3.5000511287
        3.4143279914
        3.3610632781
        3.0509915876
        3.0385173893
        3.1445140012
        3.4969044835
        3.3902470966
        3.3822065787
        3.0444608657
        3.0676175227
        3.8165948010
        3.7522291432
        3.6401629081
        3.1661309073
        3.1487478568
        3.1176564871
        4.0085727008
        3.9659408198
        3.9992584702
        3.4108224257
        3.3896289616
        3.5376420661
        4.7436494757
        4.7565234419
        4.5386897858
        4.6886570375
        4.8903322508
        6.4044626768
        6.7565228547
        7.0635733423
        7.0374182667
        7.2267942612
        7.3554336861
        8.2955659334
        8.2013010730
        7.5380099335
        7.5557153567
        8.0996286550
        9.1340969649
        9.0717194557
        9.0266962745
        8.2636524112
        8.4557406561
        8.6000042039
        9.2429703775
        9.1717712905
        8.9706177642
        7.9819826171
        8.1724338130
        8.7087584134
        8.5386374135
        8.4139084145
        7.8430311185
        7.7563163947
        8.0643985561
        8.5292327228
        8.4320110849
        8.2800097337
        7.7460427691
        8.0006564143
        8.5300131379
        8.6836728832
        8.9094814030
        8.2206173927
        8.2107154295
        8.8164034302
        9.5617930753
        9.5065063773
        9.1285373301
        7.5239333445
        7.4704873875
        7.4099625114
        7.7702262475
        7.6880617712
        5.9071588608
        5.8828880830
        5.8343407387
        6.3995774532
        6.5102763373
        6.5379809611
        5.2508474763
        5.6474596286
        6.0658013645
        7.2067924911
        8.2183152141
        7.3568674648
        8.3036654326
        9.0196876320
        9.9309269286
       10.2503108512
       10.5724954537
        9.0446665987
        9.4637743344
        9.9486613610
       10.6102498607
       10.8643207790
       11.0020258596
        9.6840748235
        9.9901558048
       10.9640372036
       11.4495614499
       11.8517473614
       10.5672471906
       10.6748876770
       10.9371873182
       12.0115572659
       12.2331722687
       12.1483155221
       10.6223622508
       10.4863103458
       11.1059899606
       10.7973823337
       10.3864465342
        8.9728377254
        8.6551553936
        8.6387029881
        9.3582008118
        8.8651749228
        8.3680753781
        6.8580988986
        6.2003644634
        5.8476690292
        6.8051808560
        6.6392623447
        5.1717392961
        4.9709124461
        4.9020816918
        6.0005027278
        6.1769367045
        6.4912770738
        5.7269385303
        6.3497068032
        7.1115132346
        8.5879360890
        9.5184268568
        8.9457881211
        9.8885065480
       10.7917577036
       12.0487490186
       12.6317501213
       13.0374023563
       11.9177729094
       12.3242670368
       12.8470174053
       14.0690462390
       14.5914463762
       14.9405835201
       13.3875584138
       13.9591665206
       15.2571948805
       15.8141426209
       16.1917448348
       13.8942729400
       14.0511745429
       14.5169139184
       15.6162774547
       15.7271470112
       15.6574023637
       13.1888183033
       13.4971696066
       14.1421984717
       14.2663615880
       14.1402971954
       11.6259287264
       11.5686874449
       11.6687437391
       12.0626261639
       11.6253237703
       11.0739008093
        8.9178524269
        8.6563350713
        8.4072081725
        8.5459222487
        8.0061171985
        6.0624657981
        5.6308107421
        4.9618258865
        5.0018153419
        4.6225015109
        4.0176097998
        3.2976606708
        3.3032096909
        3.7473960621
        5.0409699385
        6.0121111157
        6.4146821929
        7.3697570978
        8.2514453716
        9.5638947972
       10.2080510392
       10.8001151986
       10.4557891662
       10.9248699546
       11.5259928931
       12.1060327611
       12.5131848426
       12.9113402598
       12.0763489247
       12.5492377248
       13.3152817565
       13.3965845960
       13.4384533345
       12.2006607382
       12.3556190125
       12.6326793769
       12.9061733481
       12.8602844110
       12.8399234887
       11.8162613801
       11.9601787855
       12.3749900751
       12.1961121582
       12.0812899600
       11.0100883859
       11.0538979095
       10.8068393759
       11.2350189549
       10.6713958939
       10.1465132567
        9.0113650922
        8.6083158918
        8.3064188645
        8.7867112894
        8.0046227039
        6.6163333406
        5.9928904698
        5.4963551185
        5.5689879160
        4.8456249047
        4.0544892578
        3.5006939532
        3.9719854218
        4.7535119479
        6.2021308072
        7.3336190482
        7.6814817091
        8.9464417137
       10.3162996119
       11.9620410405
       12.9948456068
       14.0290405091
       12.9471533519
       13.6886418284
       14.3974877154
       15.5482757380
       16.2264430802
       16.8395547898
       15.4555483679
       16.0595737508
       16.8803282340
       17.2168449101
       17.5991390656
       15.9113851373
       16.2523588721
       16.5364122285
       17.2899306938
       17.2170058521
       17.0628807534
       14.9850165135
       14.8599695213
       15.4605068071
       14.9884106026
       14.3684700825
       12.0120678025
       11.9915302555
       12.0374616882
       12.4545870795
       11.7760677995
       11.3645687573
        9.3949972153
        8.7572722085
        7.9181686740
        7.7986194225
        6.8810854430
        5.1771060939
        4.6741488341
        4.1633099914
        4.8711946601
        5.4561366523
        5.8408719775
        5.4420192801
        5.9119699475
        6.4182797512
        7.4245545621
        7.9230376300
        7.2802812950
        7.7953054796
        8.3459136029
        9.2054514251
        9.4089257625
        9.2629891366
        7.5637581655
        7.2489726201
        6.9656446805
        6.7704536804
        6.3333573394
        5.9468745701
        4.7232111731
        4.4854729317
        4.3102411810
        4.0548707695
        3.8325097055
        3.0807866090
        2.9302902573
        2.7817368007
        2.6269194614
        2.4507129692
        2.3018276231
        1.8331298027
        1.7368850539
        1.6302301803
        1.5023145955
        1.4022626743
        1.1045437546
        1.0463890231
        0.9579667166
        0.8939138560
        0.8020740749
        0.7357221737
        0.5795244207
        0.5156066646
        0.4753179761
        0.4901256850
        0.4319512549
        0.3484976682
        0.3312124954
        0.3323142809
        0.3873641152
        0.4097053626
        0.4294575470
        0.3978789915
        0.4378064733
        0.4749308469
        0.5567186698
        0.5846566922
        0.5152532155
        0.5279454696
        0.5337379331
        0.5619629199
        0.5606560004
        0.5542574523
        0.4572954455
        0.4478730259
        0.4316768831
        0.4381473706
        0.4119044934
        0.3894592187
        0.3123591377
        0.2891815955
        0.2848164012
        0.2603401342
        0.2388464957
        0.1850809848
        0.1694370534
        0.1571967887
        0.1675947813
        0.1606096977
        0.1566621027
        0.0000000000
        0.0000000000
        0.0000000000
        0.0000000000
        0.9059369769
        1.0449878850
        1.3450639636
        1.3793621958
        1.4252361474
        1.2747819043
        1.2619778376
        1.2380286444
        1.5446858643
        1.5383825538
        1.4676061677
        1.3048869011
        1.3412793312
        1.3671002728
        1.7837449979
        1.7607144133
        1.5431961656
        1.5790494003
        1.5249427311
        2.0151110189
        2.0909427118
        2.1133959092
        1.9247186836
        2.0366945916
        2.1552503102
        2.6042135072
        2.7870152349
        2.6820802975
        2.7934872904
        2.8472232821
        3.1037073189
        3.2159646509
        3.2527177375
        3.0786391612
        3.0405461179
        3.0507516016
        3.1704586195
        3.1577862623
        3.2419381082
        3.0753686788
        3.1003191291
        3.2300782856
        3.1344950137
        3.0879424060
        2.7538637854
        2.7877377307
        2.8712422325
        3.1464949461
        2.9848541949
        2.9071384619
        2.4909109169
        2.5428007385
        3.0473648173
        2.9011511800
        2.7896684650
        2.3433807289
        2.3042454655
        2.1878687684
        2.8116354461
        2.6599277234
        2.6092948641
        2.1595954564
        2.1752517762
        2.2864796798
        3.4546521701
        3.6204804475
        3.4125200581
        3.5739229752
        3.8026174365
        5.2712259724
        5.5034498628
        5.5309301772
        5.0660298736
        5.2264855343
        5.4422903650
        6.5821388813
        6.6918299808
        5.9678455544
        6.1490306148
        6.3229021374
        7.3088129385
        7.5615041513
        7.7026015572
        6.9672755934
        7.1965075974
        7.3575074152
        8.2178796530
        8.3799484472
        8.3791734690
        7.5603024621
        7.8164633992
        8.2775006272
        8.0429313543
        7.9200532526
        6.9214906762
        6.8738522646
        6.9494627562
        7.2423860864
        7.1188145000
        7.2086545212
        6.4888030415
        6.6569323445
        6.9158811879
        6.7973196684
        6.9902871682
        6.2339514804
        6.3145095600
        6.4795369516
        7.1704373116
        7.1421548542
        7.0612583614
        5.6948619154
        5.7432627625
        5.8368416974
        6.7829706564
        6.9382457373
        5.3717788332
        5.4216277148
        5.4538761170
        6.3543586999
        6.9069185638
        7.5834930550
        6.5724954294
        6.8167719307
        7.0652281180
        7.9229322200
        8.3921790178
        7.4403815082
        8.0765404371
        8.6458313320
        9.5505440855
        9.8561380261
       10.0536785566
        9.0490507650
        9.3980636057
        9.7498259069
       10.4024939194
       10.3085954397
       10.0759902084
        9.3979890690
        9.4332565009
        9.8197894389
        9.6167769453
        9.2847371501
        8.7011602069
        8.6721134234
        8.7522148539
        9.1323275399
        8.9839220376
        9.0913885097
        8.4858342042
        8.7575805657
        9.4933006961
        9.4305398635
        9.1899664456
        7.9688335938
        7.9814324060
        7.8416487234
        8.4034156932
        7.9373709186
        7.5087314907
        6.4311325201
        6.0380230888
        5.7499023845
        6.3123668556
        5.7733526112
        4.6002067938
        4.3407683652
        4.2774559029
        5.1327073884
        5.2555222260
        5.4895444842
        4.0721207376
        4.7223737020
        5.6229912265
        7.3992531391
        8.4025783442
        7.3012773830
        8.1222721400
        9.0643930537
       10.4422265770
       11.2727273526
       12.0042743406
       10.6217750442
       11.2713979159
       11.8750559844
       13.0003581823
       13.3460559056
       13.5450584669
       11.9631861091
       12.1464707645
       12.7037606699
       12.8377277291
       12.8758192777
       11.6954543869
       11.8783364296
       12.2053521694
       13.0492972821
       13.0359701904
       12.9619970912
       10.9482528958
       11.0358015456
       11.7501496066
       11.7830457641
       11.7311448172
        9.7201359271
        9.7657434994
        9.8160127960
       10.2776485843
        9.7330868490
        9.1827032926
        7.4411865436
        7.2538018189
        7.0699243018
        7.3463447470
        7.0345993196
        5.4065936462
        5.1670357207
        4.7508853235
        5.2272118264
        5.0539970919
        4.8639413350
        4.2144192476
        4.5388253429
        5.1232302071
        6.5764201016
        7.3361543720
        7.4230636501
        8.2319350230
        8.9762914428
       10.4143632727
       10.8282538588
       11.0109494657
       10.5952656439
       10.8495094234
       11.2991825694
       12.4453407262
       13.0613347092
       13.4820747211
       12.2449899362
       12.7293530841
       13.6544656716
       13.9196271047
       14.1243076855
       12.5680377753
       12.8491330490
       13.4100362273
       14.3739344564
       14.5307184435
       14.6998992471
       12.7187969530
       12.8993237997
       13.3231779059
       13.2874138781
       13.2458118346
       11.1685232435
       11.1687871781
       11.1023217188
       11.6626546766
       11.2011477045
       10.7012212612
        8.7088052248
        8.3714942643
        8.1051308435
        8.6562975193
        7.9490667194
        6.1197897423
        5.6019995658
        5.3042769932
        5.6394959907
        5.2020317739
        4.7943496010
        3.7654342662
        3.9422926761
        4.7966570732
        6.4979522844
        7.7859124013
        7.9348689316
        8.9233936010
        9.8744511299
       11.1074322224
       11.7587770496
       12.3760789483
       11.4704086144
       12.1215944053
       12.7175645200
       13.7369215019
       14.3343663901
       14.9557228694
       13.9381316125
       14.5011566946
       15.4021785761
       15.7121274666
       16.1810416076
       14.6268863112
       15.0239179398
       15.4932261101
       16.1379913003
       16.1560920322
       16.0555643468
       14.1787555309
       14.1906705135
       14.7255979448
       14.3695226451
       14.2597480825
       12.5979555553
       12.5291690131
       12.4025902196
       12.9537215113
       12.0596243562
       11.1728974998
        9.4134699744
        8.9602102535
        8.4012090801
        8.4671760631
        7.8095718388
        6.0441984359
        5.5642931017
        4.8526664832
        5.0031760166
        4.7550911413
        4.3336602328
        3.9063484413
        4.2209334074
        4.7246921202
        6.1155256698
        7.3779246232
        7.8975806320
        9.0059300521
        9.9472734063
       11.5009736285
       12.4984500036
       13.4665467161
       12.8963914814
       13.4476320502
       13.9270856943
       14.6035752078
       14.9541889948
       15.3056685997
       13.9623919568
       14.2748627178
       14.8888652676
       15.3148138401
       15.7742991223
       14.5872468498
       14.9716284091
       15.3675282208
       16.0244077090
       16.4083764695
       16.9363511883
       15.2990426267
       15.8203277749
       16.8181705987
       16.5935585766
       16.3683759417
       13.5988271348
       13.2356935464
       12.8531178713
       13.2258566688
       12.5453255588
       11.9720313900
        9.5943531006
        9.1969894162
        8.8837779033
        9.5398269637
        8.8900892709
        7.0597771771
        6.5720870754
        6.0799804631
        6.2577897867
        5.8250164039
        5.5924850992
        5.4456061957
        6.5278179962
        7.8134982688
       10.0568130971
       10.9959136807
       10.1231105269
       10.6563438688
       10.8827683664
       12.0335274994
       12.1682647492
       12.5038951387
       10.7916127968
       11.0464490685
       10.9110512962
       11.3469924280
       10.5183837901
        9.5550375191
        7.6741802313
        6.7817419009
        6.5339705501
        5.7396935131
        5.1017092382
        3.9415196654
        3.5241436978
        3.1977763328
        3.3767165913
        3.2350553040
        3.1930652353
        0.0000000000
        0.0000000000
