!------------------------------------------------------------!
  Date: 20191017
  Simulation name: AVZ4 
  Filename:PEbyx.txt                                                                                                                                             
  Produced in mod-subroutine:  massdist/energypotential                                                                                                                              
  Written by AK September 2019
  Description:Integrates by width potential energy necessary to overflow at each height                                                                             
  Data format: RMAX by t potential energy (J)                                                                                                                       
!------------------------------------------------------------!
        0.0000000000
      696.1304885828
   205436.4893470951
   194546.1261914649
   176441.3483192781
   157798.0000136091
   131749.1313003736
   310380.4097778308
   269774.8197855944
   237402.5915954563
   217862.9425945151
   192955.9170331156
   425643.7030241771
   369913.9555274016
   323253.7287242720
   290072.0969304886
   270726.9417347387
   243367.6332050010
   504951.7083616612
   448818.9714530351
   397196.5146245864
   357111.4488824994
   325082.2178964790
   296570.2280924298
   578277.5705698072
   520196.1609670590
   460321.1785364115
   410121.7467564676
   365544.0168551460
   665050.0460298817
   611196.8093344874
   543230.2388034479
   496173.7106823903
   456332.6786111277
   408956.8112338783
   707025.0352446309
   635920.5623988826
   562005.8654373592
   494609.7578208468
   443641.9250509017
   713793.9214238521
   657953.7938237491
   596539.5841581351
   534665.8420329347
   481368.6847999327
   433712.5584623966
   670863.1144499603
   611615.9351744491
   558707.5549530938
   508788.3963871255
   471913.0850365524
   728737.6184275219
   669959.3954646868
   604162.0137842377
   529356.7131894097
   479633.3908966490
   429027.7936827397
   660720.3643176249
   598138.9472798068
   516440.7898285727
   460227.0181088515
   409509.5072984651
   624917.3055403819
   565587.5468570968
   504353.9953458403
   449392.3577191681
   413487.4640815915
   362558.2938513678
   568502.3190163495
   512253.9977774412
   474427.6425723779
   420539.0940658357
   385186.3423296247
   345079.8236510067
   515562.9594889072
   481699.5911943655
   443769.6506791290
   401126.3322298602
   348752.0827631128
   517338.1611512864
   478548.9093613875
   437573.5395476588
   399004.7648505834
   361795.7186215632
   319513.5598016387
   445551.0720121342
   428668.5341593951
   408418.2202913355
   379302.4325647645
   334193.4741476639
   488873.6663237674
   464978.1762023480
   431668.6640412114
   393820.0287973314
   354967.2066449270
   308256.2555680297
   411145.5814177722
   386827.1131474083
   373079.1634615003
   350627.4949820460
   310285.3338479701
   408077.3452713688
   375466.2834836301
   344520.5458650126
   304910.3246627381
   272456.9817625961
   233374.7961636738
   315685.4201584032
   285147.5284050959
   257150.9654678768
   228665.6570964639
   194999.6581867311
   260388.2833387450
   237958.4217645949
   218503.9765582054
   197071.1540880000
   178613.2402592269
   153899.6749339761
   210734.6266221981
   187923.6372353868
   175127.7860022940
   153497.8925882753
   138033.1163127661
   120991.7669102699
   154336.6749783992
   142161.0028378164
   132030.9036491264
   118547.9837741271
   103144.2296309908
   138054.8904972696
   127510.5456172519
   118138.5469799906
   106496.3675010662
    94992.2146528155
    82701.5341540172
   111554.8236255691
   103622.0854964592
    96187.1204579454
    87292.3864672497
    76542.7416659938
   103651.6161079382
    96313.8364175247
    88385.1690534263
    79707.6204396402
    70956.5837782743
    61445.1582875070
    81478.0269950435
    75022.3724988257
    68661.3911224038
    61561.1542908095
    54025.4377831302
    74006.9882734526
    68360.7596976606
    62972.5034356633
    56568.0773805666
    50602.0327721292
    44952.6647804148
    61864.9672570612
    56775.2013309666
    50393.3017872243
    44861.2467048126
    39451.7732554161
    53175.4616703524
    48339.5927579236
    43162.8598317035
    38053.1137814665
    34013.4844289163
    29652.3047675647
    39546.0884835651
    36047.5208840915
    32578.8166371887
    28874.3305106106
    25829.1596235176
    23009.5022578665
    31173.3367332557
    28972.8779023443
    26339.1476819895
    23658.8586873956
    20987.8077226384
    28379.6750727146
    26103.7797810214
    23789.6715481257
    21382.4979872501
    19094.0160606347
    17029.0697087890
    23115.0428390138
    21536.5618008334
    19665.6004683837
    17831.8607571068
    15998.5817383267
    21276.3498555034
    19734.8397662353
    18046.5161136461
    16405.3295585055
    14806.6225876274
    13268.8968639270
    16947.7625803633
    15653.9824329790
    14198.8572978062
    12839.6547817393
    11466.8300525335
    13736.1460932949
    12572.5215991080
    11474.4207904668
    10387.4989444308
     9362.8182903961
     8377.3025549239
     9819.8084018718
     9015.0264997044
     8071.9213767014
     7294.3783888367
     6542.6747986122
     7627.7313510802
     7109.6465800580
     6613.7589456816
     6116.0336216221
     5664.3430578935
     5177.5452596708
     5906.4022848373
     5529.7674778444
     5256.6762825807
     4802.4627354854
     4457.2883612424
     4120.1265883116
     4412.3623492953
     4150.2519659338
     3911.9082038393
     3679.5961339721
     3440.8316469277
     3839.2343135204
     3594.0722387482
     3351.0103858392
     3124.0820032825
     2906.5012809319
     2690.5203994969
     3158.5778609009
     2986.1363343853
     2807.2107021470
     2597.5030614780
     2364.0749891038
     2803.3399926145
     2601.3155808988
     2417.4888437724
     2235.0393632602
     2056.8677497210
     1878.9420021159
     2404.4886139875
     2267.0929079488
     2132.8032765465
     1999.5342036358
     1863.5119336445
     2409.2253010978
     2281.4023909233
     2157.0811250443
     2025.9525063246
     1893.9149222028
     1773.1656251603
     2329.8839467251
     2208.2123169632
     2086.5333917679
     1964.8551205871
     1843.1757474987
     2402.7465102851
     2275.8086991154
     2154.1298777618
     2032.4525917296
     1910.7756067543
     1789.0966267708
     2343.4110531790
     2221.7315145630
     2100.0524086835
     1978.3750872763
     1856.6979208357
     1735.0187724585
     2289.3344796483
     2167.6537093856
     2045.9744810618
     1924.2963696882
     1802.6160909774
     2356.9314154864
     2235.2514334517
     2113.5718360951
     1991.8945009254
     1870.2179548208
     1748.5373223562
     2302.8535642587
     2181.1720225682
     2059.4926843747
     1937.8148356914
     1816.1343082801
     2371.2012004531
     2248.7689772730
     2127.0901584337
     2005.4128051250
     1883.7358521985
     1762.0560633680
     2316.3727372794
     2194.6912741566
     2073.0118685098
     1951.3335571674
     1829.6526418063
     2386.9744751688
     2262.2888660294
     2140.6107062089
     2018.9330749787
     1897.2553179491
     1775.5738022981
     2329.8915666700
     2208.2112576920
     2086.5319249809
     1964.8526438115
     1843.1702802694
     2402.7464923137
     2275.8081663748
     2154.1293249344
     2032.4523740999
     1910.7747451951
     1789.0928200585
     2343.4118643287
     2221.7317295403
     2100.0523614636
     1978.3747075407
     1856.6966288511
     1735.0154542183
     2289.3354819447
     2167.6540987376
     2045.9740537386
     1924.2945305271
     1802.6122849101
     2356.9325581750
     2235.2520073291
     2113.5723869955
     1991.8945191541
     1870.2164594600
     1748.5340236589
     2302.8542536949
     2181.1720842140
     2059.4918317396
     1937.8128512499
     1816.1308617338
     2371.2026800406
     2248.7699926811
     2127.0903338885
     2005.4123737894
     1883.7343845406
     1762.0532884318
     2316.3744778167
     2194.6916997582
     2073.0110090296
     1951.3315571175
     1829.6498682831
     2386.9768903564
     2262.2899896850
     2140.6107121660
     2018.9328347574
     1897.2539172680
     1775.5714146594
     2329.8935956961
     2208.2117833871
     2086.5312366146
     1964.8508598945
     1843.1678862511
     2402.7489703400
     2275.8091025400
     2154.1292723664
     2032.4527304757
     1910.7743564815
     1789.0907166315
     2343.4137976087
     2221.7322817674
     2100.0520010991
     1978.3751213872
     1856.6969568348
     1735.0135894155
     2289.3371237263
     2167.6539789420
     2045.9735610841
     1924.2945559840
     1802.6101479614
     2356.9343116776
     2235.2518885801
     2113.5726950435
     1991.8965168387
     1870.2179360529
     1748.5309842023
     2302.8543988895
     2181.1710358691
     2059.4926588541
     1937.8155332448
     1816.1272085091
     2371.2018598779
     2248.7689400631
     2127.0924634189
     2005.4169449515
     1883.7385722113
     1762.0471989618
     2316.3721512320
     2194.6912178461
     2073.0154517002
     1951.3407998197
     1829.6654158332
     1707.9890918124
        0.0000000000
        0.0000000000
