!------------------------------------------------------------!
  Date: 20191111
  Simulation name: AVZ4 
  Filename:slice_3quarter_100m.txt                                                                                                                               
  Produced in mod-subroutine:  column.mod/slice                                                                                                                                      
  Written by AK September 2019
  Description:Veritcal column at x225_z603                                                                                                                          
  Data format: t  YYY  EPP   U_G   DPU   T_G   Ri                                                                                                                   
!------------------------------------------------------------!
  1      237.000000000000       14.000347260752        0.000000000000        0.000000000000      273.000000000000        0.000000000000
  1      240.000000000000       14.000347260752        0.000000000000        0.000000000000      273.000000000000        0.000000000000
  1      243.000000000000       14.000347260752        0.000000000000        0.000000000000      273.000000000000        0.000000000000
  1      246.000000000000       14.000347260752        0.000000000000        0.000000000000      273.000000000000        0.000000000000
  1      249.000000000000       14.000347260752        0.000000000000        0.000000000000      273.000000000000        0.000000000000
  1      252.000000000000       14.000347260752        0.000000000000        0.000000000000      273.000000000000        0.000000000000
  1      255.000000000000       14.000347260752        0.000000000000        0.000000000000      273.000000000000        0.000000000000
  1      258.000000000000       14.000347260752        0.000000000000        0.000000000000      273.000000000000        0.000000000000
  1      261.000000000000       14.000347260752        0.000000000000        0.000000000000      273.000000000000        0.000000000000
  1      264.000000000000       14.000347260752        0.000000000000        0.000000000000      273.000000000000        0.000000000000
  1      267.000000000000       14.000347260752        0.000000000000        0.000000000000      273.000000000000        0.000000000000
  1      270.000000000000       14.000347260752        0.000000000000        0.000000000000      273.000000000000        0.000000000000
  1      273.000000000000       14.000347260752        0.000000000000        0.000000000000      273.000000000000        0.000000000000
  1      276.000000000000       14.000347260752        0.000000000000        0.000000000000      273.000000000000        0.000000000000
  1      279.000000000000       14.000347260752        0.000000000000        0.000000000000      273.000000000000        0.000000000000
  1      282.000000000000       14.000347260752        0.000000000000        0.000000000000      273.000000000000        0.000000000000
  1      285.000000000000       14.000347260752        0.000000000000        0.000000000000      273.000000000000        0.000000000000
  1      288.000000000000       14.000347260752        0.000000000000        0.000000000000      273.000000000000        0.000000000000
  1      291.000000000000       14.000347260752        0.000000000000        0.000000000000      273.000000000000        0.000000000000
  1      294.000000000000       14.000347260752        0.000000000000        0.000000000000      273.000000000000        0.000000000000
  1      297.000000000000       14.000347260752        0.000000000000        0.000000000000      273.000000000000        0.000000000000
  1      300.000000000000       14.000347260752        0.000000000000        0.000000000000      273.000000000000        0.000000000000
  1      303.000000000000       14.000347260752        0.000000000000        0.000000000000      273.000000000000        0.000000000000
  1      306.000000000000       14.000347260752        0.000000000000        0.000000000000      273.000000000000        0.000000000000
  1      309.000000000000       14.000347260752        0.000000000000        0.000000000000      273.000000000000        0.000000000000
  1      312.000000000000       14.000347260752        0.000000000000        0.000000000000      273.000000000000        0.000000000000
  1      315.000000000000       14.000347260752        0.000000000000        0.000000000000      273.000000000000        0.000000000000
  1      318.000000000000       14.000347260752        0.000000000000        0.000000000000      273.000000000000        0.000000000000
  1      321.000000000000       14.000347260752        0.000000000000        0.000000000000      273.000000000000        0.000000000000
  1      324.000000000000       14.000347260752        0.000000000000        0.000000000000      273.000000000000        0.000000000000
  1      327.000000000000       14.000347260752        0.000000000000        0.000000000000      273.000000000000        0.000000000000
  1      330.000000000000       14.000347260752        0.000000000000        0.000000000000      273.000000000000        0.000000000000
  1      333.000000000000       14.000347260752        0.000000000000        0.000000000000      273.000000000000        0.000000000000
  1      336.000000000000       14.000347260752        0.000000000000        0.000000000000      273.000000000000        0.000000000000
  1      339.000000000000       14.000347260752        0.000000000000        0.000000000000      273.000000000000        0.000000000000
  1      342.000000000000       14.000347260752        0.000000000000        0.000000000000      273.000000000000        0.000000000000
  1      345.000000000000       14.000347260752        0.000000000000        0.000000000000      273.000000000000        0.000000000000
  1      348.000000000000       14.000347260752        0.000000000000        0.000000000000      273.000000000000        0.000000000000
  1      351.000000000000       14.000347260752        0.000000000000        0.000000000000      273.000000000000        0.000000000000
  1      354.000000000000       14.000347260752        0.000000000000        0.000000000000      273.000000000000        0.000000000000
  1      357.000000000000       14.000347260752        0.000000000000        0.000000000000      273.000000000000        0.000000000000
  1      360.000000000000       14.000347260752        0.000000000000        0.000000000000      273.000000000000        0.000000000000
  1      363.000000000000       14.000347260752        0.000000000000        0.000000000000      273.000000000000        0.000000000000
  1      366.000000000000       14.000347260752        0.000000000000        0.000000000000      273.000000000000        0.000000000000
  1      369.000000000000       14.000347260752        0.000000000000        0.000000000000      273.000000000000        0.000000000000
  1      372.000000000000       14.000347260752        0.000000000000        0.000000000000      273.000000000000        0.000000000000
  1      375.000000000000       14.000347260752        0.000000000000        0.000000000000      273.000000000000        0.000000000000
  1      378.000000000000       14.000347260752        0.000000000000        0.000000000000      273.000000000000        0.000000000000
  1      381.000000000000       14.000347260752        0.000000000000        0.000000000000      273.000000000000        0.000000000000
  1      384.000000000000       14.000347260752        0.000000000000        0.000000000000      273.000000000000        0.000000000000
  1      387.000000000000       14.000347260752        0.000000000000        0.000000000000      273.000000000000        0.000000000000
  1      390.000000000000       14.000347260752        0.000000000000        0.000000000000      273.000000000000        0.000000000000
  1      393.000000000000       14.000347260752        0.000000000000        0.000000000000      273.000000000000        0.000000000000
  1      396.000000000000       14.000347260752        0.000000000000        0.000000000000      273.000000000000        0.000000000000
  1      399.000000000000       14.000347260752        0.000000000000        0.000000000000      273.000000000000        0.000000000000
  1      402.000000000000       14.000347260752        0.000000000000        0.000000000000      273.000000000000        0.000000000000
  1      405.000000000000       14.000347260752        0.000000000000        0.000000000000      273.000000000000        0.000000000000
  1      408.000000000000       14.000347260752        0.000000000000        0.000000000000      273.000000000000        0.000000000000
  1      411.000000000000       14.000347260752        0.000000000000        0.000000000000      273.000000000000        0.000000000000
  1      414.000000000000       14.000347260752        0.000000000000        0.000000000000      273.000000000000        0.000000000000
  1      417.000000000000       14.000347260752        0.000000000000        0.000000000000      273.000000000000        0.000000000000
  1      420.000000000000       14.000347260752        0.000000000000        0.000000000000      273.000000000000        0.000000000000
  1      423.000000000000       14.000347260752        0.000000000000        0.000000000000      273.000000000000        0.000000000000
  1      426.000000000000       14.000347260752        0.000000000000        0.000000000000      273.000000000000        0.000000000000
  1      429.000000000000       14.000347260752        0.000000000000        0.000000000000      273.000000000000        0.000000000000
  1      432.000000000000       14.000347260752        0.000000000000        0.000000000000      273.000000000000        0.000000000000
  1      435.000000000000       14.000347260752        0.000000000000        0.000000000000      273.000000000000        0.000000000000
  1      438.000000000000       14.000347260752        0.000000000000        0.000000000000      273.000000000000        0.000000000000
  1      441.000000000000       14.000347260752        0.000000000000        0.000000000000      273.000000000000        0.000000000000
  1      444.000000000000       14.000347260752        0.000000000000        0.000000000000      273.000000000000        0.000000000000
  1      447.000000000000       14.000347260752        0.000000000000        0.000000000000      273.000000000000        0.000000000000
  1      450.000000000000       14.000347260752        0.000000000000        0.000000000000      273.000000000000        0.000000000000
  1      453.000000000000       14.000347260752        0.000000000000        0.000000000000      273.000000000000        0.000000000000
  1      456.000000000000       14.000347260752        0.000000000000        0.000000000000      273.000000000000        0.000000000000
  2      237.000000000000       14.000347260752       -0.108992044134        0.000000000000      272.997856032707        0.000000000000
  2      240.000000000000       14.000347260752       -0.102135563945        0.000000000000      272.999969242596        0.000000000000
  2      243.000000000000       14.000347260752       -0.080078276527        0.000000000000      272.999999551652        0.000000000000
  2      246.000000000000       14.000347260752       -0.067448699124        0.000000000000      272.999999993717        0.000000000000
  2      249.000000000000       14.000347260752       -0.061443960448        0.000000000000      272.999999999920        0.000000000000
  2      252.000000000000       14.000347260752       -0.058950957492        0.000000000000      273.000000000003        0.000000000000
  2      255.000000000000       14.000347260752       -0.058784004342        0.000000000000      273.000000000004        0.000000000000
  2      258.000000000000       14.000347260752       -0.060401299257        0.000000000000      273.000000000004        0.000000000000
  2      261.000000000000       14.000347260752       -0.063444176886        0.000000000000      273.000000000003        0.000000000000
  2      264.000000000000       14.000347260752       -0.067806737493        0.000000000000      273.000000000006        0.000000000000
  2      267.000000000000       14.000347260752       -0.073345204898        0.000000000000      273.000000000005        0.000000000000
  2      270.000000000000       14.000347260752       -0.079980984654        0.000000000000      273.000000000006        0.000000000000
  2      273.000000000000       14.000347260752       -0.087622028496        0.000000000000      273.000000000005        0.000000000000
  2      276.000000000000       14.000347260752       -0.096172723266        0.000000000000      273.000000000005        0.000000000000
  2      279.000000000000       14.000347260752       -0.105538902971        0.000000000000      273.000000000004        0.000000000000
  2      282.000000000000       14.000347260752       -0.115624205836        0.000000000000      273.000000000005        0.000000000000
  2      285.000000000000       14.000347260752       -0.126320524444        0.000000000000      273.000000000005        0.000000000000
  2      288.000000000000       14.000347260752       -0.137531469672        0.000000000000      273.000000000004        0.000000000000
  2      291.000000000000       14.000347260752       -0.149159262560        0.000000000000      273.000000000006        0.000000000000
  2      294.000000000000       14.000347260752       -0.161114099534        0.000000000000      273.000000000005        0.000000000000
  2      297.000000000000       14.000347260752       -0.173300440920        0.000000000000      273.000000000005        0.000000000000
  2      300.000000000000       14.000347260752       -0.185644995472        0.000000000000      273.000000000006        0.000000000000
  2      303.000000000000       14.000347260752       -0.198058436393        0.000000000000      273.000000000005        0.000000000000
  2      306.000000000000       14.000347260752       -0.210467064450        0.000000000000      273.000000000004        0.000000000000
  2      309.000000000000       14.000347260752       -0.222807410618        0.000000000000      273.000000000005        0.000000000000
  2      312.000000000000       14.000347260752       -0.235020837389        0.000000000000      273.000000000005        0.000000000000
  2      315.000000000000       14.000347260752       -0.247048507319        0.000000000000      273.000000000005        0.000000000000
  2      318.000000000000       14.000347260752       -0.258847092108        0.000000000000      273.000000000004        0.000000000000
  2      321.000000000000       14.000347260752       -0.270368576647        0.000000000000      273.000000000006        0.000000000000
  2      324.000000000000       14.000347260752       -0.281564846712        0.000000000000      273.000000000004        0.000000000000
  2      327.000000000000       14.000347260752       -0.292419860052        0.000000000000      273.000000000004        0.000000000000
  2      330.000000000000       14.000347260752       -0.302897381960        0.000000000000      273.000000000005        0.000000000000
  2      333.000000000000       14.000347260752       -0.312958683259        0.000000000000      273.000000000004        0.000000000000
  2      336.000000000000       14.000347260752       -0.322582290057        0.000000000000      273.000000000004        0.000000000000
  2      339.000000000000       14.000347260752       -0.331741681132        0.000000000000      273.000000000006        0.000000000000
  2      342.000000000000       14.000347260752       -0.340416363789        0.000000000000      273.000000000004        0.000000000000
  2      345.000000000000       14.000347260752       -0.348656173860        0.000000000000      273.000000000005        0.000000000000
  2      348.000000000000       14.000347260752       -0.356325583273        0.000000000000      273.000000000005        0.000000000000
  2      351.000000000000       14.000347260752       -0.363517917663        0.000000000000      273.000000000005        0.000000000000
  2      354.000000000000       14.000347260752       -0.370188829080        0.000000000000      273.000000000004        0.000000000000
  2      357.000000000000       14.000347260752       -0.376322341261        0.000000000000      273.000000000004        0.000000000000
  2      360.000000000000       14.000347260752       -0.381922983191        0.000000000000      273.000000000004        0.000000000000
  2      363.000000000000       14.000347260752       -0.386994249078        0.000000000000      273.000000000005        0.000000000000
  2      366.000000000000       14.000347260752       -0.391529578160        0.000000000000      273.000000000004        0.000000000000
  2      369.000000000000       14.000347260752       -0.395553169249        0.000000000000      273.000000000005        0.000000000000
  2      372.000000000000       14.000347260752       -0.399062049440        0.000000000000      273.000000000005        0.000000000000
  2      375.000000000000       14.000347260752       -0.402062881940        0.000000000000      273.000000000004        0.000000000000
  2      378.000000000000       14.000347260752       -0.404576208331        0.000000000000      273.000000000004        0.000000000000
  2      381.000000000000       14.000347260752       -0.406624299584        0.000000000000      273.000000000004        0.000000000000
  2      384.000000000000       14.000347260752       -0.408227782151        0.000000000000      273.000000000005        0.000000000000
  2      387.000000000000       14.000347260752       -0.409407586970        0.000000000000      273.000000000004        0.000000000000
  2      390.000000000000       14.000347260752       -0.410198131169        0.000000000000      273.000000000004        0.000000000000
  2      393.000000000000       14.000347260752       -0.410619684778        0.000000000000      273.000000000005        0.000000000000
  2      396.000000000000       14.000347260752       -0.410689679236        0.000000000000      273.000000000004        0.000000000000
  2      399.000000000000       14.000347260752       -0.410468849932        0.000000000000      273.000000000005        0.000000000000
  2      402.000000000000       14.000347260752       -0.409963597286        0.000000000000      273.000000000006        0.000000000000
  2      405.000000000000       14.000347260752       -0.409209783422        0.000000000000      273.000000000005        0.000000000000
  2      408.000000000000       14.000347260752       -0.408249950551        0.000000000000      273.000000000005        0.000000000000
  2      411.000000000000       14.000347260752       -0.407112570067        0.000000000000      273.000000000004        0.000000000000
  2      414.000000000000       14.000347260752       -0.405832784702        0.000000000000      273.000000000005        0.000000000000
  2      417.000000000000       14.000347260752       -0.404434922346        0.000000000000      273.000000000006        0.000000000000
  2      420.000000000000       14.000347260752       -0.402974583179        0.000000000000      273.000000000005        0.000000000000
  2      423.000000000000       14.000347260752       -0.401466077155        0.000000000000      273.000000000005        0.000000000000
  2      426.000000000000       14.000347260752       -0.399938594666        0.000000000000      273.000000000006        0.000000000000
  2      429.000000000000       14.000347260752       -0.398415595837        0.000000000000      273.000000000003        0.000000000000
  2      432.000000000000       14.000347260752       -0.396940957605        0.000000000000      273.000000000003        0.000000000000
  2      435.000000000000       14.000347260752       -0.395546566058        0.000000000000      273.000000000004        0.000000000000
  2      438.000000000000       14.000347260752       -0.394259992474        0.000000000000      273.000000000004        0.000000000000
  2      441.000000000000       14.000347260752       -0.393099463414        0.000000000000      273.000000000006        0.000000000000
  2      444.000000000000       14.000347260752       -0.392096724091        0.000000000000      273.000000000006        0.000000000000
  2      447.000000000000       14.000347260752       -0.391263464589        0.000000000000      273.000000000005        0.000000000000
  2      450.000000000000       14.000347260752       -0.390609175084        0.000000000000      273.000000000006        0.000000000000
  2      453.000000000000       14.000347260752       -0.390381832922        0.000000000000      273.000000000006        0.000000000000
  2      456.000000000000       14.000347260752       -0.406397695933        0.000000000000      273.000000000005        0.000000000000
  3      237.000000000000       14.000347260752       -0.018991444599        0.000000000000      272.995904509434        0.000000000000
  3      240.000000000000       14.000347260752        0.000627071040        0.000000000000      272.999958068757        0.000000000000
  3      243.000000000000       14.000347260752        0.025755252487        0.000000000000      272.999998545868        0.000000000000
  3      246.000000000000       14.000347260752        0.041848942830        0.000000000000      272.999999950535        0.000000000000
  3      249.000000000000       14.000347260752        0.058837489257        0.000000000000      272.999999998311        0.000000000000
  3      252.000000000000       14.000347260752        0.082484269249        0.000000000000      272.999999999948        0.000000000000
  3      255.000000000000       14.000347260752        0.115058885518        0.000000000000      273.000000000005        0.000000000000
  3      258.000000000000       14.000347260752        0.157229919044        0.000000000000      273.000000000007        0.000000000000
  3      261.000000000000       14.000347260752        0.209142460252        0.000000000000      273.000000000007        0.000000000000
  3      264.000000000000       14.000347260752        0.270589413502        0.000000000000      273.000000000007        0.000000000000
  3      267.000000000000       14.000347260752        0.341045261869        0.000000000000      273.000000000006        0.000000000000
  3      270.000000000000       14.000347260752        0.419480304062        0.000000000000      273.000000000008        0.000000000000
  3      273.000000000000       14.000347260752        0.504594523059        0.000000000000      273.000000000006        0.000000000000
  3      276.000000000000       14.000347260752        0.594773295296        0.000000000000      273.000000000007        0.000000000000
  3      279.000000000000       14.000347260752        0.688058237760        0.000000000000      273.000000000007        0.000000000000
  3      282.000000000000       14.000347260752        0.782461808305        0.000000000000      273.000000000006        0.000000000000
  3      285.000000000000       14.000347260752        0.875630460678        0.000000000000      273.000000000007        0.000000000000
  3      288.000000000000       14.000347260752        0.965073320328        0.000000000000      273.000000000007        0.000000000000
  3      291.000000000000       14.000347260752        1.049085880590        0.000000000000      273.000000000008        0.000000000000
  3      294.000000000000       14.000347260752        1.125297982570        0.000000000000      273.000000000008        0.000000000000
  3      297.000000000000       14.000347260752        1.192308474447        0.000000000000      273.000000000007        0.000000000000
  3      300.000000000000       14.000347260752        1.249042898933        0.000000000000      273.000000000008        0.000000000000
  3      303.000000000000       14.000347260752        1.294826625108        0.000000000000      273.000000000006        0.000000000000
  3      306.000000000000       14.000347260752        1.329574029030        0.000000000000      273.000000000007        0.000000000000
  3      309.000000000000       14.000347260752        1.353567825715        0.000000000000      273.000000000007        0.000000000000
  3      312.000000000000       14.000347260752        1.367448152585        0.000000000000      273.000000000007        0.000000000000
  3      315.000000000000       14.000347260752        1.372202146181        0.000000000000      273.000000000006        0.000000000000
  3      318.000000000000       14.000347260752        1.368545028332        0.000000000000      273.000000000007        0.000000000000
  3      321.000000000000       14.000347260752        1.358081175649        0.000000000000      273.000000000007        0.000000000000
  3      324.000000000000       14.000347260752        1.341860907199        0.000000000000      273.000000000007        0.000000000000
  3      327.000000000000       14.000347260752        1.320996622003        0.000000000000      273.000000000007        0.000000000000
  3      330.000000000000       14.000347260752        1.296615737618        0.000000000000      273.000000000007        0.000000000000
  3      333.000000000000       14.000347260752        1.269640222147        0.000000000000      273.000000000006        0.000000000000
  3      336.000000000000       14.000347260752        1.240846297293        0.000000000000      273.000000000007        0.000000000000
  3      339.000000000000       14.000347260752        1.210951358752        0.000000000000      273.000000000007        0.000000000000
  3      342.000000000000       14.000347260752        1.180640079796        0.000000000000      273.000000000007        0.000000000000
  3      345.000000000000       14.000347260752        1.150253587117        0.000000000000      273.000000000007        0.000000000000
  3      348.000000000000       14.000347260752        1.120162895249        0.000000000000      273.000000000006        0.000000000000
  3      351.000000000000       14.000347260752        1.090784883458        0.000000000000      273.000000000005        0.000000000000
  3      354.000000000000       14.000347260752        1.062313816046        0.000000000000      273.000000000006        0.000000000000
  3      357.000000000000       14.000347260752        1.034879439546        0.000000000000      273.000000000007        0.000000000000
  3      360.000000000000       14.000347260752        1.008630892283        0.000000000000      273.000000000005        0.000000000000
  3      363.000000000000       14.000347260752        0.983680551849        0.000000000000      273.000000000005        0.000000000000
  3      366.000000000000       14.000347260752        0.960063292977        0.000000000000      273.000000000005        0.000000000000
  3      369.000000000000       14.000347260752        0.937753882943        0.000000000000      273.000000000006        0.000000000000
  3      372.000000000000       14.000347260752        0.916769919412        0.000000000000      273.000000000005        0.000000000000
  3      375.000000000000       14.000347260752        0.897090165832        0.000000000000      273.000000000006        0.000000000000
  3      378.000000000000       14.000347260752        0.878676662963        0.000000000000      273.000000000006        0.000000000000
  3      381.000000000000       14.000347260752        0.861472719197        0.000000000000      273.000000000007        0.000000000000
  3      384.000000000000       14.000347260752        0.845411488312        0.000000000000      273.000000000006        0.000000000000
  3      387.000000000000       14.000347260752        0.830416747646        0.000000000000      273.000000000006        0.000000000000
  3      390.000000000000       14.000347260752        0.816427287378        0.000000000000      273.000000000007        0.000000000000
  3      393.000000000000       14.000347260752        0.803375149480        0.000000000000      273.000000000007        0.000000000000
  3      396.000000000000       14.000347260752        0.791202987534        0.000000000000      273.000000000006        0.000000000000
  3      399.000000000000       14.000347260752        0.779853596652        0.000000000000      273.000000000008        0.000000000000
  3      402.000000000000       14.000347260752        0.769264807848        0.000000000000      273.000000000008        0.000000000000
  3      405.000000000000       14.000347260752        0.759403832664        0.000000000000      273.000000000006        0.000000000000
  3      408.000000000000       14.000347260752        0.750237479458        0.000000000000      273.000000000006        0.000000000000
  3      411.000000000000       14.000347260752        0.741730531780        0.000000000000      273.000000000007        0.000000000000
  3      414.000000000000       14.000347260752        0.733853857842        0.000000000000      273.000000000007        0.000000000000
  3      417.000000000000       14.000347260752        0.726590295528        0.000000000000      273.000000000007        0.000000000000
  3      420.000000000000       14.000347260752        0.719923259477        0.000000000000      273.000000000007        0.000000000000
  3      423.000000000000       14.000347260752        0.713835732565        0.000000000000      273.000000000006        0.000000000000
  3      426.000000000000       14.000347260752        0.708324540073        0.000000000000      273.000000000006        0.000000000000
  3      429.000000000000       14.000347260752        0.703387445252        0.000000000000      273.000000000006        0.000000000000
  3      432.000000000000       14.000347260752        0.699008666893        0.000000000000      273.000000000006        0.000000000000
  3      435.000000000000       14.000347260752        0.695163455257        0.000000000000      273.000000000005        0.000000000000
  3      438.000000000000       14.000347260752        0.691840083613        0.000000000000      273.000000000005        0.000000000000
  3      441.000000000000       14.000347260752        0.689028783591        0.000000000000      273.000000000007        0.000000000000
  3      444.000000000000       14.000347260752        0.686714371404        0.000000000000      273.000000000008        0.000000000000
  3      447.000000000000       14.000347260752        0.684884720522        0.000000000000      273.000000000006        0.000000000000
  3      450.000000000000       14.000347260752        0.683546885835        0.000000000000      273.000000000006        0.000000000000
  3      453.000000000000       14.000347260752        0.682407588505        0.000000000000      273.000000000009        0.000000000000
  3      456.000000000000       14.000347260752        0.643170396005        0.000000000000      273.000000000007        0.000000000000
  4      237.000000000000       14.000347260752        2.696561449984        0.000000000000      272.995670721300        0.000000000000
  4      240.000000000000       14.000347260752        2.411281902589        0.000000000000      272.999771016359        0.000000000000
  4      243.000000000000       14.000347260752        2.415535746844        0.000000000000      272.999979773071        0.000000000000
  4      246.000000000000       14.000347260752        2.474775059477        0.000000000000      272.999999548293        0.000000000000
  4      249.000000000000       14.000347260752        2.519662122124        0.000000000000      272.999999993688        0.000000000000
  4      252.000000000000       14.000347260752        2.563080041664        0.000000000000      272.999999999889        0.000000000000
  4      255.000000000000       14.000347260752        2.595987699138        0.000000000000      273.000000001104        0.000000000000
  4      258.000000000000       14.000347260752        2.604156683830        0.000000000000      273.000000002592        0.000000000000
  4      261.000000000000       14.000347260752        2.566104369999        0.000000000000      273.000000003030        0.000000000000
  4      264.000000000000       14.000347260752        2.464566837283        0.000000000000      273.000000009694        0.000000000000
  4      267.000000000000       14.000347260752        2.298840311279        0.000000000000      273.000000025971        0.000000000000
  4      270.000000000000       14.000347260752        2.086656068204        0.000000000000      273.000000035536        0.000000000000
  4      273.000000000000       14.000347260752        1.832126813766        0.000000000000      273.000000053497        0.000000000000
  4      276.000000000000       14.000347260752        1.544996556374        0.000000000000      273.000000051475        0.000000000000
  4      279.000000000000       14.000347260752        1.219324158948        0.000000000000      273.000000027097        0.000000000000
  4      282.000000000000       14.000347260752        0.911603068510        0.000000000000      273.000000012577        0.000000000000
  4      285.000000000000       14.000347260752        0.669406164982        0.000000000000      273.000000012862        0.000000000000
  4      288.000000000000       14.000347260752        0.487690288193        0.000000000000      273.000000023830        0.000000000000
  4      291.000000000000       14.000347260752        0.369495621808        0.000000000000      273.000000017452        0.000000000000
  4      294.000000000000       14.000347260752        0.314491803211        0.000000000000      273.000000012771        0.000000000000
  4      297.000000000000       14.000347260752        0.330390205133        0.000000000000      273.000000011604        0.000000000000
  4      300.000000000000       14.000347260752        0.390197251775        0.000000000000      273.000000007776        0.000000000000
  4      303.000000000000       14.000347260752        0.477238947220        0.000000000000      273.000000006102        0.000000000000
  4      306.000000000000       14.000347260752        0.583642130508        0.000000000000      273.000000008070        0.000000000000
  4      309.000000000000       14.000347260752        0.702831834823        0.000000000000      273.000000009816        0.000000000000
  4      312.000000000000       14.000347260752        0.814892533565        0.000000000000      273.000000009230        0.000000000000
  4      315.000000000000       14.000347260752        0.910863889087        0.000000000000      273.000000006046        0.000000000000
  4      318.000000000000       14.000347260752        0.985718693646        0.000000000000      273.000000003355        0.000000000000
  4      321.000000000000       14.000347260752        1.038368945916        0.000000000000      273.000000001864        0.000000000000
  4      324.000000000000       14.000347260752        1.059874643448        0.000000000000      273.000000001449        0.000000000000
  4      327.000000000000       14.000347260752        1.048299451593        0.000000000000      273.000000001044        0.000000000000
  4      330.000000000000       14.000347260752        1.006920377061        0.000000000000      273.000000000406        0.000000000000
  4      333.000000000000       14.000347260752        0.943641721114        0.000000000000      273.000000000102        0.000000000000
  4      336.000000000000       14.000347260752        0.864570025367        0.000000000000      273.000000000026        0.000000000000
  4      339.000000000000       14.000347260752        0.778438682740        0.000000000000      273.000000000012        0.000000000000
  4      342.000000000000       14.000347260752        0.691515241884        0.000000000000      273.000000000010        0.000000000000
  4      345.000000000000       14.000347260752        0.609547652725        0.000000000000      273.000000000010        0.000000000000
  4      348.000000000000       14.000347260752        0.535876685007        0.000000000000      273.000000000009        0.000000000000
  4      351.000000000000       14.000347260752        0.470475421215        0.000000000000      273.000000000009        0.000000000000
  4      354.000000000000       14.000347260752        0.414256817523        0.000000000000      273.000000000008        0.000000000000
  4      357.000000000000       14.000347260752        0.366379793475        0.000000000000      273.000000000009        0.000000000000
  4      360.000000000000       14.000347260752        0.325069305811        0.000000000000      273.000000000008        0.000000000000
  4      363.000000000000       14.000347260752        0.289046395754        0.000000000000      273.000000000008        0.000000000000
  4      366.000000000000       14.000347260752        0.257892132608        0.000000000000      273.000000000008        0.000000000000
  4      369.000000000000       14.000347260752        0.230903442108        0.000000000000      273.000000000008        0.000000000000
  4      372.000000000000       14.000347260752        0.207365806018        0.000000000000      273.000000000008        0.000000000000
  4      375.000000000000       14.000347260752        0.186728494347        0.000000000000      273.000000000007        0.000000000000
  4      378.000000000000       14.000347260752        0.168562589249        0.000000000000      273.000000000007        0.000000000000
  4      381.000000000000       14.000347260752        0.152512258003        0.000000000000      273.000000000008        0.000000000000
  4      384.000000000000       14.000347260752        0.138281355861        0.000000000000      273.000000000008        0.000000000000
  4      387.000000000000       14.000347260752        0.125616786169        0.000000000000      273.000000000008        0.000000000000
  4      390.000000000000       14.000347260752        0.114307322394        0.000000000000      273.000000000008        0.000000000000
  4      393.000000000000       14.000347260752        0.104169062589        0.000000000000      273.000000000008        0.000000000000
  4      396.000000000000       14.000347260752        0.095066098539        0.000000000000      273.000000000009        0.000000000000
  4      399.000000000000       14.000347260752        0.086885293697        0.000000000000      273.000000000009        0.000000000000
  4      402.000000000000       14.000347260752        0.079514591912        0.000000000000      273.000000000009        0.000000000000
  4      405.000000000000       14.000347260752        0.072868555579        0.000000000000      273.000000000009        0.000000000000
  4      408.000000000000       14.000347260752        0.066883053614        0.000000000000      273.000000000008        0.000000000000
  4      411.000000000000       14.000347260752        0.061505573291        0.000000000000      273.000000000009        0.000000000000
  4      414.000000000000       14.000347260752        0.056682886985        0.000000000000      273.000000000008        0.000000000000
  4      417.000000000000       14.000347260752        0.052370388174        0.000000000000      273.000000000008        0.000000000000
  4      420.000000000000       14.000347260752        0.048523936702        0.000000000000      273.000000000010        0.000000000000
  4      423.000000000000       14.000347260752        0.045114048649        0.000000000000      273.000000000009        0.000000000000
  4      426.000000000000       14.000347260752        0.042117766537        0.000000000000      273.000000000008        0.000000000000
  4      429.000000000000       14.000347260752        0.039511197833        0.000000000000      273.000000000008        0.000000000000
  4      432.000000000000       14.000347260752        0.037274598616        0.000000000000      273.000000000008        0.000000000000
  4      435.000000000000       14.000347260752        0.035373489539        0.000000000000      273.000000000008        0.000000000000
  4      438.000000000000       14.000347260752        0.033777715205        0.000000000000      273.000000000008        0.000000000000
  4      441.000000000000       14.000347260752        0.032465403450        0.000000000000      273.000000000009        0.000000000000
  4      444.000000000000       14.000347260752        0.031414636999        0.000000000000      273.000000000009        0.000000000000
  4      447.000000000000       14.000347260752        0.030604238621        0.000000000000      273.000000000008        0.000000000000
  4      450.000000000000       14.000347260752        0.030039386625        0.000000000000      273.000000000009        0.000000000000
  4      453.000000000000       14.000347260752        0.029350240890        0.000000000000      273.000000000009        0.000000000000
  4      456.000000000000       14.000347260752        0.002183599212        0.000000000000      273.000000000009        0.000000000000
  5      237.000000000000        1.911709813934       13.272607851741     4055.356062786153      798.501491829484        0.000000000000
  5      240.000000000000        2.375197744751       17.950425983456     1733.772276541190      783.814130848675       43.956455471690
  5      243.000000000000        3.576104583916       15.144866770863       86.665881927695      452.561513454406        6.080891927939
  5      246.000000000000        4.213616096593        9.724850733540       12.589412917505      341.165418529326        0.146976546272
  5      249.000000000000        4.125878031628        9.640292946260       14.989874125024      351.573207405838       -0.152127748414
  5      252.000000000000        3.836793091235        8.171509541784       27.404235838506      419.771054196592       -0.155958372467
  5      255.000000000000        3.694736413468        4.162606192693       26.858097942609      471.463800784433       -0.069228071119
  5      258.000000000000        3.672389845368       -0.891181515027       18.048040808946      488.897900544127        0.155846185001
  5      261.000000000000        4.204886748278       -3.598025719333        4.817665271506      349.282080271003        0.300163419181
  5      264.000000000000        5.297136163965       -4.666776617671        0.209822281081      277.883198564918      -37.547403965456
  5      267.000000000000       14.000347260752       -4.044048904857        0.000000000000      273.000060917634        0.000000000000
  5      270.000000000000       14.000347260752       -3.267969671209        0.000000000000      273.000047903156        0.000000000000
  5      273.000000000000       14.000347260752       -3.002046979506        0.000000000000      273.000084794905        0.000000000000
  5      276.000000000000       14.000347260752       -2.955141290871        0.000000000000      273.000164660423        0.000000000000
  5      279.000000000000       14.000347260752       -2.939648438202        0.000000000000      273.000315691327        0.000000000000
  5      282.000000000000       14.000347260752       -2.897062285465        0.000000000000      273.000491101028        0.000000000000
  5      285.000000000000       14.000347260752       -2.877122196955        0.000000000000      273.000494106399        0.000000000000
  5      288.000000000000       14.000347260752       -2.875635106326        0.000000000000      273.000307384758        0.000000000000
  5      291.000000000000       14.000347260752       -2.886763831133        0.000000000000      273.000000999798        0.000000000000
  5      294.000000000000       14.000347260752       -2.902821073123        0.000000000000      273.000000200397        0.000000000000
  5      297.000000000000       14.000347260752       -2.910653904314        0.000000000000      273.000000021172        0.000000000000
  5      300.000000000000       14.000347260752       -2.899640732193        0.000000000000      273.000000015366        0.000000000000
  5      303.000000000000       14.000347260752       -2.842321913321        0.000000000000      273.000000097345        0.000000000000
  5      306.000000000000       14.000347260752       -2.756151376001        0.000000000000      273.000000414655        0.000000000000
  5      309.000000000000        7.713898293790       -2.588510835881        0.000062164952      273.009930804543       -0.021374269764
  5      312.000000000000        5.150952464171       -2.159701563203        0.006354740973      277.256688932666        0.034210999123
  5      315.000000000000        4.259366121349       -1.188328844647        0.240068741905      319.108075379550        0.257639275354
  5      318.000000000000        3.914456713684        0.779796378518        0.692622043351      413.498623496036        2.669957093997
  5      321.000000000000        3.867880790472        1.155444689590        1.559075009248      442.707017993177        2.407386898482
  5      324.000000000000        3.870477044411        1.184592361429        2.167056982220      441.224018226620       -0.039145577246
  5      327.000000000000        3.879708857941        0.907896241895        2.449354635960      434.973185059430       -0.035226084401
  5      330.000000000000        3.907724583879        0.269744034473        2.930945572899      420.494529547096        0.032678981024
  5      333.000000000000        3.942251597363       -0.420321699254        3.873184574719      408.378599823216        0.000979809903
  5      336.000000000000        4.021868447118       -1.082674653158        2.863209356389      379.541170840402       -0.111593906801
  5      339.000000000000        4.364981539427       -2.010025491380        0.438469977710      311.114210122206       -0.609568374067
  5      342.000000000000        5.253393530929       -3.534716049668        0.069230356796      276.211120627505       -0.781897177768
  5      345.000000000000        5.827229140822       -4.086224074582        0.025806154316      273.416960151110       -0.051131869702
  5      348.000000000000        5.246762883590       -3.603965112585        0.093368430420      275.018121873403       -0.066524580136
  5      351.000000000000        4.765067523678       -2.923801550406        0.253946038956      282.786575625534        0.335521067303
  5      354.000000000000        4.581227459369       -2.316883836799        0.331756784973      294.066342283664        0.777646284186
  5      357.000000000000        4.654525512994       -1.574257194438        0.270625035825      288.713236286498       -3.865019564271
  5      360.000000000000        5.306691213757       -1.210359772073        0.053306371113      274.010648969695       -0.014226975468
  5      363.000000000000       14.000347260752       -1.186072385406        0.000000000000      273.000000367179        0.000000000000
  5      366.000000000000       14.000347260752       -1.167557889840        0.000000000000      273.000000010924        0.000000000000
  5      369.000000000000       14.000347260752       -1.125908317815        0.000000000000      273.000000003531        0.000000000000
  5      372.000000000000       14.000347260752       -1.071407477980        0.000000000000      273.000000000392        0.000000000000
  5      375.000000000000       14.000347260752       -1.023412291652        0.000000000000      273.000000000041        0.000000000000
  5      378.000000000000       14.000347260752       -0.984146714594        0.000000000000      273.000000000013        0.000000000000
  5      381.000000000000       14.000347260752       -0.953786770564        0.000000000000      273.000000000013        0.000000000000
  5      384.000000000000       14.000347260752       -0.931473231087        0.000000000000      273.000000000013        0.000000000000
  5      387.000000000000       14.000347260752       -0.915643116062        0.000000000000      273.000000000012        0.000000000000
  5      390.000000000000       14.000347260752       -0.905048758089        0.000000000000      273.000000000012        0.000000000000
  5      393.000000000000       14.000347260752       -0.898664029723        0.000000000000      273.000000000012        0.000000000000
  5      396.000000000000       14.000347260752       -0.895677188712        0.000000000000      273.000000000013        0.000000000000
  5      399.000000000000       14.000347260752       -0.895053925802        0.000000000000      273.000000000014        0.000000000000
  5      402.000000000000       14.000347260752       -0.896147323544        0.000000000000      273.000000000014        0.000000000000
  5      405.000000000000       14.000347260752       -0.898494290410        0.000000000000      273.000000000013        0.000000000000
  5      408.000000000000       14.000347260752       -0.901750329850        0.000000000000      273.000000000013        0.000000000000
  5      411.000000000000       14.000347260752       -0.905590215689        0.000000000000      273.000000000013        0.000000000000
  5      414.000000000000       14.000347260752       -0.909711058474        0.000000000000      273.000000000013        0.000000000000
  5      417.000000000000       14.000347260752       -0.913975816016        0.000000000000      273.000000000014        0.000000000000
  5      420.000000000000       14.000347260752       -0.918205904849        0.000000000000      273.000000000013        0.000000000000
  5      423.000000000000       14.000347260752       -0.922298812621        0.000000000000      273.000000000014        0.000000000000
  5      426.000000000000       14.000347260752       -0.926174840725        0.000000000000      273.000000000013        0.000000000000
  5      429.000000000000       14.000347260752       -0.929758498481        0.000000000000      273.000000000012        0.000000000000
  5      432.000000000000       14.000347260752       -0.933017354876        0.000000000000      273.000000000014        0.000000000000
  5      435.000000000000       14.000347260752       -0.935923443363        0.000000000000      273.000000000013        0.000000000000
  5      438.000000000000       14.000347260752       -0.938463407947        0.000000000000      273.000000000012        0.000000000000
  5      441.000000000000       14.000347260752       -0.940630053848        0.000000000000      273.000000000014        0.000000000000
  5      444.000000000000       14.000347260752       -0.942424703915        0.000000000000      273.000000000014        0.000000000000
  5      447.000000000000       14.000347260752       -0.943848834600        0.000000000000      273.000000000014        0.000000000000
  5      450.000000000000       14.000347260752       -0.944882354013        0.000000000000      273.000000000013        0.000000000000
  5      453.000000000000       14.000347260752       -0.945898444526        0.000000000000      273.000000000014        0.000000000000
  5      456.000000000000       14.000347260752       -0.948651320119        0.000000000000      273.000000000013        0.000000000000
  6      237.000000000000        1.450287829501       10.862268678441     8338.675520763065      799.590146357494        0.000000000000
  6      240.000000000000        1.815315120082       17.878796190857     5991.344569934016      799.666559830235       31.753801371902
  6      243.000000000000        2.663411716047       18.811680845596      810.593413712613      756.832873345279       33.145516190012
  6      246.000000000000        3.546618390823        9.147993106890       24.502592770348      442.568441584666        0.536407289573
  6      249.000000000000        3.926965912973       -0.273093995454        0.514335104298      362.566972603140        0.068848832001
  6      252.000000000000        4.047164802823       -4.546848569956        2.019467654627      370.986717128096        0.129738074482
  6      255.000000000000        4.303243922674       -3.788490087309        0.701998756215      333.767505833239       -4.463936318347
  6      258.000000000000        5.479339800072       -2.919932568558        0.034590315954      277.316234202167       -1.946390663827
  6      261.000000000000        6.027920436457       -2.889054572779        0.006156544703      273.650216097060       -0.359980448959
  6      264.000000000000        5.556938189377       -2.532699321528        0.024671911706      274.963750589924        0.004323995796
  6      267.000000000000        5.518600721054       -1.947258122299        0.000000290735      275.150691591116       -0.004362435192
  6      270.000000000000       14.000347260752       -1.538360694374        0.000000000000      273.000059605624        0.000000000000
  6      273.000000000000       14.000347260752       -1.361587996986        0.000000000000      273.000038992813        0.000000000000
  6      276.000000000000       14.000347260752       -1.316022015817        0.000000000000      273.000025810636        0.000000000000
  6      279.000000000000       14.000347260752       -1.400957195141        0.000000000000      273.000014278675        0.000000000000
  6      282.000000000000       14.000347260752       -1.557858369011        0.000000000000      273.000008781763        0.000000000000
  6      285.000000000000       14.000347260752       -1.758679158387        0.000000000000      273.000004006648        0.000000000000
  6      288.000000000000       14.000347260752       -1.973580127372        0.000000000000      273.000001055304        0.000000000000
  6      291.000000000000       14.000347260752       -2.188520188057        0.000000000000      273.000000008787        0.000000000000
  6      294.000000000000       14.000347260752       -2.399497057374        0.000000000000      273.000000004286        0.000000000000
  6      297.000000000000       14.000347260752       -2.616940232909        0.000000000000      273.000000010392        0.000000000000
  6      300.000000000000       14.000347260752       -2.844673098248        0.000000000000      273.000000034646        0.000000000000
  6      303.000000000000       14.000347260752       -3.101636207637        0.000000000000      273.000000116253        0.000000000000
  6      306.000000000000       14.000347260752       -3.399676917703        0.000000000000      273.000000422435        0.000000000000
  6      309.000000000000       14.000347260752       -3.786404082513        0.000000000000      273.000001516154        0.000000000000
  6      312.000000000000       14.000347260752       -4.252983458984        0.000000000000      273.000410718233        0.000000000000
  6      315.000000000000        6.230431329945       -4.787102918725        0.001902181936      273.411066990524        0.223994879699
  6      318.000000000000        5.197771877363       -5.187069241507        0.195224285886      277.812351689864        1.345296422035
  6      321.000000000000        4.611340631375       -5.130657530359        0.806189621512      293.015824186303        0.898245983965
  6      324.000000000000        4.211730645876       -4.733768024871        2.086684961342      329.809436683819        3.215424489611
  6      327.000000000000        4.046554383399       -4.445525552022        3.179231981098      366.492587223659       10.150943731704
  6      330.000000000000        4.044100183310       -4.241520576690        3.526290980114      375.075973883413        0.520814932450
  6      333.000000000000        4.038371825126       -3.070200148488        3.888828161125      377.659716068042       -0.009727008213
  6      336.000000000000        4.048390329759       -0.788666642465        3.570975220547      373.040363542973       -0.038313993613
  6      339.000000000000        4.115078099703        0.250694791680        2.651246182835      354.201984306848       -0.027343904724
  6      342.000000000000        4.152827120655        0.778597516645        1.536610881978      347.154110295063       -0.049961397540
  6      345.000000000000        4.305710916090        0.953296017137        0.778128941010      323.303451097911      -16.785202244359
  6      348.000000000000        4.711408464089       -0.025015292375        0.145635807428      290.429473727062       -0.182932840424
  6      351.000000000000        5.048295573763       -0.823603360750        0.050902754148      281.640136868746       -0.053331298397
  6      354.000000000000        5.194456025564       -1.173781577762        0.048918020431      278.983914476365       -0.310412706067
  6      357.000000000000        5.198842939034       -1.098849963019        0.061950132156      278.059612851839        0.036034854194
  6      360.000000000000        4.905313844889       -0.565955796992        0.114638318320      283.453594196748        0.038362400506
  6      363.000000000000        4.570227709344        0.582312608522        0.327997812699      295.377411084500        0.036571796937
  6      366.000000000000        4.389612931957        2.496220209102        0.965381252373      309.185444406942        0.051492377296
  6      369.000000000000        4.309292108125        4.261188555681        2.349931218364      318.479170488142        0.083844491906
  6      372.000000000000        4.320579641179        5.582818775186        3.269087063557      317.669146932830        8.747515528358
  6      375.000000000000        4.378632668388        6.030482237220        3.079100090202      313.309344687135        0.168791516523
  6      378.000000000000        4.383922038286        5.807629322567        2.741109403602      313.661661834981        0.090876370998
  6      381.000000000000        4.304773800565        4.649826485133        2.554153064186      323.742547851254        0.022058280517
  6      384.000000000000        4.209874623026        1.906569561125        1.699247433142      337.425990438611        0.002392991263
  6      387.000000000000        4.213603557190       -2.055926697085        1.768425878048      336.350794484789       -0.012252322960
  6      390.000000000000        4.336918501743       -5.429994690694        2.540670998437      318.176442516039       -1.998556483600
  6      393.000000000000        5.094202729408       -5.075205997519        0.351001293400      279.504876450736       -0.193523611511
  6      396.000000000000       14.000347260752       -3.643375464492        0.000000000000      273.002758142173        0.000000000000
  6      399.000000000000       14.000347260752       -2.652402696323        0.000000000000      273.000000005295        0.000000000000
  6      402.000000000000       14.000347260752       -2.152616340241        0.000000000000      273.000000000179        0.000000000000
  6      405.000000000000       14.000347260752       -1.843074484301        0.000000000000      273.000000000026        0.000000000000
  6      408.000000000000       14.000347260752       -1.623771999590        0.000000000000      273.000000000018        0.000000000000
  6      411.000000000000       14.000347260752       -1.472642799003        0.000000000000      273.000000000018        0.000000000000
  6      414.000000000000       14.000347260752       -1.371916111739        0.000000000000      273.000000000017        0.000000000000
  6      417.000000000000       14.000347260752       -1.305442180508        0.000000000000      273.000000000017        0.000000000000
  6      420.000000000000       14.000347260752       -1.262810808084        0.000000000000      273.000000000018        0.000000000000
  6      423.000000000000       14.000347260752       -1.236532355726        0.000000000000      273.000000000018        0.000000000000
  6      426.000000000000       14.000347260752       -1.221338672179        0.000000000000      273.000000000016        0.000000000000
  6      429.000000000000       14.000347260752       -1.213531602211        0.000000000000      273.000000000016        0.000000000000
  6      432.000000000000       14.000347260752       -1.211032774625        0.000000000000      273.000000000016        0.000000000000
  6      435.000000000000       14.000347260752       -1.211333457287        0.000000000000      273.000000000016        0.000000000000
  6      438.000000000000       14.000347260752       -1.213168096712        0.000000000000      273.000000000016        0.000000000000
  6      441.000000000000       14.000347260752       -1.215970734325        0.000000000000      273.000000000018        0.000000000000
  6      444.000000000000       14.000347260752       -1.219090311727        0.000000000000      273.000000000018        0.000000000000
  6      447.000000000000       14.000347260752       -1.222040310205        0.000000000000      273.000000000018        0.000000000000
  6      450.000000000000       14.000347260752       -1.224437776662        0.000000000000      273.000000000017        0.000000000000
  6      453.000000000000       14.000347260752       -1.226417494628        0.000000000000      273.000000000018        0.000000000000
  6      456.000000000000       14.000347260752       -1.222959476264        0.000000000000      273.000000000017        0.000000000000
  7      237.000000000000        1.457205846743        9.509746432847     5441.872619385122      799.848039649897        0.000000000000
  7      240.000000000000        2.156560519307       16.027754951883     1894.789502190441      787.488499770787       50.293632189073
  7      243.000000000000        2.946281542828       15.647425634372      279.318268332425      579.873291978107       10.625143883951
  7      246.000000000000        3.647821809922        3.901424715524        5.426924971444      355.232871919082        0.321272308893
  7      249.000000000000        5.834899067355       -0.764247422760        0.006132894039      275.971412298604        0.161220774661
  7      252.000000000000        5.850858510030       -0.672842637832        0.008454562213      276.917008680524       -0.322072862132
  7      255.000000000000        6.532594729043       -0.790463359882        0.000989493420      273.889706006958       -9.115366273176
  7      258.000000000000       14.000347260752       -0.821665939067        0.000000000000      273.005203674172        0.000000000000
  7      261.000000000000       14.000347260752       -0.978175163022        0.000000000000      273.002199245231        0.000000000000
  7      264.000000000000       14.000347260752       -1.055039679964        0.000000000000      273.000721116267        0.000000000000
  7      267.000000000000       14.000347260752       -1.144990241549        0.000000000000      273.000123586109        0.000000000000
  7      270.000000000000       14.000347260752       -1.271237585959        0.000000000000      273.000004370395        0.000000000000
  7      273.000000000000       14.000347260752       -1.390384431805        0.000000000000      273.000005370434        0.000000000000
  7      276.000000000000       14.000347260752       -1.428432261037        0.000000000000      273.000010299659        0.000000000000
  7      279.000000000000       14.000347260752       -1.300311077396        0.000000000000      273.000016704902        0.000000000000
  7      282.000000000000       14.000347260752       -0.958994240985        0.000000000000      273.000019821288        0.000000000000
  7      285.000000000000       14.000347260752       -0.612572415214        0.000000000000      273.000013912895        0.000000000000
  7      288.000000000000       14.000347260752       -0.504962187694        0.000000000000      273.000007313823        0.000000000000
  7      291.000000000000       14.000347260752       -0.593904403552        0.000000000000      273.000007083922        0.000000000000
  7      294.000000000000       14.000347260752       -0.654195499239        0.000000000000      273.000006019134        0.000000000000
  7      297.000000000000       14.000347260752       -0.633813753894        0.000000000000      273.000003246592        0.000000000000
  7      300.000000000000       14.000347260752       -0.558145722157        0.000000000000      273.000001815912        0.000000000000
  7      303.000000000000       14.000347260752       -0.470501747350        0.000000000000      273.000004041448        0.000000000000
  7      306.000000000000       14.000347260752       -0.495768626684        0.000000000000      273.000018421941        0.000000000000
  7      309.000000000000       14.000347260752       -0.669688115863        0.000000000000      273.000089203456        0.000000000000
  7      312.000000000000       14.000347260752       -0.936237899699        0.000000000000      273.000489894814        0.000000000000
  7      315.000000000000       14.000347260752       -1.234380339649        0.000000000000      273.003629479744        0.000000000000
  7      318.000000000000        7.776997687010       -1.554268679713        0.000040019152      273.018749045173        0.001385620781
  7      321.000000000000        7.515014466698       -1.871240552196        0.000080060977      273.031916989086        0.001004065731
  7      324.000000000000        7.452626066967       -2.165564274097        0.000089150102      273.036092360612        0.001194577072
  7      327.000000000000        7.356048512765       -2.382874220816        0.000094332300      273.045185938095        0.002359850442
  7      330.000000000000        7.154122907289       -2.590982068351        0.000121711206      273.066310992666        0.003975284993
  7      333.000000000000        6.800693325881       -2.851700435597        0.001521432401      273.139142434615        0.002550228044
  7      336.000000000000        6.382517572797       -3.258629462820        0.005318953922      273.322407434594        0.008850828618
  7      339.000000000000        5.762789166386       -3.723021886389        0.031335723476      274.333538547505        0.159556083299
  7      342.000000000000        5.159836575850       -3.878030939398        0.156942331332      278.636991723524        0.645765937200
  7      345.000000000000        4.777179242921       -3.318291545497        0.378239450296      287.145455147299        0.053875881834
  7      348.000000000000        4.527024094706       -2.145427432852        0.556957631941      298.814164321379        0.013384641930
  7      351.000000000000        4.549018672157       -0.792156747462        0.391115792820      297.881726685561       -0.027090185488
  7      354.000000000000        5.008444781239       -0.049892416136        0.106485682255      280.628561892354       -0.176777610385
  7      357.000000000000        6.903926078562       -0.015045368289        0.000000000000      273.011104648426       -0.232484592338
  7      360.000000000000       14.000347260752       -0.351965457808        0.000000000000      273.005847924407        0.000000000000
  7      363.000000000000       14.000347260752       -0.888979099456        0.000000000000      273.005698685688        0.000000000000
  7      366.000000000000        5.286829291507       -1.286159399619        0.158825172652      277.518967084219        4.026965630582
  7      369.000000000000        4.702568544628       -0.517448997502        0.788600754124      290.386298380905        0.116958108501
  7      372.000000000000        4.493212413404        1.096325475342        0.724878359213      301.808654641248        0.025260289540
  7      375.000000000000        4.552361870015        2.864717287770        0.299447071702      297.919254766437       -0.004810678688
  7      378.000000000000        4.525373808027        5.843111911169        1.086129379891      299.634855481605        0.000438122167
  7      381.000000000000        4.542345661648        7.333052818475        1.606829864477      298.520470195060       -0.046068511060
  7      384.000000000000        4.972207636998        7.206290339060        0.574352788338      281.978109706079       -5.986008492878
  7      387.000000000000        5.721843547589        7.164502747997        0.106473527320      274.418704821846        0.100431627641
  7      390.000000000000        4.925683697957        7.240520129455        0.749741177276      283.111946243225      147.749011631023
  7      393.000000000000        4.486486447372        6.823636731204        2.107278207776      303.185922471105        0.306183009141
  7      396.000000000000        4.336641366907        5.673783236154        2.462960638843      316.533333064552        0.044621074529
  7      399.000000000000        4.301508353115        3.413159580311        1.734375774787      321.662298620339        0.003468990808
  7      402.000000000000        4.332691258872       -0.001183686507        1.142499647873      318.010096102801       -0.003945237883
  7      405.000000000000        4.406991322106       -2.533562562453        1.460487155557      310.094036416184       -0.007292285947
  7      408.000000000000        4.402157404733       -4.012823257918        2.230435803494      310.423042163358        0.048796597418
  7      411.000000000000        4.327033622834       -3.523187798336        2.416182154975      318.267679744350        0.402949876370
  7      414.000000000000        4.327551918916       -2.110591029880        1.533674562933      318.143929269627       -0.240987627076
  7      417.000000000000        4.852680442821       -1.524374792229        0.417627510214      284.857759403589       -0.198596800687
  7      420.000000000000       14.000347260752       -1.342447954401        0.000000000000      273.000016730114        0.000000000000
  7      423.000000000000        7.015458070637       -0.666911832415        0.001769051048      273.002126755986       -0.000000897994
  7      426.000000000000       14.000347260752       -0.094152785381        0.000000000000      273.000002189378        0.000000000000
  7      429.000000000000       14.000347260752        0.299301684122        0.000000000000      273.000000082980        0.000000000000
  7      432.000000000000       14.000347260752        0.560979728106        0.000000000000      273.000000004860        0.000000000000
  7      435.000000000000       14.000347260752        0.761386036593        0.000000000000      273.000000006868        0.000000000000
  7      438.000000000000       14.000347260752        0.881027316888        0.000000000000      273.000000005354        0.000000000000
  7      441.000000000000       14.000347260752        0.930500127436        0.000000000000      273.000000002483        0.000000000000
  7      444.000000000000       14.000347260752        0.935456451218        0.000000000000      273.000000000479        0.000000000000
  7      447.000000000000       14.000347260752        0.920683740796        0.000000000000      273.000000000076        0.000000000000
  7      450.000000000000       14.000347260752        0.900608359452        0.000000000000      273.000000000026        0.000000000000
  7      453.000000000000       14.000347260752        0.884033965212        0.000000000000      273.000000000020        0.000000000000
  7      456.000000000000       14.000347260752        0.843533667014        0.000000000000      273.000000000020        0.000000000000
  8      237.000000000000        1.887746199384        7.652405023435     1084.205717917093      799.857330127320        0.000000000000
  8      240.000000000000        2.888518907502       12.338035675901      194.835468273884      726.510855798763     1090.988661454148
  8      243.000000000000        4.138053227893        1.858736310079        1.919266669136      326.410375164672        0.321962117852
  8      246.000000000000       14.000347260752       -3.884959687591        0.000000000000      273.004165106610        0.000000000000
  8      249.000000000000        5.898040425819       -4.412772354329        0.040571806109      273.909512908839        4.361372612456
  8      252.000000000000        4.920603005540       -4.680430001362        0.357339538922      283.114187664036        1.712804379954
  8      255.000000000000        4.616017936952       -4.667461300033        0.612256696490      294.194292222151        0.099643077376
  8      258.000000000000        4.898769153272       -4.602955768875        0.310064205233      283.700660742055       -2.611331066176
  8      261.000000000000        5.779312944046       -4.608323236645        0.042231512865      274.513167329583       -0.229469610483
  8      264.000000000000        5.308597984874       -4.788835051240        0.122462021926      277.281355602274        0.546119853720
  8      267.000000000000        4.855873832562       -4.737365538660        0.319715583518      284.691656666603      510.169857164508
  8      270.000000000000        4.803319005458       -4.537034728124        0.338587628189      286.177614125177     -866.604826245307
  8      273.000000000000        4.832643397129       -4.469664696347        0.311511981991      285.166006940364    -1446.955833238781
  8      276.000000000000        5.048135632909       -4.481173717829        0.180863279202      280.287082428252       -2.563388168986
  8      279.000000000000        5.601697542639       -4.612183074213        0.051906936139      274.967156254734       -0.942809095884
  8      282.000000000000        6.276553803429       -4.838693231141        0.013125438717      273.442372690642        0.662666362035
  8      285.000000000000        5.426092270421       -5.045870369584        0.117033877975      275.978850666973        1.133052483237
  8      288.000000000000        4.895861780911       -4.965145615967        0.414184058280      283.528930769949        0.167202833659
  8      291.000000000000        4.643118938130       -3.620112585105        0.487862468259      292.009298057897        0.083124427952
  8      294.000000000000        4.508143090136       -2.240458877240        0.799805988492      299.361913237297        0.177574002845
  8      297.000000000000        4.471156140961       -1.963597678036        0.852527066206      302.342502552484       -0.255226832969
  8      300.000000000000        4.615586341439       -1.925677178118        0.356599177421      293.597640409290       -0.475579555957
  8      303.000000000000        5.479418359207       -1.533825187888        0.021265212917      275.630997441126       -0.217221149141
  8      306.000000000000       14.000347260752       -1.409040326450        0.000000000000      273.000027700757        0.000000000000
  8      309.000000000000       14.000347260752       -1.407177318565        0.000000000000      273.000080054471        0.000000000000
  8      312.000000000000       14.000347260752       -1.390850523321        0.000000000000      273.000203429764        0.000000000000
  8      315.000000000000       14.000347260752       -1.410715073615        0.000000000000      273.000345454406        0.000000000000
  8      318.000000000000       14.000347260752       -1.420397066623        0.000000000000      273.000394008997        0.000000000000
  8      321.000000000000       14.000347260752       -1.416688999512        0.000000000000      273.000360176480        0.000000000000
  8      324.000000000000       14.000347260752       -1.405876411351        0.000000000000      273.000335935904        0.000000000000
  8      327.000000000000       14.000347260752       -1.397339057358        0.000000000000      273.000334997794        0.000000000000
  8      330.000000000000       14.000347260752       -1.391718073699        0.000000000000      273.000339877628        0.000000000000
  8      333.000000000000       14.000347260752       -1.392349632004        0.000000000000      273.000338448421        0.000000000000
  8      336.000000000000       14.000347260752       -1.409906361846        0.000000000000      273.000351020188        0.000000000000
  8      339.000000000000       14.000347260752       -1.442413536993        0.000000000000      273.000391240462        0.000000000000
  8      342.000000000000       14.000347260752       -1.499723953435        0.000000000000      273.000474591997        0.000000000000
  8      345.000000000000       14.000347260752       -1.579610417011        0.000000000000      273.000476960113        0.000000000000
  8      348.000000000000       14.000347260752       -1.671990940763        0.000000000000      273.000355007901        0.000000000000
  8      351.000000000000       14.000347260752       -1.775601652350        0.000000000000      273.000199145153        0.000000000000
  8      354.000000000000       14.000347260752       -1.890062890489        0.000000000000      273.000090982715        0.000000000000
  8      357.000000000000       14.000347260752       -1.992940336673        0.000000000000      273.000094037997        0.000000000000
  8      360.000000000000       14.000347260752       -2.065326991444        0.000000000000      273.000329451992        0.000000000000
  8      363.000000000000       14.000347260752       -2.099585719728        0.000000000000      273.001485087978        0.000000000000
  8      366.000000000000       14.000347260752       -2.095148580157        0.000000000000      273.003595532479        0.000000000000
  8      369.000000000000       14.000347260752       -2.041494311195        0.000000000000      273.003363088840        0.000000000000
  8      372.000000000000       14.000347260752       -1.940527397291        0.000000000000      273.004693425707        0.000000000000
  8      375.000000000000       14.000347260752       -1.806870375504        0.000000000000      273.010976100263        0.000000000000
  8      378.000000000000        7.867105949590       -1.708109834808        0.000007228619      273.054492199141        0.800748268580
  8      381.000000000000        6.244843618283       -1.708587689961        0.015326265189      273.677607970127        1.889040783900
  8      384.000000000000        5.558573145601       -1.880916839140        0.093855542865      275.255718241460        0.753202977575
  8      387.000000000000        5.358706744875       -2.055337569570        0.177561345388      276.515854310351       72.623373713727
  8      390.000000000000        5.220940668136       -2.095377302413        0.259785781411      277.957630337243        0.272257714535
  8      393.000000000000        4.999999289973       -1.689075895242        0.411338826597      281.299101408714        0.156879827350
  8      396.000000000000        4.754377932756       -1.094839165641        0.599383655397      288.487361474083        0.095246409119
  8      399.000000000000        4.581852014269       -0.138628315262        0.659031454932      296.472392191197        0.029396247452
  8      402.000000000000        4.489585686594        1.220443488749        0.829793338008      302.371855063653        0.011778529379
  8      405.000000000000        4.442130498300        2.529803613627        1.444138506061      306.031526449091        0.012144525777
  8      408.000000000000        4.417681071261        3.351530749145        2.419111760192      308.128689557864        0.206795300640
  8      411.000000000000        4.399322438741        3.329182015868        3.357437164465      309.889124808039        0.033005890550
  8      414.000000000000        4.360379945817        2.705077249620        3.993287175022      313.911563131014        0.005684402194
  8      417.000000000000        4.362243127929        1.739388637454        3.658099673253      313.714017190054       -0.010579625021
  8      420.000000000000        4.419797062746        0.818344773008        2.505950110779      307.938458584575       -0.027830235063
  8      423.000000000000        4.473942939661       -0.670421662997        1.320607563636      303.353625519955       -0.008908880696
  8      426.000000000000        4.465251357107       -2.419518025192        1.159587572204      304.059233640380        0.009262317437
  8      429.000000000000        4.452022816579       -3.855432126448        1.949836273470      305.091258988127       60.083490888241
  8      432.000000000000        4.427188863142       -3.239567781547        2.731872269950      307.104055396559        0.027201253703
  8      435.000000000000        4.411121016263       -1.168032181013        2.748864384962      308.491184832805        0.010887521427
  8      438.000000000000        4.404597267625        0.779581170016        2.534035087884      309.193268239626        0.028690482207
  8      441.000000000000        4.379811538700        1.963354064139        2.424818503253      311.841513696264        0.048345950924
  8      444.000000000000        4.331701299306        2.585844770739        3.120975351872      316.862698164525        0.027899735839
  8      447.000000000000        4.302974885758        3.147815504450        5.005561110526      320.341057815212        0.005203346772
  8      450.000000000000        4.265752388856        3.985619390510        9.096478409136      324.237006342988       -0.016330798694
  8      453.000000000000        4.246853132396        4.509560614746       12.989324206809      325.883887207988       -0.006922627934
  8      456.000000000000        4.273650352810        3.313802075842        9.529588054896      322.401838581313             -Infinity
