!------------------------------------------------------------!
  Date: 20191203
  Simulation name: AVZ7 
  Filename:transect.txt                                                                                                                                          
  Produced in mod-subroutine:  massdist/massinchannel                                                                                                                                
  Written by AK September 2019
  Description: Transects from channel sides to edges                                                                                                                
  Data format:300 EPP, 600 EPP, 900 EPP, 300 TG, 600 TG, 900 TG, 300 DPU, 600 DPU, 900 DPu                                                                          
!------------------------------------------------------------!
        4.15332       14.00035       14.00035      458.87811      335.93907      273.00000        4.40650        5.60062        0.00000        4.15332       14.00035       14.00035      458.87811      335.93907      273.00000        4.40650        5.60062        0.00000
        4.51720       14.00035       14.00035      481.72196      353.25812      273.00000        4.85297        5.31663        0.00000        4.02870       14.00035       14.00035      393.95271      369.97981      273.00000        3.62620       11.84145        0.00000
        5.41787       14.00035       14.00035      467.38547      424.14306      273.00000        5.14054        9.74140        0.00000        3.94665       14.00035       14.00035      423.97927      473.41349      273.00000        6.31534       36.58832        0.00000
        6.07372       14.00035       14.00035      435.69046      461.50697      273.00000        3.27187       15.19336        0.00000        3.86703       14.00035       14.00035      503.40377      546.68970      273.00000       16.35355       59.17381        0.00000
        7.24282       14.00035       14.00035      361.97398      469.97827      273.00000        1.20208       15.39958        0.00000        3.86586       14.00035       14.00035      457.35873      559.62520      273.00000        3.87363       60.45913        0.00000
       14.00035       14.00035       14.00035      297.98232      463.00245      273.00000        0.61191       14.27237        0.00000        3.95151       14.00035       14.00035      435.42131      535.02059      273.00000        2.98590       47.24292        0.00000
       14.00035       14.00035       14.00035      278.61095      384.38086      273.00000        0.20893       10.38728        0.00000        3.93689       14.00035       14.00035      440.18982      520.73942      273.00000        3.74766       33.21107        0.00000
       14.00035       14.00035       14.00035      273.47950      304.28964      273.00000        0.02451        3.69769        0.00000        3.86259       14.00035       14.00035      452.57810      515.42127      273.00000        6.65221       16.23715        0.00000
       14.00035       14.00035       14.00035      273.00203      276.05150      273.00000        0.00062        0.31577        0.00000        3.86603        4.98962       14.00035      448.20198      481.43270      273.00000        7.97158        3.60509        0.00000
       14.00035       14.00035       14.00035      273.00000      273.00003      273.00000        0.00000        0.00998        0.00000        3.87473        4.62652       14.00035      439.98146      439.11302      273.00000        7.22847        1.97319        0.00000
       14.00035       14.00035       14.00035      273.00000      273.00000      273.00000        0.00000        0.00000        0.00000        3.88789        4.69348       14.00035      441.90969      375.99211      273.00000        7.49305        3.18814        0.00000
       14.00035       14.00035       14.00035      273.00000      273.00000      273.00000        0.00000        0.00000        0.00000        4.07466        4.36429       14.00035      440.62524      377.74203      273.00000        8.61428       18.51099        0.00000
       14.00035       14.00035       14.00035      273.00000      273.00000      273.00000        0.00000        0.00000        0.00000        4.13958        4.24751       14.00035      439.84038      406.98987      273.00000       10.92325       15.27037        0.00000
       14.00035       14.00035       14.00035      273.00000      273.00000      273.00000        0.00000        0.00000        0.00000        4.10226        3.98280       14.00035      437.67654      480.50174      273.00000       10.29874       13.08283        0.00000
       14.00035       14.00035       14.00035      273.00000      273.00000      273.00000        0.00000        0.00000        0.00000        4.15605        3.88918       14.00035      435.96304      688.69913      273.00000        6.62060       39.44502        0.00000
       14.00035       14.00035       14.00035      273.00000      273.00000      273.00000        0.00000        0.00000        0.00000        4.41137        3.92552       14.00035      413.58316      750.82501      273.00000        7.80210       95.29663        0.00000
       14.00035       14.00035       14.00035      273.00000      273.00000      273.00000        0.00000        0.00000        0.00000        4.53846        4.11439       14.00035      348.20937      755.50120      273.00000        4.26526      137.21020        0.00000
       14.00035       14.00035       14.00035      273.00000      273.00000      273.00000        0.00000        0.00000        0.00000        4.49162        4.07864       14.00035      337.26459      725.15185      273.00000        4.07112      126.33691        0.00000
       14.00035       14.00035       14.00035      273.00000      273.00000      273.00000        0.00000        0.00000        0.00000        4.52151        3.91242       14.00035      349.04790      674.36529      273.00000        6.77971       99.28225        0.00000
       14.00035       14.00035       14.00035      273.00000      273.00000      273.00000        0.00000        0.00000        0.00000        4.62672        3.88005       14.00035      352.04570      667.10203      273.00000        9.32343      111.06976        0.00000
       14.00035       14.00035       14.00035      273.00000      273.00000      273.00000        0.00000        0.00000        0.00000        4.78871        3.96559       14.00035      323.25812      706.15873      273.00000        5.91409      176.20316        0.00000
       14.00035       14.00035       14.00035      273.00000      273.00000      273.00000        0.00000        0.00000        0.00000        5.01391        4.03078       14.00035      303.36340      745.74792      273.00000        3.77568      362.72182        0.00000
       14.00035       14.00035       14.00035      273.00000      273.00000      273.00000        0.00000        0.00000        0.00000        5.33227        4.07110       14.00035      308.37038      746.38106      273.00000        5.17485      581.36892        0.00000
       14.00035       14.00035       14.00035      273.00000      273.00000      273.00000        0.00000        0.00000        0.00000        5.87715        3.94439       14.00035      320.01622      705.94221      273.00000        7.48485      311.13939        0.00000
       14.00035       14.00035       14.00035      273.00000      273.00000      273.00000        0.00000        0.00000        0.00000        6.31121        3.49030       14.00035      325.99599      616.35362      273.00000        7.79843      173.23800        0.00000
       14.00035       14.00035       14.00035      273.00000      273.00000      273.00000        0.00000        0.00000        0.00000        6.23696        3.44081       14.00035      332.06458      628.08589      273.00000        7.09549      131.40482        0.00000
       14.00035       14.00035       14.00035      273.00000      273.00000      273.00000        0.00000        0.00000        0.00000        5.88760        3.38480       14.00035      352.29141      634.39825      273.00000        8.31479      125.18707        0.00000
       14.00035       14.00035       14.00035      273.00000      273.00000      273.00000        0.00000        0.00000        0.00000        5.59473        3.41733       14.00035      416.32102      628.95010      273.00000       15.63284       95.71482        0.00000
       14.00035       14.00035       14.00035      273.00000      273.00000      273.00000        0.00000        0.00000        0.00000        5.45906        3.57601       14.00035      491.39024      620.21529      273.00000       25.51892       99.70663        0.00000
       14.00035       14.00035       14.00035      273.00000      273.00000      273.00000        0.00000        0.00000        0.00000        5.36050        3.68680       14.00035      551.00729      647.43931      273.00000       34.72054      159.79251        0.00000
       14.00035       14.00035       14.00035      273.00000      273.00000      273.00000        0.00000        0.00000        0.00000        5.16516        3.77444       14.00035      560.82717      696.92391      273.00000       41.22428      276.09871        0.00000
       14.00035       14.00035       14.00035      273.00000      273.00000      273.00000        0.00000        0.00000        0.00000        4.83356        3.72796       14.00035      521.94935      735.40689      273.00000       44.30807      438.86282        0.00000
       14.00035       14.00035       14.00035      273.00000      273.00000      273.00000        0.00000        0.00000        0.00000        4.52912        3.54818       14.00035      440.30238      673.64570      273.00000       35.02467      319.99256        0.00000
       14.00035       14.00035       14.00035      273.00000      273.00000      273.00000        0.00000        0.00000        0.00000        4.33181        3.20877       14.00035      347.44730      624.32279      273.00000       18.93242      179.91711        0.00000
       14.00035       14.00035       14.00035      273.00000      273.00000      273.00000        0.00000        0.00000        0.00000        4.34606        3.07236       14.00035      332.58803      729.50157      273.00000       16.88886      286.15237        0.00000
       14.00035       14.00035       14.00035      273.00000      273.00000      273.00000        0.00000        0.00000        0.00000        4.26040        2.89091       14.00035      328.61309      744.92087      273.00000       24.64524      276.50501        0.00000
       14.00035       14.00035       14.00035      273.00000      273.00000      273.00000        0.00000        0.00000        0.00000        4.44199        2.99065       14.00035      357.88918      743.98322      273.00000       38.96946      249.99974        0.00000
       14.00035       14.00035       14.00035      273.00000      273.00000      273.00000        0.00000        0.00000        0.00000        4.58579        3.27317       14.00035      441.87107      755.60898      273.00000       61.57419      210.98542        0.00000
       14.00035       14.00035       14.00035      273.00000      273.00000      273.00000        0.00000        0.00000        0.00000        4.50991        3.47870       14.00035      523.76227      759.50845      273.00000       52.12171      278.55982        0.00000
       14.00035       14.00035       14.00035      273.00000      273.00000      273.00000        0.00000        0.00000        0.00000        4.23703        3.44337       14.00035      550.40965      760.22923      273.00000       31.68303      341.56261        0.00000
       14.00035       14.00035       14.00035      273.00000      273.00000      273.00000        0.00000        0.00000        0.00000        4.08802        3.41876       14.00035      568.64860      757.08503      273.00000       16.32341      339.72707        0.00000
       14.00035       14.00035       14.00035      273.00000      273.00000      273.00000        0.00000        0.00000        0.00000        4.06290        3.54453       14.00035      559.71584      746.74592      273.00000        5.74598      234.04531        0.00000
       14.00035       14.00035       14.00035      273.00000      273.00000      273.00000        0.00000        0.00000        0.00000        4.02329        3.85955       14.00035      534.22375      732.62998      273.00000        9.11308       99.22470        0.00000
       14.00035       14.00035       14.00035      273.00000      273.00000      273.00000        0.00000        0.00000        0.00000        4.02953        3.89348       14.00035      505.00240      690.25485      273.00000       20.65513       44.75733        0.00000
       14.00035       14.00035       14.00035      273.00000      273.00000      273.00000        0.00000        0.00000        0.00000        4.07463        3.72407       14.00035      454.77606      596.95693      273.00000       24.06853       29.93506        0.00000
       14.00035       14.00035       14.00035      273.00000      273.00000      273.00000        0.00000        0.00000        0.00000        4.11129        3.88057       14.00035      420.72960      582.77412      273.00000       21.52752       47.23503        0.00000
       14.00035       14.00035       14.00035      273.00000      273.00000      273.00000        0.00000        0.00000        0.00000        4.08820        3.99998       14.00035      484.10318      582.59499      273.00000       35.04753       54.87974        0.00000
       14.00035       14.00035       14.00035      273.00000      273.00000      273.00000        0.00000        0.00000        0.00000        3.84696        4.13693       14.00035      567.72454      554.35648      273.00000       43.43913       41.29630        0.00000
       14.00035       14.00035       14.00035      273.00000      273.00000      273.00000        0.00000        0.00000        0.00000        3.56483        4.17297       14.00035      591.64839      397.65653      273.00000       58.70597       12.44806        0.00000
       14.00035       14.00035       14.00035      273.00000      273.00000      273.00000        0.00000        0.00000        0.00000        3.52595        5.67104       14.00035      625.71738      351.85009      273.00005       60.21895       10.65226        0.00060
       14.00035       14.00035       14.00035      273.00000      273.00000      273.00000        0.00000        0.00000        0.00000        3.50377        7.37831       14.00035      601.79193      383.06806      282.91807       56.80338        8.01673        0.08769
       14.00035       14.00035       14.00035      273.00000      273.00000      273.00000        0.00000        0.00000        0.00000        3.56664        7.95687       14.00035      632.48428      408.84173      306.79640       57.26135        7.31186        0.33172
       14.00035       14.00035       14.00035      273.00000      273.00000      273.00000        0.00000        0.00000        0.00000        3.53668       14.00035       14.00035      655.26572      280.10102      327.37799       70.01888        0.12713        0.44593
       14.00035       14.00035       14.00035      273.00000      273.00000      273.00000        0.00000        0.00000        0.00000        3.64495       14.00035       14.00035      638.55122      273.00004      339.83750       51.25222        0.00000        0.61922
       14.00035       14.00035       14.00035      273.00000      273.00000      273.00000        0.00000        0.00000        0.00000        3.78901       14.00035       14.00035      626.04396      273.00002      335.82019       55.32426        0.00000        1.07819
       14.00035       14.00035       14.00035      273.00000      273.00000      273.00000        0.00000        0.00000        0.00000        3.63701       14.00035       14.00035      664.46851      292.45818      319.10401       48.11939        0.21584        1.33469
       14.00035       14.00035       14.00035      273.00000      273.00000      273.00000        0.00000        0.00000        0.00000        3.51731       14.00035       14.00035      700.83281      349.54105      295.05598       42.31451        0.20177        1.10499
       14.00035       14.00035       14.00035      273.00000      273.00000      273.00000        0.00000        0.00000        0.00000        3.76626       14.00035       14.00035      698.69957      360.01139      277.58001       59.27089        0.35562        0.43609
       14.00035       14.00035       14.00035      273.00000      273.00000      273.00000        0.00000        0.00000        0.00000        4.22591       14.00035       14.00035      685.47166      341.14386      274.41105       38.01912        0.72876        0.19881
       14.00035       14.00035       14.00035      273.00000      273.00000      273.00000        0.00000        0.00000        0.00000        4.50034       14.00035       14.00035      635.87058      319.44568      301.85834       18.56849        2.10612        3.53402
       14.00035       14.00035       14.00035      273.00000      273.00000      273.00000        0.00000        0.00000        0.00000        4.50932       14.00035       14.00035      640.30421      294.15005      411.18368       26.25601        2.77926       13.42210
       14.00035       14.00035       14.00035      273.00000      273.00000      273.00000        0.00000        0.00000        0.00000        4.43153       14.00035       14.00035      659.84171      313.69181      455.33080       37.57018        8.24015       26.33223
       14.00035       14.00035       14.00035      273.00000      273.00000      273.00000        0.00000        0.00000        0.00000        3.84605       14.00035       14.00035      701.02712      351.95266      469.86094       22.05002       12.98023       34.61858
       14.00035       14.00035       14.00035      273.00000      273.00000      273.00000        0.00000        0.00000        0.00000        3.49438       14.00035       14.00035      727.86199      304.07315      520.16038       52.01073        4.49655       51.95084
       14.00035       14.00035       14.00035      273.59010      273.00000      273.00000        0.66651        0.00000        0.00000        3.47089       14.00035       14.00035      726.94527      296.29117      610.81926      106.17061        2.52333       72.35027
       14.00035       14.00035       14.00035      344.79107      273.00000      273.00000       19.23414        0.00000        0.00000        3.38588       14.00035       14.00035      678.81202      296.00431      639.11957       54.96744        2.09820      100.53801
       14.00035       14.00035       14.00035      470.16624      273.00000      273.00000       48.01934        0.00000        0.00000        3.59857       14.00035       14.00035      663.75427      315.07849      631.62629       51.98984        2.55424      114.81129
       14.00035       14.00035       14.00035      531.87639      273.00000      273.00000       59.23040        0.00000        0.00000        3.66631       14.00035       14.00035      639.88026      362.81732      596.51839       86.77553        2.53352       96.91440
       14.00035       14.00035       14.00035      549.84515      273.00000      273.00000       58.61405        0.00000        0.00000        3.65611       14.00035       14.00035      642.00671      410.95419      541.95303       92.60869        1.11103       73.89202
       14.00035       14.00035       14.00035      537.97289      273.00000      273.00000       53.76007        0.00000        0.00000        3.62147       14.00035       14.00035      647.19298      441.31270      526.88578       75.95234        0.53075       65.72852
       14.00035       14.00035       14.00035      363.06761      273.00000      273.00000       18.96719        0.00000        0.00000        3.63150       14.00035       14.00035      654.01856      350.88976      548.92893       56.09902        1.62646       60.41992
       14.00035       14.00035       14.00035      282.21301      273.00000      273.00000        1.46784        0.00000        0.00000        3.66697       14.00035       14.00035      657.07448      274.86357      572.14634       23.94990        0.14863       53.81728
       14.00035       14.00035       14.00035      273.00000      273.00000      273.00000        0.00000        0.00000        0.00000        3.59904       14.00035       14.00035      660.53630      273.00005      550.82293       30.35985        0.00000       33.68412
       14.00035       14.00035       14.00035      273.00000      273.00000      273.00000        0.00000        0.00000        0.00000        3.58016       14.00035       14.00035      678.87420      273.00000      416.50619       28.93599        0.00000       11.71910
       14.00035       14.00035       14.00035      273.00000      273.00000      273.00000        0.00000        0.00000        0.00000        3.61467       14.00035       14.00035      686.74957      273.00000      281.06269        8.04837        0.00000        0.68771
       14.00035       14.00035       14.00035      273.00000      273.00000      273.00000        0.00000        0.00000        0.00000        3.60417       14.00035       14.00035      673.19479      273.00000      273.00000       12.06433        0.00000        0.00000
       14.00035       14.00035       14.00035      273.00000      273.00000      273.00000        0.00000        0.00000        0.00000        3.54410       14.00035       14.00035      661.29839      273.00000      273.00000       16.72013        0.00000        0.00000
       14.00035       14.00035       14.00035      273.00000      273.00000      273.00000        0.00000        0.00000        0.00000        3.57431       14.00035       14.00035      655.59947      273.00000      273.00000       22.70385        0.00000        0.00000
       14.00035       14.00035       14.00035      273.00000      273.00000      273.00000        0.00000        0.00000        0.00000        3.71567       14.00035       14.00035      649.88846      273.00000      273.00000       37.34127        0.00000        0.00000
       14.00035       14.00035       14.00035      273.00000      273.00000      273.00000        0.00000        0.00000        0.00000        3.85642       14.00035       14.00035      632.63179      273.00000      273.00000       47.13925        0.00000        0.00000
       14.00035       14.00035       14.00035      273.00000      273.00000      273.00000        0.00000        0.00000        0.00000        3.98296       14.00035       14.00035      595.25055      273.00000      273.00000       58.85914        0.00000        0.00000
       14.00035       14.00035       14.00035      273.00000      273.00000      273.00000        0.00000        0.00000        0.00000        4.01635       14.00035       14.00035      552.86949      273.00000      273.00000       55.70415        0.00000        0.00000
       14.00035       14.00035       14.00035      273.00000      273.00000      273.00000        0.00000        0.00000        0.00000        3.95697       14.00035       14.00035      527.05990      273.00000      273.00000       40.60256        0.00000        0.00000
       14.00035       14.00035       14.00035      273.00000      273.00000      273.00000        0.00000        0.00000        0.00000        3.79365       14.00035       14.00035      507.18136      273.00000      273.00000       47.53080        0.00000        0.00000
       14.00035       14.00035       14.00035      273.00000      273.00000      273.00000        0.00000        0.00000        0.00000        3.71455       14.00035       14.00035      551.35364      273.00000      273.00000       72.91169        0.00000        0.00000
       14.00035       14.00035       14.00035      273.00000      273.00000      273.00000        0.00000        0.00000        0.00000        3.70695       14.00035       14.00035      553.84104      273.00000      273.00000       84.48537        0.00000        0.00000
       14.00035       14.00035       14.00035      273.00000      273.00000      273.00000        0.00000        0.00000        0.00000        4.00106       14.00035       14.00035      530.60237      273.00000      273.00000       16.70551        0.00000        0.00000
       14.00035       14.00035       14.00035      273.00000      273.00000      273.00000        0.00000        0.00000        0.00000        4.06554       14.00035       14.00035      646.01482      273.00000      273.00000       20.63291        0.00000        0.00000
       14.00035       14.00035       14.00035      273.00000      273.00000      273.00000        0.00000        0.00000        0.00000        4.03204       14.00035       14.00035      684.11005      273.00000      273.00000       39.40375        0.00000        0.00000
       14.00035       14.00035       14.00035      273.00000      273.00000      273.00000        0.00000        0.00000        0.00000        4.12720       14.00035       14.00035      672.65767      273.00000      273.00000       22.10495        0.00000        0.00000
       14.00035       14.00035       14.00035      273.00000      273.00000      273.00000        0.00000        0.00000        0.00000        4.25006       14.00035       14.00035      612.18196      273.00000      273.00000       12.74223        0.00000        0.00000
       14.00035       14.00035       14.00035      273.00000      273.00000      273.00000        0.00000        0.00000        0.00000        4.25914       14.00035       14.00035      446.51959      273.00000      273.00000        5.03743        0.00000        0.00000
       14.00035       14.00035       14.00035      273.00000      273.00000      273.00000        0.00000        0.00000        0.00000        4.21804       14.00035       14.00035      441.08945      273.00000      273.00000        2.88078        0.00000        0.00000
       14.00035       14.00035       14.00035      273.00000      273.00000      273.00000        0.00000        0.00000        0.00000        4.24402       14.00035       14.00035      375.75750      273.00000      273.00000        7.76097        0.00000        0.00000
       14.00035       14.00035       14.00035      273.00000      273.00000      273.00000        0.00000        0.00000        0.00000        4.24026       14.00035       14.00035      336.78965      273.00000      273.00000        7.84428        0.00000        0.00000
       14.00035       14.00035       14.00035      273.00000      273.00000      273.00000        0.00000        0.00000        0.00000        4.35796       14.00035       14.00035      330.70379      273.00000      273.00000        6.33977        0.00000        0.00000
       14.00035       14.00035       14.00035      273.00000      273.00000      273.00000        0.00000        0.00000        0.00000        4.92431       14.00035       14.00035      335.93340      273.00000      273.00000        3.63285        0.00000        0.00000
       14.00035       14.00035       14.00035      273.00000      273.00000      273.00000        0.00000        0.00000        0.00000        5.15978       14.00035       14.00035      343.28584      273.00000      273.00000        3.88956        0.00000        0.00000
       14.00035       14.00035       14.00035      273.00000      273.00000      273.00000        0.00000        0.00000        0.00000        5.46099       14.00035       14.00035      354.54995      273.00000      273.00000        4.99518        0.00000        0.00000
       14.00035       -0.00000       14.00035      273.00000      273.00000      273.00000        0.00000        0.00000        0.00000        6.02558       14.00035       14.00035      350.34581      273.00000      273.00000        6.33722        0.00000        0.00000
       14.00035        0.00000       14.00035      273.00000        0.00000      273.00000        0.00000        0.00000        0.00000        6.32656       14.00035       14.00035      340.46110      273.00000      273.00000        5.45008        0.00000        0.00000
       14.00035        0.00000       14.00035      273.00000        0.00000      273.00000        0.00000        0.00000        0.00000        6.39847       14.00035       14.00035      353.28088      273.00000      273.00000        5.69757        0.00000        0.00000
       14.00035        0.00000       14.00035      273.00000        0.00000      273.00000        0.00000        0.00000        0.00000        5.90191       14.00035       14.00035      384.07520      273.00000      273.00000        8.82682        0.00000        0.00000
       14.00035        0.00000       14.00035      273.00000        0.00000      273.00000        0.00000        0.00000        0.00000        5.67964       14.00035       14.00035      355.79122      273.00000      273.00000        7.14874        0.00000        0.00000
       14.00035        0.00000       14.00035      273.00000        0.00000      273.00000        0.00000        0.00000        0.00000        5.66021       14.00035       14.00035      290.98344      273.00000      273.00000        2.38100        0.00000        0.00000
       14.00035        0.00000       14.00035      273.00000        0.00000      273.00000        0.00000        0.00000        0.00000        6.63994       14.00035       14.00035      273.11695      273.00000      273.00000        0.03993        0.00000        0.00000
       14.00035        0.00000       14.00035      273.00000        0.00000      273.00000        0.00000        0.00000        0.00000       14.00035       14.00035       14.00035      273.04367      273.00000      273.00000        0.01433        0.00000        0.00000
       14.00035        0.00000       14.00035      273.00000        0.00000      273.00000        0.00000        0.00000        0.00000       14.00035       14.00035       14.00035      273.03229      273.00000      273.00000        0.00073        0.00000        0.00000
       14.00035        0.00000       14.00035      273.00000        0.00000      273.00000        0.00000        0.00000        0.00000       14.00035       14.00035       14.00035      273.00057      273.00000      273.00000        0.00000        0.00000        0.00000
       14.00035        0.00000       14.00035      273.00000        0.00000      273.00000        0.00000        0.00000        0.00000       14.00035       14.00035       14.00035      273.00053      273.00000      273.00000        0.00000        0.00000        0.00000
       14.00035        0.00000       14.00035      273.00000        0.00000      273.00000        0.00000        0.00000        0.00000       14.00035       14.00035       14.00035      273.00044      273.00000      273.00000        0.00000        0.00000        0.00000
       14.00035        0.00000       14.00035      273.00000        0.00000      273.00000        0.00000        0.00000        0.00000       14.00035       14.00035       14.00035      273.00030      273.00000      273.00000        0.00000        0.00000        0.00000
       14.00035        0.00000       14.00035      273.00000        0.00000      273.00000        0.00000        0.00000        0.00000       14.00035       14.00035       14.00035      273.00013      273.00000      273.00000        0.00000        0.00000        0.00000
       14.00035        0.00000       14.00035      273.00000        0.00000      273.00000        0.00000        0.00000        0.00000       14.00035       14.00035       14.00035      273.00004      273.00000      273.00000        0.00000        0.00000        0.00000
       -0.00000        0.00000       -0.00000      273.00000        0.00000      273.00000        0.00000        0.00000        0.00000       14.00035       14.00035       14.00035      273.18429      273.00000      273.00000        0.01122        0.00000        0.00000
        0.00000        0.00000        0.00000        0.00000        0.00000        0.00000        0.00000        0.00000        0.00000       14.00035       14.00035       14.00035      273.75562      273.00000      273.00000        0.05559        0.00000        0.00000
        0.00000        0.00000        0.00000        0.00000        0.00000        0.00000        0.00000        0.00000        0.00000       14.00035       14.00035       14.00035      274.34040      273.00000      273.00000        0.09974        0.00000        0.00000
        0.00000        0.00000        0.00000        0.00000        0.00000        0.00000        0.00000        0.00000        0.00000       14.00035       14.00035       14.00035      274.77509      273.00000      273.00000        0.13326        0.00000        0.00000
        0.00000        0.00000        0.00000        0.00000        0.00000        0.00000        0.00000        0.00000        0.00000       14.00035       14.00035       14.00035      275.07878      273.00000      273.00000        0.14928        0.00000        0.00000
        0.00000        0.00000        0.00000        0.00000        0.00000        0.00000        0.00000        0.00000        0.00000       14.00035       14.00035       14.00035      275.25535      273.00000      273.00000        0.14806        0.00000        0.00000
        0.00000        0.00000        0.00000        0.00000        0.00000        0.00000        0.00000        0.00000        0.00000       14.00035       14.00035       14.00035      275.62831      273.00000      273.00000        0.16171        0.00000        0.00000
        0.00000        0.00000        0.00000        0.00000        0.00000        0.00000        0.00000        0.00000        0.00000       14.00035       14.00035       14.00035      275.92929      273.00000      273.00000        0.17680        0.00000        0.00000
        0.00000        0.00000        0.00000        0.00000        0.00000        0.00000        0.00000        0.00000        0.00000       14.00035       14.00035       14.00035      276.03277      273.00000      273.00000        0.18326        0.00000        0.00000
        0.00000        0.00000        0.00000        0.00000        0.00000        0.00000        0.00000        0.00000        0.00000       14.00035       14.00035       14.00035      275.66738      273.00000      273.00000        0.17162        0.00000        0.00000
        0.00000        0.00000        0.00000        0.00000        0.00000        0.00000        0.00000        0.00000        0.00000       14.00035       14.00035       14.00035      275.01184      273.00000      273.00000        0.12868        0.00000        0.00000
        0.00000        0.00000        0.00000        0.00000        0.00000        0.00000        0.00000        0.00000        0.00000       14.00035       14.00035       14.00035      274.06655      273.00000      273.00000        0.07355        0.00000        0.00000
        0.00000        0.00000        0.00000        0.00000        0.00000        0.00000        0.00000        0.00000        0.00000       14.00035       14.00035       14.00035      273.39659      273.00000      273.00000        0.03116        0.00000        0.00000
        0.00000        0.00000        0.00000        0.00000        0.00000        0.00000        0.00000        0.00000        0.00000       14.00035       14.00035       14.00035      273.10365      273.00000      273.00000        0.00544        0.00000        0.00000
        0.00000        0.00000        0.00000        0.00000        0.00000        0.00000        0.00000        0.00000        0.00000       14.00035       14.00035       14.00035      273.01340      273.00000      273.00000        0.00000        0.00000        0.00000
        0.00000        0.00000        0.00000        0.00000        0.00000        0.00000        0.00000        0.00000        0.00000       14.00035       14.00035       14.00035      273.00004      273.00000      273.00000        0.00000        0.00000        0.00000
        0.00000        0.00000        0.00000        0.00000        0.00000        0.00000        0.00000        0.00000        0.00000       14.00035       14.00035       14.00035      273.00026      273.00000      273.00000        0.00000        0.00000        0.00000
        0.00000        0.00000        0.00000        0.00000        0.00000        0.00000        0.00000        0.00000        0.00000       14.00035       14.00035       14.00035      273.00000      273.00000      273.00000        0.00000        0.00000        0.00000
        0.00000        0.00000        0.00000        0.00000        0.00000        0.00000        0.00000        0.00000        0.00000       14.00035       14.00035       14.00035      273.00000      273.00000      273.00000        0.00000        0.00000        0.00000
        0.00000        0.00000        0.00000        0.00000        0.00000        0.00000        0.00000        0.00000        0.00000       14.00035       14.00035       14.00035      273.00000      273.00000      273.00000        0.00000        0.00000        0.00000
        0.00000        0.00000        0.00000        0.00000        0.00000        0.00000        0.00000        0.00000        0.00000       14.00035       14.00035       14.00035      273.00000      273.00000      273.00000        0.00000        0.00000        0.00000
        0.00000        0.00000        0.00000        0.00000        0.00000        0.00000        0.00000        0.00000        0.00000       14.00035       14.00035       14.00035      273.00000      273.00000      273.00000        0.00000        0.00000        0.00000
        0.00000        0.00000        0.00000        0.00000        0.00000        0.00000        0.00000        0.00000        0.00000       14.00035       14.00035       14.00035      273.00000      273.00000      273.00000        0.00000        0.00000        0.00000
        0.00000        0.00000        0.00000        0.00000        0.00000        0.00000        0.00000        0.00000        0.00000       14.00035       14.00035       14.00035      273.00000      273.00000      273.00000        0.00000        0.00000        0.00000
        0.00000        0.00000        0.00000        0.00000        0.00000        0.00000        0.00000        0.00000        0.00000       14.00035       14.00035       14.00035      273.00000      273.00000      273.00000        0.00000        0.00000        0.00000
        0.00000        0.00000        0.00000        0.00000        0.00000        0.00000        0.00000        0.00000        0.00000       14.00035       14.00035       14.00035      273.00000      273.00000      273.00000        0.00000        0.00000        0.00000
        0.00000        0.00000        0.00000        0.00000        0.00000        0.00000        0.00000        0.00000        0.00000       14.00035       14.00035       14.00035      273.00000      273.00000      273.00000        0.00000        0.00000        0.00000
        0.00000        0.00000        0.00000        0.00000        0.00000        0.00000        0.00000        0.00000        0.00000       14.00035       14.00035       14.00035      273.00000      273.00000      273.00000        0.00000        0.00000        0.00000
        0.00000        0.00000        0.00000        0.00000        0.00000        0.00000        0.00000        0.00000        0.00000       14.00035       14.00035       14.00035      273.00000      273.00000      273.00000        0.00000        0.00000        0.00000
        0.00000        0.00000        0.00000        0.00000        0.00000        0.00000        0.00000        0.00000        0.00000       14.00035       14.00035       14.00035      273.00000      273.00000      273.00000        0.00000        0.00000        0.00000
        0.00000        0.00000        0.00000        0.00000        0.00000        0.00000        0.00000        0.00000        0.00000       14.00035       14.00035       14.00035      273.00000      273.00000      273.00000        0.00000        0.00000        0.00000
        0.00000        0.00000        0.00000        0.00000        0.00000        0.00000        0.00000        0.00000        0.00000       14.00035       14.00035       14.00035      273.00000      273.00000      273.00000        0.00000        0.00000        0.00000
        0.00000        0.00000        0.00000        0.00000        0.00000        0.00000        0.00000        0.00000        0.00000       14.00035       14.00035       14.00035      273.00000      273.00000      273.00000        0.00000        0.00000        0.00000
        0.00000        0.00000        0.00000        0.00000        0.00000        0.00000        0.00000        0.00000        0.00000       14.00035       14.00035       14.00035      273.00000      273.00000      273.00000        0.00000        0.00000        0.00000
        0.00000        0.00000        0.00000        0.00000        0.00000        0.00000        0.00000        0.00000        0.00000       14.00035       14.00035       14.00035      273.00000      273.00000      273.00000        0.00000        0.00000        0.00000
        0.00000        0.00000        0.00000        0.00000        0.00000        0.00000        0.00000        0.00000        0.00000       14.00035       14.00035       14.00035      273.00000      273.00000      273.00000        0.00000        0.00000        0.00000
        0.00000        0.00000        0.00000        0.00000        0.00000        0.00000        0.00000        0.00000        0.00000       14.00035       14.00035       14.00035      273.00000      273.00000      273.00000        0.00000        0.00000        0.00000
        0.00000        0.00000        0.00000        0.00000        0.00000        0.00000        0.00000        0.00000        0.00000       14.00035       14.00035       14.00035      273.00000      273.00000      273.00000        0.00000        0.00000        0.00000
        0.00000        0.00000        0.00000        0.00000        0.00000        0.00000        0.00000        0.00000        0.00000       14.00035       14.00035       14.00035      273.00000      273.00000      273.00000        0.00000        0.00000        0.00000
        0.00000        0.00000        0.00000        0.00000        0.00000        0.00000        0.00000        0.00000        0.00000       14.00035       14.00035       14.00035      273.00000      273.00000      273.00000        0.00000        0.00000        0.00000
        0.00000        0.00000        0.00000        0.00000        0.00000        0.00000        0.00000        0.00000        0.00000       14.00035       14.00035       14.00035      273.00000      273.00000      273.00000        0.00000        0.00000        0.00000
        0.00000        0.00000        0.00000        0.00000        0.00000        0.00000        0.00000        0.00000        0.00000       14.00035       14.00035       14.00035      273.00000      273.00000      273.00000        0.00000        0.00000        0.00000
        0.00000        0.00000        0.00000        0.00000        0.00000        0.00000        0.00000        0.00000        0.00000       14.00035       14.00035       14.00035      273.00000      273.00000      273.00000        0.00000        0.00000        0.00000
        0.00000        0.00000        0.00000        0.00000        0.00000        0.00000        0.00000        0.00000        0.00000       14.00035       14.00035       14.00035      273.00000      273.00000      273.00000        0.00000        0.00000        0.00000
        0.00000        0.00000        0.00000        0.00000        0.00000        0.00000        0.00000        0.00000        0.00000       14.00035       14.00035       14.00035      273.00000      273.00000      273.00000        0.00000        0.00000        0.00000
        0.00000        0.00000        0.00000        0.00000        0.00000        0.00000        0.00000        0.00000        0.00000       14.00035       14.00035       14.00035      273.00000      273.00000      273.00000        0.00000        0.00000        0.00000
        0.00000        0.00000        0.00000        0.00000        0.00000        0.00000        0.00000        0.00000        0.00000       14.00035       14.00035       14.00035      273.00000      273.00000      273.00000        0.00000        0.00000        0.00000
        0.00000        0.00000        0.00000        0.00000        0.00000        0.00000        0.00000        0.00000        0.00000       14.00035       14.00035       14.00035      273.00000      273.00000      273.00000        0.00000        0.00000        0.00000
        0.00000        0.00000        0.00000        0.00000        0.00000        0.00000        0.00000        0.00000        0.00000       14.00035       14.00035       14.00035      273.00000      273.00000      273.00000        0.00000        0.00000        0.00000
        0.00000        0.00000        0.00000        0.00000        0.00000        0.00000        0.00000        0.00000        0.00000       14.00035       14.00035       14.00035      273.00000      273.00000      273.00000        0.00000        0.00000        0.00000
        0.00000        0.00000        0.00000        0.00000        0.00000        0.00000        0.00000        0.00000        0.00000       14.00035       14.00035       14.00035      273.00000      273.00000      273.00000        0.00000        0.00000        0.00000
        0.00000        0.00000        0.00000        0.00000        0.00000        0.00000        0.00000        0.00000        0.00000       14.00035       14.00035       14.00035      273.00000      273.00000      273.00000        0.00000        0.00000        0.00000
        0.00000        0.00000        0.00000        0.00000        0.00000        0.00000        0.00000        0.00000        0.00000       14.00035       14.00035       14.00035      273.00000      273.00000      273.00000        0.00000        0.00000        0.00000
        0.00000        0.00000        0.00000        0.00000        0.00000        0.00000        0.00000        0.00000        0.00000       14.00035       14.00035       14.00035      273.00000      273.00000      273.00000        0.00000        0.00000        0.00000
        0.00000        0.00000        0.00000        0.00000        0.00000        0.00000        0.00000        0.00000        0.00000       14.00035       14.00035       14.00035      273.00000      273.00000      273.00000        0.00000        0.00000        0.00000
        0.00000        0.00000        0.00000        0.00000        0.00000        0.00000        0.00000        0.00000        0.00000       14.00035       14.00035       14.00035      273.00000      273.00000      273.00000        0.00000        0.00000        0.00000
        0.00000        0.00000        0.00000        0.00000        0.00000        0.00000        0.00000        0.00000        0.00000       14.00035       14.00035       14.00035      273.00000      273.00000      273.00000        0.00000        0.00000        0.00000
        0.00000        0.00000        0.00000        0.00000        0.00000        0.00000        0.00000        0.00000        0.00000       14.00035       14.00035       14.00035      273.00000      273.00000      273.00000        0.00000        0.00000        0.00000
        0.00000        0.00000        0.00000        0.00000        0.00000        0.00000        0.00000        0.00000        0.00000       14.00035       14.00035       14.00035      273.00000      273.00000      273.00000        0.00000        0.00000        0.00000
        0.00000        0.00000        0.00000        0.00000        0.00000        0.00000        0.00000        0.00000        0.00000       14.00035       14.00035       14.00035      273.00000      273.00000      273.00000        0.00000        0.00000        0.00000
        0.00000        0.00000        0.00000        0.00000        0.00000        0.00000        0.00000        0.00000        0.00000       14.00035       14.00035       14.00035      273.00000      273.00000      273.00000        0.00000        0.00000        0.00000
        0.00000        0.00000        0.00000        0.00000        0.00000        0.00000        0.00000        0.00000        0.00000       14.00035       14.00035       14.00035      273.00000      273.00000      273.00000        0.00000        0.00000        0.00000
        0.00000        0.00000        0.00000        0.00000        0.00000        0.00000        0.00000        0.00000        0.00000       14.00035       14.00035       14.00035      273.00000      273.00000      273.00000        0.00000        0.00000        0.00000
        0.00000        0.00000        0.00000        0.00000        0.00000        0.00000        0.00000        0.00000        0.00000       14.00035       14.00035       14.00035      273.00000      273.00000      273.00000        0.00000        0.00000        0.00000
        0.00000        0.00000        0.00000        0.00000        0.00000        0.00000        0.00000        0.00000        0.00000       14.00035       14.00035       14.00035      273.00000      273.00000      273.00000        0.00000        0.00000        0.00000
        0.00000        0.00000        0.00000        0.00000        0.00000        0.00000        0.00000        0.00000        0.00000       14.00035       14.00035       14.00035      273.00000      273.00000      273.00000        0.00000        0.00000        0.00000
        0.00000        0.00000        0.00000        0.00000        0.00000        0.00000        0.00000        0.00000        0.00000       14.00035       14.00035       14.00035      273.00000      273.00000      273.00000        0.00000        0.00000        0.00000
        0.00000        0.00000        0.00000        0.00000        0.00000        0.00000        0.00000        0.00000        0.00000       14.00035       14.00035       14.00035      273.00000      273.00000      273.00000        0.00000        0.00000        0.00000
        0.00000        0.00000        0.00000        0.00000        0.00000        0.00000        0.00000        0.00000        0.00000       14.00035       14.00035       14.00035      273.00000      273.00000      273.00000        0.00000        0.00000        0.00000
        0.00000        0.00000        0.00000        0.00000        0.00000        0.00000        0.00000        0.00000        0.00000       14.00035       14.00035       14.00035      273.00000      273.00000      273.00000        0.00000        0.00000        0.00000
        0.00000        0.00000        0.00000        0.00000        0.00000        0.00000        0.00000        0.00000        0.00000       14.00035       14.00035       14.00035      273.00000      273.00000      273.00000        0.00000        0.00000        0.00000
        0.00000        0.00000        0.00000        0.00000        0.00000        0.00000        0.00000        0.00000        0.00000       14.00035       14.00035       14.00035      273.00000      273.00000      273.00000        0.00000        0.00000        0.00000
        0.00000        0.00000        0.00000        0.00000        0.00000        0.00000        0.00000        0.00000        0.00000       14.00035       14.00035       14.00035      273.00000      273.00000      273.00000        0.00000        0.00000        0.00000
        0.00000        0.00000        0.00000        0.00000        0.00000        0.00000        0.00000        0.00000        0.00000        0.00000       14.00035        0.00000        0.00000      273.00000        0.00000        0.00000        0.00000        0.00000
        0.00000        0.00000        0.00000        0.00000        0.00000        0.00000        0.00000        0.00000        0.00000        0.00000       14.00035        0.00000        0.00000      273.00000        0.00000        0.00000        0.00000        0.00000
        0.00000        0.00000        0.00000        0.00000        0.00000        0.00000        0.00000        0.00000        0.00000        0.00000       14.00035        0.00000        0.00000      273.00000        0.00000        0.00000        0.00000        0.00000
        0.00000        0.00000        0.00000        0.00000        0.00000        0.00000        0.00000        0.00000        0.00000        0.00000       14.00035        0.00000        0.00000      273.00000        0.00000        0.00000        0.00000        0.00000
        0.00000        0.00000        0.00000        0.00000        0.00000        0.00000        0.00000        0.00000        0.00000        0.00000       14.00035        0.00000        0.00000      273.00000        0.00000        0.00000        0.00000        0.00000
        0.00000        0.00000        0.00000        0.00000        0.00000        0.00000        0.00000        0.00000        0.00000        0.00000       14.00035        0.00000        0.00000      273.00000        0.00000        0.00000        0.00000        0.00000
        0.00000        0.00000        0.00000        0.00000        0.00000        0.00000        0.00000        0.00000        0.00000        0.00000       14.00035        0.00000        0.00000      273.00000        0.00000        0.00000        0.00000        0.00000
        0.00000        0.00000        0.00000        0.00000        0.00000        0.00000        0.00000        0.00000        0.00000        0.00000       14.00035        0.00000        0.00000      273.00000        0.00000        0.00000        0.00000        0.00000
        0.00000        0.00000        0.00000        0.00000        0.00000        0.00000        0.00000        0.00000        0.00000        0.00000       14.00035        0.00000        0.00000      273.00000        0.00000        0.00000        0.00000        0.00000
        0.00000        0.00000        0.00000        0.00000        0.00000        0.00000        0.00000        0.00000        0.00000        0.00000       14.00035        0.00000        0.00000      273.00000        0.00000        0.00000        0.00000        0.00000
        0.00000        0.00000        0.00000        0.00000        0.00000        0.00000        0.00000        0.00000        0.00000        0.00000       14.00035        0.00000        0.00000      273.00000        0.00000        0.00000        0.00000        0.00000
        0.00000        0.00000        0.00000        0.00000        0.00000        0.00000        0.00000        0.00000        0.00000        0.00000       14.00035        0.00000        0.00000      273.00000        0.00000        0.00000        0.00000        0.00000
        0.00000        0.00000        0.00000        0.00000        0.00000        0.00000        0.00000        0.00000        0.00000        0.00000       14.00035        0.00000        0.00000      273.00000        0.00000        0.00000        0.00000        0.00000
        0.00000        0.00000        0.00000        0.00000        0.00000        0.00000        0.00000        0.00000        0.00000        0.00000       14.00035        0.00000        0.00000      273.00000        0.00000        0.00000        0.00000        0.00000
        0.00000        0.00000        0.00000        0.00000        0.00000        0.00000        0.00000        0.00000        0.00000        0.00000       14.00035        0.00000        0.00000      273.00000        0.00000        0.00000        0.00000        0.00000
        0.00000        0.00000        0.00000        0.00000        0.00000        0.00000        0.00000        0.00000        0.00000        0.00000        0.00000        0.00000        0.00000        0.00000        0.00000        0.00000        0.00000        0.00000
        0.00000        0.00000        0.00000        0.00000        0.00000        0.00000        0.00000        0.00000        0.00000        0.00000        0.00000        0.00000        0.00000        0.00000        0.00000        0.00000        0.00000        0.00000
        0.00000        0.00000        0.00000        0.00000        0.00000        0.00000        0.00000        0.00000        0.00000        0.00000        0.00000        0.00000        0.00000        0.00000        0.00000        0.00000        0.00000        0.00000
        0.00000        0.00000        0.00000        0.00000        0.00000        0.00000        0.00000        0.00000        0.00000        0.00000        0.00000        0.00000        0.00000        0.00000        0.00000        0.00000        0.00000        0.00000
        0.00000        0.00000        0.00000        0.00000        0.00000        0.00000        0.00000        0.00000        0.00000        0.00000        0.00000        0.00000        0.00000        0.00000        0.00000        0.00000        0.00000        0.00000
        0.00000        0.00000        0.00000        0.00000        0.00000        0.00000        0.00000        0.00000        0.00000        0.00000        0.00000        0.00000        0.00000        0.00000        0.00000        0.00000        0.00000        0.00000
        0.00000        0.00000        0.00000        0.00000        0.00000        0.00000        0.00000        0.00000        0.00000        0.00000        0.00000        0.00000        0.00000        0.00000        0.00000        0.00000        0.00000        0.00000
        0.00000        0.00000        0.00000        0.00000        0.00000        0.00000        0.00000        0.00000        0.00000        0.00000        0.00000        0.00000        0.00000        0.00000        0.00000        0.00000        0.00000        0.00000
        0.00000        0.00000        0.00000        0.00000        0.00000        0.00000        0.00000        0.00000        0.00000        0.00000        0.00000        0.00000        0.00000        0.00000        0.00000        0.00000        0.00000        0.00000
        0.00000        0.00000        0.00000        0.00000        0.00000        0.00000        0.00000        0.00000        0.00000        0.00000        0.00000        0.00000        0.00000        0.00000        0.00000        0.00000        0.00000        0.00000
        0.00000        0.00000        0.00000        0.00000        0.00000        0.00000        0.00000        0.00000        0.00000        0.00000        0.00000        0.00000        0.00000        0.00000        0.00000        0.00000        0.00000        0.00000
        0.00000        0.00000        0.00000        0.00000        0.00000        0.00000        0.00000        0.00000        0.00000        0.00000        0.00000        0.00000        0.00000        0.00000        0.00000        0.00000        0.00000        0.00000
        0.00000        0.00000        0.00000        0.00000        0.00000        0.00000        0.00000        0.00000        0.00000        0.00000        0.00000        0.00000        0.00000        0.00000        0.00000        0.00000        0.00000        0.00000
        0.00000        0.00000        0.00000        0.00000        0.00000        0.00000        0.00000        0.00000        0.00000        0.00000        0.00000        0.00000        0.00000        0.00000        0.00000        0.00000        0.00000        0.00000
        0.00000        0.00000        0.00000        0.00000        0.00000        0.00000        0.00000        0.00000        0.00000        0.00000        0.00000        0.00000        0.00000        0.00000        0.00000        0.00000        0.00000        0.00000
        0.00000        0.00000        0.00000        0.00000        0.00000        0.00000        0.00000        0.00000        0.00000        0.00000        0.00000        0.00000        0.00000        0.00000        0.00000        0.00000        0.00000        0.00000
        0.00000        0.00000        0.00000        0.00000        0.00000        0.00000        0.00000        0.00000        0.00000        0.00000        0.00000        0.00000        0.00000        0.00000        0.00000        0.00000        0.00000        0.00000
        0.00000        0.00000        0.00000        0.00000        0.00000        0.00000        0.00000        0.00000        0.00000        0.00000        0.00000        0.00000        0.00000        0.00000        0.00000        0.00000        0.00000        0.00000
        0.00000        0.00000        0.00000        0.00000        0.00000        0.00000        0.00000        0.00000        0.00000        0.00000        0.00000        0.00000        0.00000        0.00000        0.00000        0.00000        0.00000        0.00000
        0.00000        0.00000        0.00000        0.00000        0.00000        0.00000        0.00000        0.00000        0.00000        0.00000        0.00000        0.00000        0.00000        0.00000        0.00000        0.00000        0.00000        0.00000
        0.00000        0.00000        0.00000        0.00000        0.00000        0.00000        0.00000        0.00000        0.00000        0.00000        0.00000        0.00000        0.00000        0.00000        0.00000        0.00000        0.00000        0.00000
        0.00000        0.00000        0.00000        0.00000        0.00000        0.00000        0.00000        0.00000        0.00000        0.00000        0.00000        0.00000        0.00000        0.00000        0.00000        0.00000        0.00000        0.00000
        0.00000        0.00000        0.00000        0.00000        0.00000        0.00000        0.00000        0.00000        0.00000        0.00000        0.00000        0.00000        0.00000        0.00000        0.00000        0.00000        0.00000        0.00000
        0.00000        0.00000        0.00000        0.00000        0.00000        0.00000        0.00000        0.00000        0.00000        0.00000        0.00000        0.00000        0.00000        0.00000        0.00000        0.00000        0.00000        0.00000
        0.00000        0.00000        0.00000        0.00000        0.00000        0.00000        0.00000        0.00000        0.00000        0.00000        0.00000        0.00000        0.00000        0.00000        0.00000        0.00000        0.00000        0.00000
        0.00000        0.00000        0.00000        0.00000        0.00000        0.00000        0.00000        0.00000        0.00000        0.00000        0.00000        0.00000        0.00000        0.00000        0.00000        0.00000        0.00000        0.00000
        0.00000        0.00000        0.00000        0.00000        0.00000        0.00000        0.00000        0.00000        0.00000        0.00000        0.00000        0.00000        0.00000        0.00000        0.00000        0.00000        0.00000        0.00000
        0.00000        0.00000        0.00000        0.00000        0.00000        0.00000        0.00000        0.00000        0.00000        0.00000        0.00000        0.00000        0.00000        0.00000        0.00000        0.00000        0.00000        0.00000
        0.00000        0.00000        0.00000        0.00000        0.00000        0.00000        0.00000        0.00000        0.00000        0.00000        0.00000        0.00000        0.00000        0.00000        0.00000        0.00000        0.00000        0.00000
        0.00000        0.00000        0.00000        0.00000        0.00000        0.00000        0.00000        0.00000        0.00000        0.00000        0.00000        0.00000        0.00000        0.00000        0.00000        0.00000        0.00000        0.00000
        0.00000        0.00000        0.00000        0.00000        0.00000        0.00000        0.00000        0.00000        0.00000        0.00000        0.00000        0.00000        0.00000        0.00000        0.00000        0.00000        0.00000        0.00000
        0.00000        0.00000        0.00000        0.00000        0.00000        0.00000        0.00000        0.00000        0.00000        0.00000        0.00000        0.00000        0.00000        0.00000        0.00000        0.00000        0.00000        0.00000
        0.00000        0.00000        0.00000        0.00000        0.00000        0.00000        0.00000        0.00000        0.00000        0.00000        0.00000        0.00000        0.00000        0.00000        0.00000        0.00000        0.00000        0.00000
        0.00000        0.00000        0.00000        0.00000        0.00000        0.00000        0.00000        0.00000        0.00000        0.00000        0.00000        0.00000        0.00000        0.00000        0.00000        0.00000        0.00000        0.00000
        0.00000        0.00000        0.00000        0.00000        0.00000        0.00000        0.00000        0.00000        0.00000        0.00000        0.00000        0.00000        0.00000        0.00000        0.00000        0.00000        0.00000        0.00000
        0.00000        0.00000        0.00000        0.00000        0.00000        0.00000        0.00000        0.00000        0.00000        0.00000        0.00000        0.00000        0.00000        0.00000        0.00000        0.00000        0.00000        0.00000
        0.00000        0.00000        0.00000        0.00000        0.00000        0.00000        0.00000        0.00000        0.00000        0.00000        0.00000        0.00000        0.00000        0.00000        0.00000        0.00000        0.00000        0.00000
        0.00000        0.00000        0.00000        0.00000        0.00000        0.00000        0.00000        0.00000        0.00000        0.00000        0.00000        0.00000        0.00000        0.00000        0.00000        0.00000        0.00000        0.00000
        0.00000        0.00000        0.00000        0.00000        0.00000        0.00000        0.00000        0.00000        0.00000        0.00000        0.00000        0.00000        0.00000        0.00000        0.00000        0.00000        0.00000        0.00000
        0.00000        0.00000        0.00000        0.00000        0.00000        0.00000        0.00000        0.00000        0.00000        0.00000        0.00000        0.00000        0.00000        0.00000        0.00000        0.00000        0.00000        0.00000
        0.00000        0.00000        0.00000        0.00000        0.00000        0.00000        0.00000        0.00000        0.00000        0.00000        0.00000        0.00000        0.00000        0.00000        0.00000        0.00000        0.00000        0.00000
        0.00000        0.00000        0.00000        0.00000        0.00000        0.00000        0.00000        0.00000        0.00000        0.00000        0.00000        0.00000        0.00000        0.00000        0.00000        0.00000        0.00000        0.00000
        0.00000        0.00000        0.00000        0.00000        0.00000        0.00000        0.00000        0.00000        0.00000        0.00000        0.00000        0.00000        0.00000        0.00000        0.00000        0.00000        0.00000        0.00000
        0.00000        0.00000        0.00000        0.00000        0.00000        0.00000        0.00000        0.00000        0.00000        0.00000        0.00000        0.00000        0.00000        0.00000        0.00000        0.00000        0.00000        0.00000
        0.00000        0.00000        0.00000        0.00000        0.00000        0.00000        0.00000        0.00000        0.00000        0.00000        0.00000        0.00000        0.00000        0.00000        0.00000        0.00000        0.00000        0.00000
        0.00000        0.00000        0.00000        0.00000        0.00000        0.00000        0.00000        0.00000        0.00000        0.00000        0.00000        0.00000        0.00000        0.00000        0.00000        0.00000        0.00000        0.00000
        0.00000        0.00000        0.00000        0.00000        0.00000        0.00000        0.00000        0.00000        0.00000        0.00000        0.00000        0.00000        0.00000        0.00000        0.00000        0.00000        0.00000        0.00000
        0.00000        0.00000        0.00000        0.00000        0.00000        0.00000        0.00000        0.00000        0.00000        0.00000        0.00000        0.00000        0.00000        0.00000        0.00000        0.00000        0.00000        0.00000
        0.00000        0.00000        0.00000        0.00000        0.00000        0.00000        0.00000        0.00000        0.00000        0.00000        0.00000        0.00000        0.00000        0.00000        0.00000        0.00000        0.00000        0.00000
        0.00000        0.00000        0.00000        0.00000        0.00000        0.00000        0.00000        0.00000        0.00000        0.00000        0.00000        0.00000        0.00000        0.00000        0.00000        0.00000        0.00000        0.00000
        0.00000        0.00000        0.00000        0.00000        0.00000        0.00000        0.00000        0.00000        0.00000        0.00000        0.00000        0.00000        0.00000        0.00000        0.00000        0.00000        0.00000        0.00000
        0.00000        0.00000        0.00000        0.00000        0.00000        0.00000        0.00000        0.00000        0.00000        0.00000        0.00000        0.00000        0.00000        0.00000        0.00000        0.00000        0.00000        0.00000
        0.00000        0.00000        0.00000        0.00000        0.00000        0.00000        0.00000        0.00000        0.00000        0.00000        0.00000        0.00000        0.00000        0.00000        0.00000        0.00000        0.00000        0.00000
        0.00000        0.00000        0.00000        0.00000        0.00000        0.00000        0.00000        0.00000        0.00000        0.00000        0.00000        0.00000        0.00000        0.00000        0.00000        0.00000        0.00000        0.00000
        0.00000        0.00000        0.00000        0.00000        0.00000        0.00000        0.00000        0.00000        0.00000        0.00000        0.00000        0.00000        0.00000        0.00000        0.00000        0.00000        0.00000        0.00000
        0.00000        0.00000        0.00000        0.00000        0.00000        0.00000        0.00000        0.00000        0.00000        0.00000        0.00000        0.00000        0.00000        0.00000        0.00000        0.00000        0.00000        0.00000
        0.00000        0.00000        0.00000        0.00000        0.00000        0.00000        0.00000        0.00000        0.00000        0.00000        0.00000        0.00000        0.00000        0.00000        0.00000        0.00000        0.00000        0.00000
        0.00000        0.00000        0.00000        0.00000        0.00000        0.00000        0.00000        0.00000        0.00000        0.00000        0.00000        0.00000        0.00000        0.00000        0.00000        0.00000        0.00000        0.00000
        0.00000        0.00000        0.00000        0.00000        0.00000        0.00000        0.00000        0.00000        0.00000        0.00000        0.00000        0.00000        0.00000        0.00000        0.00000        0.00000        0.00000        0.00000
        0.00000        0.00000        0.00000        0.00000        0.00000        0.00000        0.00000        0.00000        0.00000        0.00000        0.00000        0.00000        0.00000        0.00000        0.00000        0.00000        0.00000        0.00000
        0.00000        0.00000        0.00000        0.00000        0.00000        0.00000        0.00000        0.00000        0.00000        0.00000        0.00000        0.00000        0.00000        0.00000        0.00000        0.00000        0.00000        0.00000
        0.00000        0.00000        0.00000        0.00000        0.00000        0.00000        0.00000        0.00000        0.00000        0.00000        0.00000        0.00000        0.00000        0.00000        0.00000        0.00000        0.00000        0.00000
        0.00000        0.00000        0.00000        0.00000        0.00000        0.00000        0.00000        0.00000        0.00000        0.00000        0.00000        0.00000        0.00000        0.00000        0.00000        0.00000        0.00000        0.00000
        0.00000        0.00000        0.00000        0.00000        0.00000        0.00000        0.00000        0.00000        0.00000        0.00000        0.00000        0.00000        0.00000        0.00000        0.00000        0.00000        0.00000        0.00000
        0.00000        0.00000        0.00000        0.00000        0.00000        0.00000        0.00000        0.00000        0.00000        0.00000        0.00000        0.00000        0.00000        0.00000        0.00000        0.00000        0.00000        0.00000
        0.00000        0.00000        0.00000        0.00000        0.00000        0.00000        0.00000        0.00000        0.00000        0.00000        0.00000        0.00000        0.00000        0.00000        0.00000        0.00000        0.00000        0.00000
        0.00000        0.00000        0.00000        0.00000        0.00000        0.00000        0.00000        0.00000        0.00000        0.00000        0.00000        0.00000        0.00000        0.00000        0.00000        0.00000        0.00000        0.00000
        0.00000        0.00000        0.00000        0.00000        0.00000        0.00000        0.00000        0.00000        0.00000        0.00000        0.00000        0.00000        0.00000        0.00000        0.00000        0.00000        0.00000        0.00000
        0.00000        0.00000        0.00000        0.00000        0.00000        0.00000        0.00000        0.00000        0.00000        0.00000        0.00000        0.00000        0.00000        0.00000        0.00000        0.00000        0.00000        0.00000
        0.00000        0.00000        0.00000        0.00000        0.00000        0.00000        0.00000        0.00000        0.00000        0.00000        0.00000        0.00000        0.00000        0.00000        0.00000        0.00000        0.00000        0.00000
        0.00000        0.00000        0.00000        0.00000        0.00000        0.00000        0.00000        0.00000        0.00000        0.00000        0.00000        0.00000        0.00000        0.00000        0.00000        0.00000        0.00000        0.00000
        0.00000        0.00000        0.00000        0.00000        0.00000        0.00000        0.00000        0.00000        0.00000        0.00000        0.00000        0.00000        0.00000        0.00000        0.00000        0.00000        0.00000        0.00000
        0.00000        0.00000        0.00000        0.00000        0.00000        0.00000        0.00000        0.00000        0.00000        0.00000        0.00000        0.00000        0.00000        0.00000        0.00000        0.00000        0.00000        0.00000
        0.00000        0.00000        0.00000        0.00000        0.00000        0.00000        0.00000        0.00000        0.00000        0.00000        0.00000        0.00000        0.00000        0.00000        0.00000        0.00000        0.00000        0.00000
        0.00000        0.00000        0.00000        0.00000        0.00000        0.00000        0.00000        0.00000        0.00000        0.00000        0.00000        0.00000        0.00000        0.00000        0.00000        0.00000        0.00000        0.00000
        0.00000        0.00000        0.00000        0.00000        0.00000        0.00000        0.00000        0.00000        0.00000        0.00000        0.00000        0.00000        0.00000        0.00000        0.00000        0.00000        0.00000        0.00000
        0.00000        0.00000        0.00000        0.00000        0.00000        0.00000        0.00000        0.00000        0.00000        0.00000        0.00000        0.00000        0.00000        0.00000        0.00000        0.00000        0.00000        0.00000
        0.00000        0.00000        0.00000        0.00000        0.00000        0.00000        0.00000        0.00000        0.00000        0.00000        0.00000        0.00000        0.00000        0.00000        0.00000        0.00000        0.00000        0.00000
        0.00000        0.00000        0.00000        0.00000        0.00000        0.00000        0.00000        0.00000        0.00000        0.00000        0.00000        0.00000        0.00000        0.00000        0.00000        0.00000        0.00000        0.00000
        0.00000        0.00000        0.00000        0.00000        0.00000        0.00000        0.00000        0.00000        0.00000        0.00000        0.00000        0.00000        0.00000        0.00000        0.00000        0.00000        0.00000        0.00000
        0.00000        0.00000        0.00000        0.00000        0.00000        0.00000        0.00000        0.00000        0.00000        0.00000        0.00000        0.00000        0.00000        0.00000        0.00000        0.00000        0.00000        0.00000
        0.00000        0.00000        0.00000        0.00000        0.00000        0.00000        0.00000        0.00000        0.00000        0.00000        0.00000        0.00000        0.00000        0.00000        0.00000        0.00000        0.00000        0.00000
        0.00000        0.00000        0.00000        0.00000        0.00000        0.00000        0.00000        0.00000        0.00000        0.00000        0.00000        0.00000        0.00000        0.00000        0.00000        0.00000        0.00000        0.00000
        0.00000        0.00000        0.00000        0.00000        0.00000        0.00000        0.00000        0.00000        0.00000        0.00000        0.00000        0.00000        0.00000        0.00000        0.00000        0.00000        0.00000        0.00000
        0.00000        0.00000        0.00000        0.00000        0.00000        0.00000        0.00000        0.00000        0.00000        0.00000        0.00000        0.00000        0.00000        0.00000        0.00000        0.00000        0.00000        0.00000
        0.00000        0.00000        0.00000        0.00000        0.00000        0.00000        0.00000        0.00000        0.00000        0.00000        0.00000        0.00000        0.00000        0.00000        0.00000        0.00000        0.00000        0.00000
        0.00000        0.00000        0.00000        0.00000        0.00000        0.00000        0.00000        0.00000        0.00000        0.00000        0.00000        0.00000        0.00000        0.00000        0.00000        0.00000        0.00000        0.00000
        0.00000        0.00000        0.00000        0.00000        0.00000        0.00000        0.00000        0.00000        0.00000        0.00000        0.00000        0.00000        0.00000        0.00000        0.00000        0.00000        0.00000        0.00000
        0.00000        0.00000        0.00000        0.00000        0.00000        0.00000        0.00000        0.00000        0.00000        0.00000        0.00000        0.00000        0.00000        0.00000        0.00000        0.00000        0.00000        0.00000
        0.00000        0.00000        0.00000        0.00000        0.00000        0.00000        0.00000        0.00000        0.00000        0.00000        0.00000        0.00000        0.00000        0.00000        0.00000        0.00000        0.00000        0.00000
        0.00000        0.00000        0.00000        0.00000        0.00000        0.00000        0.00000        0.00000        0.00000        0.00000        0.00000        0.00000        0.00000        0.00000        0.00000        0.00000        0.00000        0.00000
        0.00000        0.00000        0.00000        0.00000        0.00000        0.00000        0.00000        0.00000        0.00000        0.00000        0.00000        0.00000        0.00000        0.00000        0.00000        0.00000        0.00000        0.00000
        0.00000        0.00000        0.00000        0.00000        0.00000        0.00000        0.00000        0.00000        0.00000        0.00000        0.00000        0.00000        0.00000        0.00000        0.00000        0.00000        0.00000        0.00000
        0.00000        0.00000        0.00000        0.00000        0.00000        0.00000        0.00000        0.00000        0.00000        0.00000        0.00000        0.00000        0.00000        0.00000        0.00000        0.00000        0.00000        0.00000
        0.00000        0.00000        0.00000        0.00000        0.00000        0.00000        0.00000        0.00000        0.00000        0.00000        0.00000        0.00000        0.00000        0.00000        0.00000        0.00000        0.00000        0.00000
        0.00000        0.00000        0.00000        0.00000        0.00000        0.00000        0.00000        0.00000        0.00000        0.00000        0.00000        0.00000        0.00000        0.00000        0.00000        0.00000        0.00000        0.00000
        0.00000        0.00000        0.00000        0.00000        0.00000        0.00000        0.00000        0.00000        0.00000        0.00000        0.00000        0.00000        0.00000        0.00000        0.00000        0.00000        0.00000        0.00000
        0.00000        0.00000        0.00000        0.00000        0.00000        0.00000        0.00000        0.00000        0.00000        0.00000        0.00000        0.00000        0.00000        0.00000        0.00000        0.00000        0.00000        0.00000
        0.00000        0.00000        0.00000        0.00000        0.00000        0.00000        0.00000        0.00000        0.00000        0.00000        0.00000        0.00000        0.00000        0.00000        0.00000        0.00000        0.00000        0.00000
        0.00000        0.00000        0.00000        0.00000        0.00000        0.00000        0.00000        0.00000        0.00000        0.00000        0.00000        0.00000        0.00000        0.00000        0.00000        0.00000        0.00000        0.00000
