!------------------------------------------------------------!
  Date: 20191203
  Simulation name: AWX4 
  Filename:transect.txt                                                                                                                                          
  Produced in mod-subroutine:  massdist/massinchannel                                                                                                                                
  Written by AK September 2019
  Description: Transects from channel sides to edges                                                                                                                
  Data format:300 EPP, 600 EPP, 900 EPP, 300 TG, 600 TG, 900 TG, 300 DPU, 600 DPU, 900 DPu                                                                          
!------------------------------------------------------------!
  -0.00000  -0.00000  -0.00000   0.00000   0.00000   0.00000             0.00000             0.00000             0.00000
  -0.00000  -0.00000  -0.00000 272.99158 272.99220 272.99144             0.00000             0.00000             0.00000
  14.00035  14.00035  14.00035 272.99158 272.99220 272.99144             0.00000             0.00000             0.00000
  14.00035  14.00035  14.00035 272.99163 272.99224 272.99145             0.00000             0.00000             0.00000
  14.00035  14.00035  14.00035 272.99163 272.99224 272.99145             0.00000             0.00000             0.00000
  14.00035  14.00035  14.00035 272.99163 272.99224 272.99146             0.00000             0.00000             0.00000
  14.00035  14.00035  14.00035 272.99163 272.99224 272.99146             0.00000             0.00000             0.00000
  14.00035  14.00035  14.00035 272.99163 272.99224 272.99146             0.00000             0.00000             0.00000
  14.00035  14.00035  14.00035 272.99163 272.99224 272.99146             0.00000             0.00000             0.00000
  14.00035  14.00035  14.00035 272.99162 272.99223 272.99146             0.00000             0.00000             0.00000
  14.00035  14.00035  14.00035 272.99162 272.99223 272.99146             0.00000             0.00000             0.00000
  14.00035  14.00035  14.00035 272.99162 272.99223 272.99147             0.00000             0.00000             0.00000
  14.00035  14.00035  14.00035 272.99162 272.99223 272.99147             0.00000             0.00000             0.00000
  14.00035  14.00035  14.00035 272.99162 272.99223 272.99147             0.00000             0.00000             0.00000
  14.00035  14.00035  14.00035 272.99162 272.99223 272.99148             0.00000             0.00000             0.00000
  14.00035  14.00035  14.00035 272.99162 272.99223 272.99148             0.00000             0.00000             0.00000
  14.00035  14.00035  14.00035 272.99161 272.99223 272.99149             0.00000             0.00000             0.00000
  14.00035  14.00035  14.00035 272.99161 272.99223 272.99149             0.00000             0.00000             0.00000
  14.00035  14.00035  14.00035 272.99161 272.99223 272.99149             0.00000             0.00000             0.00000
  14.00035  14.00035  14.00035 272.99161 272.99223 272.99150             0.00000             0.00000             0.00000
  14.00035  14.00035  14.00035 272.99161 272.99223 272.99150             0.00000             0.00000             0.00000
  14.00035  14.00035  14.00035 272.99160 272.99222 272.99151             0.00000             0.00000             0.00000
  14.00035  14.00035  14.00035 272.99160 272.99222 272.99152             0.00000             0.00000             0.00000
  14.00035  14.00035  14.00035 272.99160 272.99222 272.99152             0.00000             0.00000             0.00000
  14.00035  14.00035  14.00035 272.99160 272.99222 272.99153             0.00000             0.00000             0.00000
  14.00035  14.00035  14.00035 272.99160 272.99222 272.99153             0.00000             0.00000             0.00000
  14.00035  14.00035  14.00035 272.99159 272.99222 272.99154             0.00000             0.00000             0.00000
  14.00035  14.00035  14.00035 272.99159 272.99222 272.99155             0.00000             0.00000             0.00000
  14.00035  14.00035  14.00035 272.99159 272.99222 272.99155             0.00000             0.00000             0.00000
  14.00035  14.00035  14.00035 272.99159 272.99222 272.99156             0.00000             0.00000             0.00000
  14.00035  14.00035  14.00035 272.99158 272.99222 272.99157             0.00000             0.00000             0.00000
  14.00035  14.00035  14.00035 272.99158 272.99222 272.99158             0.00000             0.00000             0.00000
  14.00035  14.00035  14.00035 272.99158 272.99222 272.99158             0.00000             0.00000             0.00000
  14.00035  14.00035  14.00035 272.99158 272.99222 272.99159             0.00000             0.00000             0.00000
  14.00035  14.00035  14.00035 272.99158 272.99222 272.99160             0.00000             0.00000             0.00000
  14.00035  14.00035  14.00035 272.99157 272.99221 272.99161             0.00000             0.00000             0.00000
  14.00035  14.00035  14.00035 272.99157 272.99221 272.99162             0.00000             0.00000             0.00000
  14.00035  14.00035  14.00035 272.99157 272.99222 272.99163             0.00000             0.00000             0.00000
  14.00035  14.00035  14.00035 272.99157 272.99222 272.99163             0.00000             0.00000             0.00000
  14.00035  14.00035  14.00035 272.99157 272.99222 272.99164             0.00000             0.00000             0.00000
  14.00035  14.00035  14.00035 272.99157 272.99222 272.99165             0.00000             0.00000             0.00000
  14.00035  14.00035  14.00035 272.99156 272.99222 272.99166             0.00000             0.00000             0.00000
  14.00035  14.00035  14.00035 272.99156 272.99222 272.99167             0.00000             0.00000             0.00000
  14.00035  14.00035  14.00035 272.99156 272.99222 272.99168             0.00000             0.00000             0.00000
  14.00035  14.00035  14.00035 272.99156 272.99222 272.99169             0.00000             0.00000             0.00000
  14.00035  14.00035  14.00035 272.99156 272.99222 272.99169             0.00000             0.00000             0.00000
  14.00035  14.00035  14.00035 272.99156 272.99223 272.99170             0.00000             0.00000             0.00000
  14.00035  14.00035  14.00035 272.99156 272.99223 272.99171             0.00000             0.00000             0.00000
  14.00035  14.00035  14.00035 272.99156 272.99223 272.99172             0.00000             0.00000             0.00000
  14.00035  14.00035  14.00035 272.99156 272.99224 272.99173             0.00000             0.00000             0.00000
  14.00035  14.00035  14.00035 272.99155 272.99224 272.99174             0.00000             0.00000             0.00000
  14.00035  14.00035  14.00035 272.99155 272.99224 272.99175             0.00000             0.00000             0.00000
  14.00035  14.00035  14.00035 272.99155 272.99225 272.99176             0.00000             0.00000             0.00000
  14.00035  14.00035  14.00035 272.99155 272.99226 272.99177             0.00000             0.00000             0.00000
  14.00035  14.00035  14.00035 272.99155 272.99226 272.99178             0.00000             0.00000             0.00000
  14.00035  14.00035  14.00035 272.99155 272.99227 272.99179             0.00000             0.00000             0.00000
  14.00035  14.00035  14.00035 272.99155 272.99228 272.99180             0.00000             0.00000             0.00000
  14.00035  14.00035  14.00035 272.99155 272.99229 272.99180             0.00000             0.00000             0.00000
  14.00035  14.00035  14.00035 272.99155 272.99230 272.99182             0.00000             0.00000             0.00000
  14.00035  14.00035  14.00035 272.99155 272.99231 272.99183             0.00000             0.00000             0.00000
  14.00035  14.00035  14.00035 272.99156 272.99232 272.99184             0.00000             0.00000             0.00000
  14.00035  14.00035  14.00035 272.99156 272.99234 272.99185             0.00000             0.00000             0.00000
  14.00035  14.00035  14.00035 272.99156 272.99235 272.99186             0.00000             0.00000             0.00000
  14.00035  14.00035  14.00035 272.99156 272.99236 272.99187             0.00000             0.00000             0.00000
  14.00035  14.00035  14.00035 272.99157 272.99238 272.99189             0.00000             0.00000             0.00000
  14.00035  14.00035  14.00035 272.99157 272.99240 272.99190             0.00000             0.00000             0.00000
  14.00035  14.00035  14.00035 272.99158 272.99241 272.99192             0.00000             0.00000             0.00000
  14.00035  14.00035  14.00035 272.99158 272.99243 272.99193             0.00000             0.00000             0.00000
  14.00035  14.00035  14.00035 272.99159 272.99245 272.99195             0.00000             0.00000             0.00000
  14.00035  14.00035  14.00035 272.99160 272.99247 272.99197             0.00000             0.00000             0.00000
  14.00035  14.00035  14.00035 272.99161 272.99250 272.99199             0.00000             0.00000             0.00000
  14.00035  14.00035  14.00035 272.99163 272.99252 272.99201             0.00000             0.00000             0.00000
  14.00035  14.00035  14.00035 272.99165 272.99255 272.99203             0.00000             0.00000             0.00000
  14.00035  14.00035  14.00035 272.99168 272.99258 272.99206             0.00000             0.00000             0.00000
  14.00035  14.00035  14.00035 272.99171 272.99260 272.99209             0.00000             0.00000             0.00000
  14.00035  14.00035  14.00035 272.99175 272.99263 272.99212             0.00000             0.00000             0.00000
  14.00035  14.00035  14.00035 272.99181 272.99266 272.99215             0.00000             0.00000             0.00000
  14.00035  14.00035  14.00035 272.99188 272.99269 272.99219             0.00000             0.00000             0.00000
  14.00035  14.00035  14.00035 272.99196 272.99272 272.99223             0.00000             0.00000             0.00000
  14.00035  14.00035  14.00035 272.99202 272.99275 272.99228             0.00000             0.00000             0.00000
  14.00035  14.00035  14.00035 272.99203 272.99278 272.99233             0.00000             0.00000             0.00000
  14.00035  14.00035  14.00035 272.99200 319.02675 272.99239             0.00000             1.16268             0.00000
  14.00035  14.00035  14.00035 272.99235 657.32514 272.99245             0.00000            39.80019             0.00000
   5.01446  14.00035  14.00035 315.15668 711.80663 272.99258             0.08447            66.87903             0.00000
   3.95451  14.00035  14.00035 523.93087 705.72061 272.99277             0.54486            53.96601             0.00000
   3.82636  14.00035  14.00035 527.69307 686.31008 272.99302             0.73248            35.95085             0.00000
   3.80586  14.00035  14.00035 506.72548 686.48390 272.99335             0.72815            31.52097             0.00000
   3.80255  14.00035  14.00035 474.58344 692.05614 272.99374             0.49499            30.44518             0.00000
   3.80174  14.00035  14.00035 471.56790 689.08109 272.99417             0.41558            22.10024             0.00000
   3.83050  14.00035  14.00035 474.99384 695.73848 272.99462             0.62517            17.96219             0.00000
   4.10601  14.00035  14.00035 427.18272 702.51338 272.99508             0.44376            16.74297             0.00000
   4.68718  14.00035  14.00035 306.05094 706.58586 272.99551             0.11465            14.26017             0.00000
   5.06467  14.00035  14.00035 290.49957 711.87059 272.99590             0.08178            11.72699             0.00000
   5.06760   3.45985  14.00035 296.55052 706.30922 272.99627             0.08892            42.85760             0.00000
   5.09706   3.36391  14.00035 306.47147 747.88862 272.99660             0.13612           377.25899             0.00000
   5.17867   3.42222  14.00035 338.05197 777.31908 272.99691             0.24440           641.95762             0.00000
   5.19358   3.47555  14.00035 431.96768 787.30728 272.99714             0.32385           602.16407             0.00000
   5.01673   3.52712  14.00035 448.45269 794.26150 272.99727             0.45448           500.07915             0.00000
   4.64117   3.59910  14.00035 441.11356 796.07527 273.03023             0.23030           417.63206             0.00000
   4.09798   3.67795   5.65771 435.74846 797.53378 280.01189             0.56505           253.91410             0.04999
   5.03003   3.78131   3.35372 440.96955 798.31438 764.24586             1.11572           211.28498           133.34597
   4.73091   4.12416   3.03952 408.36780 798.99048 791.04992             2.44432           515.35674          1920.56556
   4.53002   4.75132   3.18973 350.08342 799.21681 790.64922             1.92949          1090.92759          3821.94038
   4.42130   5.63130   3.36805 362.16963 799.12839 789.59443             1.31227          1605.78577          4886.29868
   4.35261   5.89831   3.41543 376.31424 781.43275 780.21400             1.74841          1296.40888          3977.66568
   4.27209   6.09691   3.37006 378.37581 665.91909 753.06592             2.27853           502.31289          2336.94419
   4.19216   6.25596   3.41324 360.87786 553.97194 707.89161             2.85084            84.33798           610.15216
   4.17115   6.37513   3.58296 360.20698 587.33957 579.08077             2.67226           106.61888           346.00719
   4.17152   5.68714   3.83582 362.93040 663.93561 558.69282             2.86617           129.79639           239.45578
   4.19395   4.74972   3.83883 353.64607 677.90524 570.96542             4.35835           132.50979           187.58122
   4.06766   4.18970   3.82114 418.75590 581.23367 573.12947            12.19079            76.80463           128.84099
   4.07046   3.95960   3.79596 557.87203 523.65842 476.81472            22.16154            44.52595           114.52566
   4.34924   3.88711   4.12082 546.29204 594.50672 451.68953            10.59852            37.31524           104.17466
   4.36864   3.93355   3.99593 453.03533 548.21722 456.05524             4.34408            48.71590            89.99856
   4.27156   3.91647   3.90886 471.26647 435.03210 463.05152             5.90055            76.10523            94.33290
   4.44914   3.89144   3.97267 484.41632 436.30297 472.42018             3.25910            78.80475           101.81941
   4.42345   3.91871   3.95325 449.58020 406.43912 482.18946             6.48475            59.27172           135.38185
   4.22188   4.08487   3.93433 496.68020 410.37562 486.55852            13.49588            37.19783           184.47467
   4.10191   4.20578   3.99712 467.85622 426.10603 486.88236            11.48914            23.64204           197.92725
   4.28474   4.30689   4.24762 373.14081 474.30405 487.18901             6.18986            18.20242           157.16966
   4.17935   4.19423   4.73571 419.25529 546.76706 491.44755            16.78873            25.96642           106.82354
   4.03023   4.18439   4.93607 451.56857 571.19304 495.15909            20.13088            51.84629            77.05192
   3.90049   4.18794   4.69290 446.98893 492.12553 495.82992            17.82208            68.28329            72.94379
   3.72563   4.26722   4.50200 464.33578 330.74513 491.36807            18.74846            19.34579            67.90989
   3.59413   4.39677   4.34675 587.51893 329.24630 481.48003            46.70679            14.27188            47.69477
   3.61886   4.46975   4.25240 677.83242 329.94825 470.45062            97.61053            10.79694            33.27311
   3.80058   4.62844   4.24142 628.26803 329.31461 451.24662            82.26657            24.36870            27.53643
   3.79753   4.71915   4.29616 509.51695 311.21788 422.02973            37.38078            36.47259            25.28169
   3.71639   4.75004   4.42218 542.04143 301.47053 385.98159            45.45896            34.00220            23.36999
   3.73373   4.67834   4.53778 744.55131 323.40510 367.07646           252.79875            67.35560            23.96649
   3.86567   4.50511   4.44905 790.06931 338.61713 367.18179           686.41021           102.65561            25.12344
   4.11631   4.56967   4.12030 787.89029 350.97752 372.42959           587.11140            79.52040            26.18017
   4.43253   5.19045   3.95267 746.26568 357.05415 533.03341           133.58514            38.62700            76.96638
   4.65608   5.76494   3.94050 577.08159 357.19156 570.50473            31.64592            20.57460           151.06699
   4.49044   5.06063   3.84921 346.86286 349.11451 468.32085             2.94830            12.80660           137.22965
   4.51005   4.38783   3.98522 409.81592 339.44959 449.95572             9.31219            11.90157            92.86339
   4.72993   4.25019   3.82791 536.36495 334.53905 494.93459            18.24542            19.96439           137.99604
   4.97734   4.25252   3.72704 710.86187 333.69935 527.62017            47.13945            17.51688           177.33599
   5.55821   4.30312   3.78231 719.86935 333.43069 553.93221            39.62751            10.99937           139.40358
   5.64795   4.37998   3.79162 695.23175 327.28844 572.63456            12.02078             7.41549           158.09282
   5.35751   4.40944   3.77222 437.52952 317.76432 586.19708            10.62155             6.24264           201.71864
   5.73482   4.43460   3.75124 278.61918 308.70038 605.16633             0.39498             5.56366           300.17818
   5.23725   4.41812   3.74119 282.16612 305.06210 600.11385             0.54280             5.49032           354.14671
   5.08593   4.62725   3.75554 295.00973 294.51015 571.83181             2.04997             5.32577           338.58271
   4.57375   4.68338   3.85053 321.90007 288.92363 556.81263             3.45847             4.07096           340.33317
   4.26773   4.65246   4.16276 336.46647 291.15754 574.84716             4.10811             3.96775           438.15343
   4.22689   4.55463   5.13393 338.89922 320.96990 604.19146             4.59534             7.35139           637.15940
   4.40272   4.38816  14.00035 336.37377 384.28355 622.94111             4.42609             8.18544           949.98041
   4.41786   4.99460  14.00035 328.80039 530.17828 613.04029             4.81343            71.37993          1032.77466
   4.56387   5.03716   6.84056 359.22692 542.14969 583.60888            10.91327           142.46351           875.41190
   4.36047   5.08481   5.23615 372.90011 442.23135 571.64661            13.00122           107.51223           794.27348
   4.03846   4.62008   4.26477 462.17953 346.14227 553.35650            12.71277            43.26856           481.09236
   4.25039   4.50964   3.71652 557.73127 381.88426 509.35858            34.53243            36.96333           197.47187
   4.52265   4.47763   3.77607 491.00335 677.11384 569.82805            32.88080           689.20656           210.70381
   4.78615   4.47752   3.89452 370.52040 767.30361 584.57009             9.62480          3384.95831           291.63232
   4.74940   4.51882   3.88160 306.55731 773.42091 582.60475             2.26392          4384.68325           349.04197
   4.55579   4.55763   3.55125 300.86521 769.66547 581.31285             2.67901          3209.18844           399.46150
   4.45513   4.62406   3.55359 307.28801 767.15018 611.95030             3.04965          1710.62858           403.49173
   4.49040   4.75795   3.56899 303.69266 769.84766 646.63638             1.30314          1151.20610           537.08301
   4.73562   4.80322   3.68041 300.23016 771.17060 655.00955             1.07591           929.08453           754.20186
   4.78830   4.74341   3.79368 299.96715 773.00167 655.65916             1.58368          1014.23909           928.49329
   5.10159   4.42860   3.78378 302.34341 766.65564 631.92524             2.24896          1325.53046           912.69672
   5.27885   4.23258   3.70402 308.99255 740.12577 582.30895             2.38442          1106.35253           632.17297
   5.37093   3.83842   3.65768 318.39907 718.40337 545.37525             1.84634           567.58463           344.85298
   5.49138   3.31711   3.71233 318.26312 701.27752 561.76156             0.49142           377.12949           327.18601
   5.58841   3.32732   3.54630 307.07943 671.96078 591.57636             0.15490           745.44803           378.60624
   5.51707   3.57441   3.67543 289.24428 671.69545 598.96095             0.14262          1001.95910           350.57299
   5.38048   3.69913   3.63493 282.90953 670.73204 600.45739             0.20271          1103.84407           308.59259
   5.42530   3.74830   3.63966 277.61865 679.76712 651.89197             0.27980          1179.43764           284.72995
   5.13630   3.80966   3.68611 287.37905 722.33875 709.68828             0.51051          1544.78195           609.35013
   5.02919   3.83356   3.69735 305.80459 740.48399 731.66649             1.51462           847.50989          1007.72620
   4.99152   3.85109   3.70107 325.90445 605.25809 726.57599             1.33647           128.88744           906.48747
   5.20853   3.88950   3.69418 335.19446 481.68581 671.33901             0.67608           136.11869           534.48319
   5.93681   3.96759   3.69682 320.09532 440.91384 628.43256             0.82138           142.38006           477.86931
   7.15610   3.82745   3.71003 290.94705 453.09130 614.15396             0.45899           113.40011           455.82189
  14.00035   3.80998   3.75866 273.79840 514.93973 603.76187             0.01912            98.84634           430.20284
  14.00035   3.74671   3.77310 273.00246 540.64522 588.54299             0.00000           156.11060           407.32573
  14.00035   3.67563   3.81703 273.00000 551.04827 570.57188             0.00000           237.92568           347.07889
  14.00035   3.64777   3.94888 273.00001 583.84931 550.25048             0.00000           336.13634           278.85599
  14.00035   3.65247   3.97157 273.00001 608.15394 523.87594             0.00000           366.89075           206.41146
  14.00035   3.68676   3.98937 273.00000 614.76379 491.69186             0.00000           366.99529           143.87658
  14.00035   3.74715   3.78669 273.00000 529.55417 474.30240             0.00000           202.00201           255.35112
  14.00035   4.38579   3.78571 273.00000 441.19706 555.41616             0.00000            56.53020           467.88907
  14.00035   4.64578   3.67437 273.00000 369.43045 547.17099             0.00000            43.22395           518.04369
  14.00035   4.31588   3.66356 273.00336 315.03743 611.19183             0.00000            23.07744           496.75585
  14.00035   4.38254   3.49964 276.41373 318.44206 744.55905             0.08500            13.65288           738.60032
  14.00035   4.37142   3.37203 282.83965 323.85305 773.53884             0.26372             8.38248          1061.98903
  14.00035   4.20141   3.87041 288.12100 360.86033 758.26563             0.38304             8.31029           770.92175
  14.00035   4.35977   4.10120 296.25606 371.80170 682.49532             0.45951            13.91417           260.43773
  14.00035   5.20980   4.09699 308.17190 370.23203 507.03375             0.33046            13.76312            48.69764
   5.46576   6.17412   4.08384 316.71109 372.26641 384.83190             0.45726             9.38773            31.18379
   4.81483   7.38679   4.19370 312.34265 410.91424 373.78918             1.74095             6.14592            21.88364
   4.47218   7.94751   4.25948 308.05841 384.48690 400.12591             1.44233             1.67050            28.37895
   4.54010   7.58839   4.34677 327.58435 273.06692 411.71781             1.16743             0.00093            53.48181
   4.57661  14.00035   4.34908 330.74217 273.07287 431.40511             1.36405             0.00283            88.29510
   4.69178  14.00035   4.22163 326.26473 273.10630 433.22675             1.52391             0.00848           113.33171
   4.73718   6.87617   4.08044 312.99841 277.49394 372.89343             1.19217             0.78835            68.93557
   4.90283   7.28968   4.55510 303.33303 321.22248 405.44759             0.84603             4.00926            16.31483
   5.31499  14.00035   4.14350 300.64586 379.99187 350.16661             0.64550             9.34283            36.68603
   6.30781  14.00035   4.28418 286.64063 476.67646 424.02196             0.06627            17.65905            57.47920
  14.00035  14.00035   4.41101 273.03012 540.96261 453.70165             0.00010            24.65489            44.62036
  14.00035  14.00035   4.57555 272.99388 550.79894 464.49912             0.00000            19.95291            21.36205
  14.00035  14.00035   4.64584 272.99370 534.02713 471.25062             0.00000            12.82137            16.03499
  14.00035  14.00035   4.63145 272.99373 496.84997 474.19877             0.00000             7.36744            11.46416
  14.00035  14.00035   4.51014 272.99372 486.10925 447.49121             0.00000             5.78123             2.80294
  14.00035  14.00035   4.75418 272.99370 513.90894 326.23694             0.00000             6.18747             4.37251
  14.00035  14.00035   5.17734 272.99367 525.64643 280.42600             0.00000             5.56323             0.81293
  14.00035  14.00035   5.73610 272.99363 522.31472 281.07376             0.00000             4.05145             0.82397
  14.00035  14.00035   6.06342 272.99359 509.88089 273.87766             0.00000             2.79648             0.11640
  14.00035  14.00035   7.02845 272.99354 497.97914 273.27178             0.00000             2.23974             0.00515
  14.00035  14.00035  14.00035 272.99349 498.50705 273.37898             0.00000             2.04065             0.01800
  14.00035  14.00035  14.00035 272.99342 488.36327 273.53169             0.00000             2.08571             0.00057
  14.00035  14.00035  14.00035 272.99334 457.05960 273.14859             0.00000             2.55467             0.00000
  14.00035  14.00035  14.00035 272.99325 374.84552 273.00944             0.00000             2.58794             0.00000
  14.00035  14.00035  14.00035 272.99315 309.76590 272.99737             0.00000             1.25493             0.00000
  14.00035  14.00035  14.00035 272.99305 286.93274 272.99670             0.00000             0.41450             0.00000
  14.00035  14.00035  14.00035 272.99294 278.77169 272.99593             0.00000             0.17247             0.00000
  14.00035  14.00035  14.00035 272.99283 274.55996 272.99510             0.00000             0.06874             0.00000
  14.00035  14.00035  14.00035 272.99272 273.04642 272.99442             0.00000             0.00267             0.00000
  14.00035  14.00035  14.00035 272.99262 272.99292 272.99385             0.00000             0.00000             0.00000
  14.00035  14.00035  14.00035 272.99252 272.99282 272.99340             0.00000             0.00000             0.00000
  14.00035  14.00035  14.00035 272.99243 272.99274 272.99307             0.00000             0.00000             0.00000
  14.00035  14.00035  14.00035 272.99234 272.99266 272.99283             0.00000             0.00000             0.00000
  14.00035  14.00035  14.00035 272.99226 272.99260 272.99266             0.00000             0.00000             0.00000
  14.00035  14.00035  14.00035 272.99219 272.99254 272.99255             0.00000             0.00000             0.00000
  14.00035  14.00035  14.00035 272.99213 272.99249 272.99248             0.00000             0.00000             0.00000
  14.00035  14.00035  14.00035 272.99207 272.99245 272.99242             0.00000             0.00000             0.00000
  14.00035  14.00035  14.00035 272.99202 272.99241 272.99238             0.00000             0.00000             0.00000
  14.00035  14.00035  14.00035 272.99197 272.99238 272.99235             0.00000             0.00000             0.00000
  14.00035  14.00035  14.00035 272.99193 272.99235 272.99232             0.00000             0.00000             0.00000
  14.00035  14.00035  14.00035 272.99189 272.99233 272.99229             0.00000             0.00000             0.00000
  14.00035  14.00035  14.00035 272.99186 272.99231 272.99226             0.00000             0.00000             0.00000
  14.00035  14.00035  14.00035 272.99183 272.99230 272.99224             0.00000             0.00000             0.00000
  14.00035  14.00035  14.00035 272.99180 272.99228 272.99221             0.00000             0.00000             0.00000
  14.00035  14.00035  14.00035 272.99178 272.99227 272.99218             0.00000             0.00000             0.00000
  14.00035  14.00035  14.00035 272.99176 272.99225 272.99216             0.00000             0.00000             0.00000
  14.00035  14.00035  14.00035 272.99174 272.99224 272.99213             0.00000             0.00000             0.00000
  14.00035  14.00035  14.00035 272.99172 272.99223 272.99211             0.00000             0.00000             0.00000
  14.00035  14.00035  14.00035 272.99170 272.99222 272.99208             0.00000             0.00000             0.00000
  14.00035  14.00035  14.00035 272.99169 272.99221 272.99205             0.00000             0.00000             0.00000
  14.00035  14.00035  14.00035 272.99167 272.99221 272.99203             0.00000             0.00000             0.00000
  14.00035  14.00035  14.00035 272.99166 272.99220 272.99200             0.00000             0.00000             0.00000
  14.00035  14.00035  14.00035 272.99165 272.99219 272.99198             0.00000             0.00000             0.00000
  14.00035  14.00035  14.00035 272.99164 272.99218 272.99196             0.00000             0.00000             0.00000
  14.00035  14.00035  14.00035 272.99163 272.99218 272.99193             0.00000             0.00000             0.00000
  14.00035  14.00035  14.00035 272.99162 272.99217 272.99191             0.00000             0.00000             0.00000
  14.00035  14.00035  14.00035 272.99161 272.99217 272.99189             0.00000             0.00000             0.00000
  14.00035  14.00035  14.00035 272.99161 272.99216 272.99187             0.00000             0.00000             0.00000
  14.00035  14.00035  14.00035 272.99160 272.99216 272.99185             0.00000             0.00000             0.00000
  14.00035  14.00035  14.00035 272.99160 272.99216 272.99183             0.00000             0.00000             0.00000
  14.00035  14.00035  14.00035 272.99159 272.99216 272.99181             0.00000             0.00000             0.00000
  14.00035  14.00035  14.00035 272.99159 272.99215 272.99179             0.00000             0.00000             0.00000
  14.00035  14.00035  14.00035 272.99158 272.99215 272.99177             0.00000             0.00000             0.00000
  14.00035  14.00035  14.00035 272.99158 272.99215 272.99175             0.00000             0.00000             0.00000
  14.00035  14.00035  14.00035 272.99158 272.99215 272.99173             0.00000             0.00000             0.00000
  14.00035  14.00035  14.00035 272.99157 272.99215 272.99172             0.00000             0.00000             0.00000
  14.00035  14.00035  14.00035 272.99157 272.99215 272.99170             0.00000             0.00000             0.00000
  14.00035  14.00035  14.00035 272.99157 272.99215 272.99170             0.00000             0.00000             0.00000
  14.00035  14.00035  14.00035 272.99157 272.99215 272.99169             0.00000             0.00000             0.00000
  14.00035  14.00035  14.00035 272.99157 272.99215 272.99168             0.00000             0.00000             0.00000
  14.00035  14.00035  14.00035 272.99156 272.99214 272.99167             0.00000             0.00000             0.00000
  14.00035  14.00035  14.00035 272.99156 272.99214 272.99167             0.00000             0.00000             0.00000
  14.00035  14.00035  14.00035 272.99156 272.99214 272.99166             0.00000             0.00000             0.00000
  14.00035  14.00035  14.00035 272.99156 272.99214 272.99165             0.00000             0.00000             0.00000
  14.00035  14.00035  14.00035 272.99156 272.99214 272.99164             0.00000             0.00000             0.00000
  14.00035  14.00035  14.00035 272.99156 272.99214 272.99163             0.00000             0.00000             0.00000
  14.00035  14.00035  14.00035 272.99156 272.99214 272.99163             0.00000             0.00000             0.00000
  14.00035  14.00035  14.00035 272.99156 272.99214 272.99162             0.00000             0.00000             0.00000
  14.00035  14.00035  14.00035 272.99156 272.99214 272.99161             0.00000             0.00000             0.00000
  14.00035  14.00035  14.00035 272.99156 272.99214 272.99160             0.00000             0.00000             0.00000
  14.00035  14.00035  14.00035 272.99156 272.99214 272.99159             0.00000             0.00000             0.00000
  14.00035  14.00035  14.00035 272.99156 272.99214 272.99159             0.00000             0.00000             0.00000
  14.00035  14.00035  14.00035 272.99156 272.99215 272.99158             0.00000             0.00000             0.00000
  14.00035  14.00035  14.00035 272.99156 272.99215 272.99157             0.00000             0.00000             0.00000
  14.00035  14.00035  14.00035 272.99156 272.99215 272.99156             0.00000             0.00000             0.00000
  14.00035  14.00035  14.00035 272.99156 272.99215 272.99156             0.00000             0.00000             0.00000
  14.00035  14.00035  14.00035 272.99156 272.99215 272.99155             0.00000             0.00000             0.00000
  14.00035  14.00035  14.00035 272.99156 272.99215 272.99154             0.00000             0.00000             0.00000
  14.00035  14.00035  14.00035 272.99156 272.99215 272.99154             0.00000             0.00000             0.00000
  14.00035  14.00035  14.00035 272.99156 272.99215 272.99153             0.00000             0.00000             0.00000
  14.00035  14.00035  14.00035 272.99156 272.99215 272.99152             0.00000             0.00000             0.00000
  14.00035  14.00035  14.00035 272.99157 272.99215 272.99152             0.00000             0.00000             0.00000
  14.00035  14.00035  14.00035 272.99157 272.99215 272.99151             0.00000             0.00000             0.00000
  14.00035  14.00035  14.00035 272.99157 272.99215 272.99151             0.00000             0.00000             0.00000
  14.00035  14.00035  14.00035 272.99157 272.99216 272.99150             0.00000             0.00000             0.00000
  14.00035  14.00035  14.00035 272.99157 272.99216 272.99149             0.00000             0.00000             0.00000
  14.00035  14.00035  14.00035 272.99157 272.99216 272.99149             0.00000             0.00000             0.00000
  14.00035  14.00035  14.00035 272.99157 272.99216 272.99149             0.00000             0.00000             0.00000
  14.00035  14.00035  14.00035 272.99157 272.99216 272.99148             0.00000             0.00000             0.00000
  14.00035  14.00035  14.00035 272.99157 272.99216 272.99148             0.00000             0.00000             0.00000
  14.00035  14.00035  14.00035 272.99157 272.99216 272.99147             0.00000             0.00000             0.00000
  14.00035  14.00035  14.00035 272.99158 272.99216 272.99147             0.00000             0.00000             0.00000
  14.00035  14.00035  14.00035 272.99158 272.99216 272.99147             0.00000             0.00000             0.00000
  14.00035  14.00035  14.00035 272.99158 272.99216 272.99147             0.00000             0.00000             0.00000
  14.00035  14.00035  14.00035 272.99158 272.99216 272.99146             0.00000             0.00000             0.00000
  14.00035  14.00035  14.00035 272.99158 272.99216 272.99146             0.00000             0.00000             0.00000
  14.00035  14.00035  14.00035 272.99158 272.99216 272.99146             0.00000             0.00000             0.00000
  14.00035  14.00035  14.00035 272.99158 272.99216 272.99146             0.00000             0.00000             0.00000
  14.00035  14.00035  14.00035 272.99158 272.99216 272.99146             0.00000             0.00000             0.00000
  14.00035  14.00035  14.00035 272.99158 272.99216 272.99146             0.00000             0.00000             0.00000
  14.00035  14.00035  14.00035 272.99158 272.99217 272.99146             0.00000             0.00000             0.00000
  14.00035  14.00035  14.00035 272.99154 272.99213 272.99145             0.00000             0.00000             0.00000
