!------------------------------------------------------------!
  Date: 20191111
  Simulation name: AWX7 
  Filename:slice_middle.txt                                                                                                                                      
  Produced in mod-subroutine:  column.mod/slice                                                                                                                                      
  Written by AK September 2019
  Description:Veritcal column at x300_z450                                                                                                                          
  Data format: t  YYY  EPP   U_G   DPU   T_G   Ri                                                                                                                   
!------------------------------------------------------------!
  1      186.000000000000       14.000347260752        0.000000000000        0.000000000000      273.000000000000        0.000000000000
  1      189.000000000000       14.000347260752        0.000000000000        0.000000000000      273.000000000000        0.000000000000
  1      192.000000000000       14.000347260752        0.000000000000        0.000000000000      273.000000000000        0.000000000000
  1      195.000000000000       14.000347260752        0.000000000000        0.000000000000      273.000000000000        0.000000000000
  1      198.000000000000       14.000347260752        0.000000000000        0.000000000000      273.000000000000        0.000000000000
  1      201.000000000000       14.000347260752        0.000000000000        0.000000000000      273.000000000000        0.000000000000
  1      204.000000000000       14.000347260752        0.000000000000        0.000000000000      273.000000000000        0.000000000000
  1      207.000000000000       14.000347260752        0.000000000000        0.000000000000      273.000000000000        0.000000000000
  1      210.000000000000       14.000347260752        0.000000000000        0.000000000000      273.000000000000        0.000000000000
  1      213.000000000000       14.000347260752        0.000000000000        0.000000000000      273.000000000000        0.000000000000
  1      216.000000000000       14.000347260752        0.000000000000        0.000000000000      273.000000000000        0.000000000000
  1      219.000000000000       14.000347260752        0.000000000000        0.000000000000      273.000000000000        0.000000000000
  1      222.000000000000       14.000347260752        0.000000000000        0.000000000000      273.000000000000        0.000000000000
  1      225.000000000000       14.000347260752        0.000000000000        0.000000000000      273.000000000000        0.000000000000
  1      228.000000000000       14.000347260752        0.000000000000        0.000000000000      273.000000000000        0.000000000000
  1      231.000000000000       14.000347260752        0.000000000000        0.000000000000      273.000000000000        0.000000000000
  1      234.000000000000       14.000347260752        0.000000000000        0.000000000000      273.000000000000        0.000000000000
  1      237.000000000000       14.000347260752        0.000000000000        0.000000000000      273.000000000000        0.000000000000
  1      240.000000000000       14.000347260752        0.000000000000        0.000000000000      273.000000000000        0.000000000000
  1      243.000000000000       14.000347260752        0.000000000000        0.000000000000      273.000000000000        0.000000000000
  1      246.000000000000       14.000347260752        0.000000000000        0.000000000000      273.000000000000        0.000000000000
  1      249.000000000000       14.000347260752        0.000000000000        0.000000000000      273.000000000000        0.000000000000
  1      252.000000000000       14.000347260752        0.000000000000        0.000000000000      273.000000000000        0.000000000000
  1      255.000000000000       14.000347260752        0.000000000000        0.000000000000      273.000000000000        0.000000000000
  1      258.000000000000       14.000347260752        0.000000000000        0.000000000000      273.000000000000        0.000000000000
  1      261.000000000000       14.000347260752        0.000000000000        0.000000000000      273.000000000000        0.000000000000
  1      264.000000000000       14.000347260752        0.000000000000        0.000000000000      273.000000000000        0.000000000000
  1      267.000000000000       14.000347260752        0.000000000000        0.000000000000      273.000000000000        0.000000000000
  1      270.000000000000       14.000347260752        0.000000000000        0.000000000000      273.000000000000        0.000000000000
  1      273.000000000000       14.000347260752        0.000000000000        0.000000000000      273.000000000000        0.000000000000
  1      276.000000000000       14.000347260752        0.000000000000        0.000000000000      273.000000000000        0.000000000000
  1      279.000000000000       14.000347260752        0.000000000000        0.000000000000      273.000000000000        0.000000000000
  1      282.000000000000       14.000347260752        0.000000000000        0.000000000000      273.000000000000        0.000000000000
  1      285.000000000000       14.000347260752        0.000000000000        0.000000000000      273.000000000000        0.000000000000
  1      288.000000000000       14.000347260752        0.000000000000        0.000000000000      273.000000000000        0.000000000000
  1      291.000000000000       14.000347260752        0.000000000000        0.000000000000      273.000000000000        0.000000000000
  1      294.000000000000       14.000347260752        0.000000000000        0.000000000000      273.000000000000        0.000000000000
  1      297.000000000000       14.000347260752        0.000000000000        0.000000000000      273.000000000000        0.000000000000
  1      300.000000000000       14.000347260752        0.000000000000        0.000000000000      273.000000000000        0.000000000000
  1      303.000000000000       14.000347260752        0.000000000000        0.000000000000      273.000000000000        0.000000000000
  1      306.000000000000       14.000347260752        0.000000000000        0.000000000000      273.000000000000        0.000000000000
  1      309.000000000000       14.000347260752        0.000000000000        0.000000000000      273.000000000000        0.000000000000
  1      312.000000000000       14.000347260752        0.000000000000        0.000000000000      273.000000000000        0.000000000000
  1      315.000000000000       14.000347260752        0.000000000000        0.000000000000      273.000000000000        0.000000000000
  1      318.000000000000       14.000347260752        0.000000000000        0.000000000000      273.000000000000        0.000000000000
  1      321.000000000000       14.000347260752        0.000000000000        0.000000000000      273.000000000000        0.000000000000
  1      324.000000000000       14.000347260752        0.000000000000        0.000000000000      273.000000000000        0.000000000000
  1      327.000000000000       14.000347260752        0.000000000000        0.000000000000      273.000000000000        0.000000000000
  1      330.000000000000       14.000347260752        0.000000000000        0.000000000000      273.000000000000        0.000000000000
  1      333.000000000000       14.000347260752        0.000000000000        0.000000000000      273.000000000000        0.000000000000
  1      336.000000000000       14.000347260752        0.000000000000        0.000000000000      273.000000000000        0.000000000000
  1      339.000000000000       14.000347260752        0.000000000000        0.000000000000      273.000000000000        0.000000000000
  1      342.000000000000       14.000347260752        0.000000000000        0.000000000000      273.000000000000        0.000000000000
  1      345.000000000000       14.000347260752        0.000000000000        0.000000000000      273.000000000000        0.000000000000
  1      348.000000000000       14.000347260752        0.000000000000        0.000000000000      273.000000000000        0.000000000000
  1      351.000000000000       14.000347260752        0.000000000000        0.000000000000      273.000000000000        0.000000000000
  1      354.000000000000       14.000347260752        0.000000000000        0.000000000000      273.000000000000        0.000000000000
  1      357.000000000000       14.000347260752        0.000000000000        0.000000000000      273.000000000000        0.000000000000
  1      360.000000000000       14.000347260752        0.000000000000        0.000000000000      273.000000000000        0.000000000000
  1      363.000000000000       14.000347260752        0.000000000000        0.000000000000      273.000000000000        0.000000000000
  1      366.000000000000       14.000347260752        0.000000000000        0.000000000000      273.000000000000        0.000000000000
  1      369.000000000000       14.000347260752        0.000000000000        0.000000000000      273.000000000000        0.000000000000
  1      372.000000000000       14.000347260752        0.000000000000        0.000000000000      273.000000000000        0.000000000000
  1      375.000000000000       14.000347260752        0.000000000000        0.000000000000      273.000000000000        0.000000000000
  1      378.000000000000       14.000347260752        0.000000000000        0.000000000000      273.000000000000        0.000000000000
  1      381.000000000000       14.000347260752        0.000000000000        0.000000000000      273.000000000000        0.000000000000
  1      384.000000000000       14.000347260752        0.000000000000        0.000000000000      273.000000000000        0.000000000000
  1      387.000000000000       14.000347260752        0.000000000000        0.000000000000      273.000000000000        0.000000000000
  1      390.000000000000       14.000347260752        0.000000000000        0.000000000000      273.000000000000        0.000000000000
  1      393.000000000000       14.000347260752        0.000000000000        0.000000000000      273.000000000000        0.000000000000
  1      396.000000000000       14.000347260752        0.000000000000        0.000000000000      273.000000000000        0.000000000000
  1      399.000000000000       14.000347260752        0.000000000000        0.000000000000      273.000000000000        0.000000000000
  1      402.000000000000       14.000347260752        0.000000000000        0.000000000000      273.000000000000        0.000000000000
  1      405.000000000000       14.000347260752        0.000000000000        0.000000000000      273.000000000000        0.000000000000
  1      408.000000000000       14.000347260752        0.000000000000        0.000000000000      273.000000000000        0.000000000000
  1      411.000000000000       14.000347260752        0.000000000000        0.000000000000      273.000000000000        0.000000000000
  1      414.000000000000       14.000347260752        0.000000000000        0.000000000000      273.000000000000        0.000000000000
  1      417.000000000000       14.000347260752        0.000000000000        0.000000000000      273.000000000000        0.000000000000
  1      420.000000000000       14.000347260752        0.000000000000        0.000000000000      273.000000000000        0.000000000000
  1      423.000000000000       14.000347260752        0.000000000000        0.000000000000      273.000000000000        0.000000000000
  1      426.000000000000       14.000347260752        0.000000000000        0.000000000000      273.000000000000        0.000000000000
  1      429.000000000000       14.000347260752        0.000000000000        0.000000000000      273.000000000000        0.000000000000
  1      432.000000000000       14.000347260752        0.000000000000        0.000000000000      273.000000000000        0.000000000000
  1      435.000000000000       14.000347260752        0.000000000000        0.000000000000      273.000000000000        0.000000000000
  1      438.000000000000       14.000347260752        0.000000000000        0.000000000000      273.000000000000        0.000000000000
  1      441.000000000000       14.000347260752        0.000000000000        0.000000000000      273.000000000000        0.000000000000
  1      444.000000000000       14.000347260752        0.000000000000        0.000000000000      273.000000000000        0.000000000000
  1      447.000000000000       14.000347260752        0.000000000000        0.000000000000      273.000000000000        0.000000000000
  1      450.000000000000       14.000347260752        0.000000000000        0.000000000000      273.000000000000        0.000000000000
  1      453.000000000000       14.000347260752        0.000000000000        0.000000000000      273.000000000000        0.000000000000
  1      456.000000000000       14.000347260752        0.000000000000        0.000000000000      273.000000000000        0.000000000000
  2      186.000000000000       14.000347260752        1.013300790328        0.000000000000      272.997918555750        0.000000000000
  2      189.000000000000       14.000347260752        0.992720575999        0.000000000000      272.999988482637        0.000000000000
  2      192.000000000000       14.000347260752        1.038332535760        0.000000000000      272.999999660064        0.000000000000
  2      195.000000000000       14.000347260752        1.062293698814        0.000000000000      272.999999991666        0.000000000000
  2      198.000000000000       14.000347260752        1.075152492888        0.000000000000      272.999999999806        0.000000000000
  2      201.000000000000       14.000347260752        1.083469832087        0.000000000000      273.000000000002        0.000000000000
  2      204.000000000000       14.000347260752        1.088903042309        0.000000000000      273.000000000008        0.000000000000
  2      207.000000000000       14.000347260752        1.092173016074        0.000000000000      273.000000000008        0.000000000000
  2      210.000000000000       14.000347260752        1.093602884520        0.000000000000      273.000000000008        0.000000000000
  2      213.000000000000       14.000347260752        1.093388614460        0.000000000000      273.000000000008        0.000000000000
  2      216.000000000000       14.000347260752        1.091508196419        0.000000000000      273.000000000007        0.000000000000
  2      219.000000000000       14.000347260752        1.088028375290        0.000000000000      273.000000000008        0.000000000000
  2      222.000000000000       14.000347260752        1.082986152715        0.000000000000      273.000000000006        0.000000000000
  2      225.000000000000       14.000347260752        1.076354874937        0.000000000000      273.000000000008        0.000000000000
  2      228.000000000000       14.000347260752        1.068145344688        0.000000000000      273.000000000007        0.000000000000
  2      231.000000000000       14.000347260752        1.058480153524        0.000000000000      273.000000000008        0.000000000000
  2      234.000000000000       14.000347260752        1.047529218116        0.000000000000      273.000000000008        0.000000000000
  2      237.000000000000       14.000347260752        1.035061086562        0.000000000000      273.000000000007        0.000000000000
  2      240.000000000000       14.000347260752        1.021018423836        0.000000000000      273.000000000007        0.000000000000
  2      243.000000000000       14.000347260752        1.005606569459        0.000000000000      273.000000000007        0.000000000000
  2      246.000000000000       14.000347260752        0.988932855683        0.000000000000      273.000000000007        0.000000000000
  2      249.000000000000       14.000347260752        0.970997251443        0.000000000000      273.000000000007        0.000000000000
  2      252.000000000000       14.000347260752        0.951866433118        0.000000000000      273.000000000009        0.000000000000
  2      255.000000000000       14.000347260752        0.931618618083        0.000000000000      273.000000000009        0.000000000000
  2      258.000000000000       14.000347260752        0.910324780907        0.000000000000      273.000000000008        0.000000000000
  2      261.000000000000       14.000347260752        0.888050977075        0.000000000000      273.000000000008        0.000000000000
  2      264.000000000000       14.000347260752        0.864868950050        0.000000000000      273.000000000007        0.000000000000
  2      267.000000000000       14.000347260752        0.840850663472        0.000000000000      273.000000000007        0.000000000000
  2      270.000000000000       14.000347260752        0.816092126952        0.000000000000      273.000000000007        0.000000000000
  2      273.000000000000       14.000347260752        0.790641482223        0.000000000000      273.000000000006        0.000000000000
  2      276.000000000000       14.000347260752        0.764572471379        0.000000000000      273.000000000006        0.000000000000
  2      279.000000000000       14.000347260752        0.737969394656        0.000000000000      273.000000000007        0.000000000000
  2      282.000000000000       14.000347260752        0.710887540740        0.000000000000      273.000000000007        0.000000000000
  2      285.000000000000       14.000347260752        0.683408717766        0.000000000000      273.000000000007        0.000000000000
  2      288.000000000000       14.000347260752        0.655589980443        0.000000000000      273.000000000008        0.000000000000
  2      291.000000000000       14.000347260752        0.627471139914        0.000000000000      273.000000000008        0.000000000000
  2      294.000000000000       14.000347260752        0.599160995441        0.000000000000      273.000000000007        0.000000000000
  2      297.000000000000       14.000347260752        0.570731156455        0.000000000000      273.000000000005        0.000000000000
  2      300.000000000000       14.000347260752        0.542116346486        0.000000000000      273.000000000006        0.000000000000
  2      303.000000000000       14.000347260752        0.513413799655        0.000000000000      273.000000000007        0.000000000000
  2      306.000000000000       14.000347260752        0.484667724882        0.000000000000      273.000000000007        0.000000000000
  2      309.000000000000       14.000347260752        0.455988037395        0.000000000000      273.000000000009        0.000000000000
  2      312.000000000000       14.000347260752        0.427418707987        0.000000000000      273.000000000008        0.000000000000
  2      315.000000000000       14.000347260752        0.399009680451        0.000000000000      273.000000000008        0.000000000000
  2      318.000000000000       14.000347260752        0.370783581767        0.000000000000      273.000000000008        0.000000000000
  2      321.000000000000       14.000347260752        0.342838106399        0.000000000000      273.000000000008        0.000000000000
  2      324.000000000000       14.000347260752        0.315221770489        0.000000000000      273.000000000008        0.000000000000
  2      327.000000000000       14.000347260752        0.287977307225        0.000000000000      273.000000000008        0.000000000000
  2      330.000000000000       14.000347260752        0.261233594077        0.000000000000      273.000000000008        0.000000000000
  2      333.000000000000       14.000347260752        0.235011681646        0.000000000000      273.000000000008        0.000000000000
  2      336.000000000000       14.000347260752        0.209378518741        0.000000000000      273.000000000008        0.000000000000
  2      339.000000000000       14.000347260752        0.184406909572        0.000000000000      273.000000000008        0.000000000000
  2      342.000000000000       14.000347260752        0.160199737183        0.000000000000      273.000000000008        0.000000000000
  2      345.000000000000       14.000347260752        0.136848077690        0.000000000000      273.000000000007        0.000000000000
  2      348.000000000000       14.000347260752        0.114420377754        0.000000000000      273.000000000007        0.000000000000
  2      351.000000000000       14.000347260752        0.093012385467        0.000000000000      273.000000000008        0.000000000000
  2      354.000000000000       14.000347260752        0.072695626383        0.000000000000      273.000000000008        0.000000000000
  2      357.000000000000       14.000347260752        0.053536204107        0.000000000000      273.000000000007        0.000000000000
  2      360.000000000000       14.000347260752        0.035623523569        0.000000000000      273.000000000008        0.000000000000
  2      363.000000000000       14.000347260752        0.019051536159        0.000000000000      273.000000000008        0.000000000000
  2      366.000000000000       14.000347260752        0.003869348709        0.000000000000      273.000000000008        0.000000000000
  2      369.000000000000       14.000347260752       -0.009841357379        0.000000000000      273.000000000007        0.000000000000
  2      372.000000000000       14.000347260752       -0.022048021406        0.000000000000      273.000000000007        0.000000000000
  2      375.000000000000       14.000347260752       -0.032688639021        0.000000000000      273.000000000007        0.000000000000
  2      378.000000000000       14.000347260752       -0.041732296935        0.000000000000      273.000000000007        0.000000000000
  2      381.000000000000       14.000347260752       -0.049162466136        0.000000000000      273.000000000007        0.000000000000
  2      384.000000000000       14.000347260752       -0.054941511872        0.000000000000      273.000000000008        0.000000000000
  2      387.000000000000       14.000347260752       -0.059139584470        0.000000000000      273.000000000007        0.000000000000
  2      390.000000000000       14.000347260752       -0.061683185707        0.000000000000      273.000000000008        0.000000000000
  2      393.000000000000       14.000347260752       -0.062628048368        0.000000000000      273.000000000007        0.000000000000
  2      396.000000000000       14.000347260752       -0.062118998927        0.000000000000      273.000000000007        0.000000000000
  2      399.000000000000       14.000347260752       -0.060055971849        0.000000000000      273.000000000008        0.000000000000
  2      402.000000000000       14.000347260752       -0.056562205149        0.000000000000      273.000000000007        0.000000000000
  2      405.000000000000       14.000347260752       -0.051848723446        0.000000000000      273.000000000007        0.000000000000
  2      408.000000000000       14.000347260752       -0.046016388637        0.000000000000      273.000000000006        0.000000000000
  2      411.000000000000       14.000347260752       -0.039143935899        0.000000000000      273.000000000006        0.000000000000
  2      414.000000000000       14.000347260752       -0.031402626388        0.000000000000      273.000000000008        0.000000000000
  2      417.000000000000       14.000347260752       -0.022960461416        0.000000000000      273.000000000007        0.000000000000
  2      420.000000000000       14.000347260752       -0.014009900067        0.000000000000      273.000000000007        0.000000000000
  2      423.000000000000       14.000347260752       -0.004750073504        0.000000000000      273.000000000007        0.000000000000
  2      426.000000000000       14.000347260752        0.004681861489        0.000000000000      273.000000000008        0.000000000000
  2      429.000000000000       14.000347260752        0.014068000434        0.000000000000      273.000000000009        0.000000000000
  2      432.000000000000       14.000347260752        0.023207530539        0.000000000000      273.000000000010        0.000000000000
  2      435.000000000000       14.000347260752        0.031887066800        0.000000000000      273.000000000008        0.000000000000
  2      438.000000000000       14.000347260752        0.039957826416        0.000000000000      273.000000000009        0.000000000000
  2      441.000000000000       14.000347260752        0.047234251904        0.000000000000      273.000000000007        0.000000000000
  2      444.000000000000       14.000347260752        0.053540593845        0.000000000000      273.000000000006        0.000000000000
  2      447.000000000000       14.000347260752        0.058768871590        0.000000000000      273.000000000009        0.000000000000
  2      450.000000000000       14.000347260752        0.062948128839        0.000000000000      273.000000000005        0.000000000000
  2      453.000000000000       14.000347260752        0.063416753479        0.000000000000      273.000000000007        0.000000000000
  2      456.000000000000       14.000347260752       -0.030565038726        0.000000000000      273.000000000005        0.000000000000
  3      186.000000000000       14.000347260752       33.349517983206        0.000000000000      402.879923042455        0.000000000000
  3      189.000000000000        2.838372751175       49.176672186760     3502.390569744241      750.338587349953       -1.337868274229
  3      192.000000000000        2.149611714279       46.960861519670    15540.738359460767      790.355260502162     -176.582688081972
  3      195.000000000000        1.977064826629       45.509184273307    21595.988705924283      797.509114470344     -488.314703184916
  3      198.000000000000        1.954865072257       46.365510457233    23385.893881139142      798.762343466202       11.007581191772
  3      201.000000000000        2.132550945529       49.951207368050    17956.616270498413      798.747875476797       47.611560860544
  3      204.000000000000        2.600604432850       51.896894928693     6605.978073920592      760.701130189343       83.876344833410
  3      207.000000000000        3.038317011823       50.392760204780     2328.578969464271      703.356125595366       13.393882688341
  3      210.000000000000        3.393107409567       49.467072339592     1103.456088527960      607.606147632225       -0.156536073117
  3      213.000000000000        2.980295355463       41.316941586584     2029.360004186679      723.596416563768       -0.270987384557
  3      216.000000000000        2.991904025905       35.057868177247     1275.511924635635      729.405819661338        0.111371899835
  3      219.000000000000        3.027638632411       33.171302130870     1019.588551956186      718.601110010560       -2.680283306888
  3      222.000000000000        2.905261690447       32.819684412531     1316.655653493989      721.415862041723        0.218087702155
  3      225.000000000000        3.056639831556       24.362878113204      508.072909163825      623.077856935436        0.263062893042
  3      228.000000000000        3.813441297166        5.540353812053       14.637252095817      439.484397166465        0.075232953261
  3      231.000000000000       14.000347260752       -4.457515563951        0.000000000000      286.438109442175        0.000000000000
  3      234.000000000000       14.000347260752       -4.604660969668        0.000000000000      272.999966632562        0.000000000000
  3      237.000000000000       14.000347260752       -3.634402798662        0.000000000000      272.999968638833        0.000000000000
  3      240.000000000000       14.000347260752       -2.303730541832        0.000000000000      272.999974691905        0.000000000000
  3      243.000000000000       14.000347260752       -2.046412571836        0.000000000000      272.999982158460        0.000000000000
  3      246.000000000000       14.000347260752       -2.168207590203        0.000000000000      272.999988812230        0.000000000000
  3      249.000000000000       14.000347260752       -2.351944785247        0.000000000000      272.999993698193        0.000000000000
  3      252.000000000000       14.000347260752       -2.502877803360        0.000000000000      272.999996800557        0.000000000000
  3      255.000000000000       14.000347260752       -2.635179740842        0.000000000000      272.999998533556        0.000000000000
  3      258.000000000000       14.000347260752       -2.752832844198        0.000000000000      272.999999392321        0.000000000000
  3      261.000000000000       14.000347260752       -2.847870086417        0.000000000000      272.999999771921        0.000000000000
  3      264.000000000000       14.000347260752       -2.913772653791        0.000000000000      272.999999922333        0.000000000000
  3      267.000000000000       14.000347260752       -2.955531394498        0.000000000000      272.999999975970        0.000000000000
  3      270.000000000000       14.000347260752       -2.949533666530        0.000000000000      272.999999993237        0.000000000000
  3      273.000000000000       14.000347260752       -2.929439380737        0.000000000000      272.999999998271        0.000000000000
  3      276.000000000000       14.000347260752       -2.886161512198        0.000000000000      272.999999999602        0.000000000000
  3      279.000000000000       14.000347260752       -2.819017475457        0.000000000000      272.999999999922        0.000000000000
  3      282.000000000000       14.000347260752       -2.739086811772        0.000000000000      272.999999999993        0.000000000000
  3      285.000000000000       14.000347260752       -2.647818129806        0.000000000000      273.000000000008        0.000000000000
  3      288.000000000000       14.000347260752       -2.547603534619        0.000000000000      273.000000000010        0.000000000000
  3      291.000000000000       14.000347260752       -2.441214763132        0.000000000000      273.000000000010        0.000000000000
  3      294.000000000000       14.000347260752       -2.330733068100        0.000000000000      273.000000000010        0.000000000000
  3      297.000000000000       14.000347260752       -2.218086653322        0.000000000000      273.000000000011        0.000000000000
  3      300.000000000000       14.000347260752       -2.104704496873        0.000000000000      273.000000000011        0.000000000000
  3      303.000000000000       14.000347260752       -1.991778879647        0.000000000000      273.000000000011        0.000000000000
  3      306.000000000000       14.000347260752       -1.880298873807        0.000000000000      273.000000000011        0.000000000000
  3      309.000000000000       14.000347260752       -1.771022771517        0.000000000000      273.000000000011        0.000000000000
  3      312.000000000000       14.000347260752       -1.664576361645        0.000000000000      273.000000000010        0.000000000000
  3      315.000000000000       14.000347260752       -1.561413706682        0.000000000000      273.000000000011        0.000000000000
  3      318.000000000000       14.000347260752       -1.461837550612        0.000000000000      273.000000000011        0.000000000000
  3      321.000000000000       14.000347260752       -1.365988165203        0.000000000000      273.000000000011        0.000000000000
  3      324.000000000000       14.000347260752       -1.273908478219        0.000000000000      273.000000000011        0.000000000000
  3      327.000000000000       14.000347260752       -1.185566913178        0.000000000000      273.000000000011        0.000000000000
  3      330.000000000000       14.000347260752       -1.100915011546        0.000000000000      273.000000000011        0.000000000000
  3      333.000000000000       14.000347260752       -1.019909188610        0.000000000000      273.000000000011        0.000000000000
  3      336.000000000000       14.000347260752       -0.942475689626        0.000000000000      273.000000000011        0.000000000000
  3      339.000000000000       14.000347260752       -0.868488725638        0.000000000000      273.000000000011        0.000000000000
  3      342.000000000000       14.000347260752       -0.797811712030        0.000000000000      273.000000000011        0.000000000000
  3      345.000000000000       14.000347260752       -0.730324576922        0.000000000000      273.000000000011        0.000000000000
  3      348.000000000000       14.000347260752       -0.665883277492        0.000000000000      273.000000000010        0.000000000000
  3      351.000000000000       14.000347260752       -0.604349628273        0.000000000000      273.000000000010        0.000000000000
  3      354.000000000000       14.000347260752       -0.545625570031        0.000000000000      273.000000000010        0.000000000000
  3      357.000000000000       14.000347260752       -0.489609690256        0.000000000000      273.000000000011        0.000000000000
  3      360.000000000000       14.000347260752       -0.436177252256        0.000000000000      273.000000000011        0.000000000000
  3      363.000000000000       14.000347260752       -0.385202577599        0.000000000000      273.000000000011        0.000000000000
  3      366.000000000000       14.000347260752       -0.336575641677        0.000000000000      273.000000000011        0.000000000000
  3      369.000000000000       14.000347260752       -0.290215952132        0.000000000000      273.000000000011        0.000000000000
  3      372.000000000000       14.000347260752       -0.246060166054        0.000000000000      273.000000000011        0.000000000000
  3      375.000000000000       14.000347260752       -0.204025283383        0.000000000000      273.000000000010        0.000000000000
  3      378.000000000000       14.000347260752       -0.164020678510        0.000000000000      273.000000000010        0.000000000000
  3      381.000000000000       14.000347260752       -0.125975503325        0.000000000000      273.000000000010        0.000000000000
  3      384.000000000000       14.000347260752       -0.089829819529        0.000000000000      273.000000000010        0.000000000000
  3      387.000000000000       14.000347260752       -0.055530656273        0.000000000000      273.000000000010        0.000000000000
  3      390.000000000000       14.000347260752       -0.023013193507        0.000000000000      273.000000000010        0.000000000000
  3      393.000000000000       14.000347260752        0.007813569367        0.000000000000      273.000000000011        0.000000000000
  3      396.000000000000       14.000347260752        0.037011160754        0.000000000000      273.000000000009        0.000000000000
  3      399.000000000000       14.000347260752        0.064588563644        0.000000000000      273.000000000011        0.000000000000
  3      402.000000000000       14.000347260752        0.090598912266        0.000000000000      273.000000000011        0.000000000000
  3      405.000000000000       14.000347260752        0.115120704156        0.000000000000      273.000000000011        0.000000000000
  3      408.000000000000       14.000347260752        0.138160841929        0.000000000000      273.000000000010        0.000000000000
  3      411.000000000000       14.000347260752        0.159744659319        0.000000000000      273.000000000009        0.000000000000
  3      414.000000000000       14.000347260752        0.179933858902        0.000000000000      273.000000000010        0.000000000000
  3      417.000000000000       14.000347260752        0.198767567993        0.000000000000      273.000000000011        0.000000000000
  3      420.000000000000       14.000347260752        0.216268057902        0.000000000000      273.000000000009        0.000000000000
  3      423.000000000000       14.000347260752        0.232438157230        0.000000000000      273.000000000010        0.000000000000
  3      426.000000000000       14.000347260752        0.247307621563        0.000000000000      273.000000000011        0.000000000000
  3      429.000000000000       14.000347260752        0.260889101651        0.000000000000      273.000000000010        0.000000000000
  3      432.000000000000       14.000347260752        0.273171513061        0.000000000000      273.000000000011        0.000000000000
  3      435.000000000000       14.000347260752        0.284144957882        0.000000000000      273.000000000011        0.000000000000
  3      438.000000000000       14.000347260752        0.293799535853        0.000000000000      273.000000000011        0.000000000000
  3      441.000000000000       14.000347260752        0.302125745786        0.000000000000      273.000000000011        0.000000000000
  3      444.000000000000       14.000347260752        0.309095804162        0.000000000000      273.000000000010        0.000000000000
  3      447.000000000000       14.000347260752        0.314706703455        0.000000000000      273.000000000010        0.000000000000
  3      450.000000000000       14.000347260752        0.319114569632        0.000000000000      273.000000000009        0.000000000000
  3      453.000000000000       14.000347260752        0.319235844084        0.000000000000      273.000000000010        0.000000000000
  3      456.000000000000       14.000347260752        0.211280369353        0.000000000000      273.000000000009        0.000000000000
  4      186.000000000000        0.495167829211       20.312921971163   136840.852296733996      799.937066261637        0.000000000000
  4      189.000000000000        0.487816755616       35.031320308948   419422.603201233549      799.966850458712       11.782452000988
  4      192.000000000000        0.573380232602       37.905711518847   397551.600009430840      799.976467798379     2661.306956186728
  4      195.000000000000        0.810528991156       37.634875394136   230107.157472585706      799.982561504850     8354.431440448614
  4      198.000000000000        1.427149523263       36.660780154989    53270.832673868063      799.986054328255      546.981046657335
  4      201.000000000000        2.232678142697       30.961849944990     5947.343933729404      792.982494250466       18.333474637044
  4      204.000000000000        3.181651028234       20.324520857991      316.054426832849      548.029990547193        2.443713727198
  4      207.000000000000        3.723058993093       16.666698193907       72.451814244326      420.570240397476      -28.647487258998
  4      210.000000000000        2.909924163020       25.885774423831     1445.454533198727      675.706952700167       -0.935209692286
  4      213.000000000000        3.002196844712       27.250664620444     1176.558631042347      664.308155456008       27.182382324287
  4      216.000000000000        3.630013589320       25.861179640002      240.435791152372      473.885541896268        4.699020354791
  4      219.000000000000        4.895472960245       22.817715269412       11.184169142894      289.889214100194        0.074577416756
  4      222.000000000000        4.670560851055       18.460946166361       13.466841633686      286.283119876966       -0.039791589390
  4      225.000000000000        4.253168863718       16.974687496758       23.528631415810      311.960667212885        0.073324017155
  4      228.000000000000        4.310396064545       13.199717252384       10.679256992635      320.368275556865        0.017784370500
  4      231.000000000000        6.505811198041        9.780130329415        0.039042007190      277.105159314031       -0.030028719341
  4      234.000000000000        7.475166218972        8.124400166021        0.003452562052      273.031221935745       -0.097187360705
  4      237.000000000000        7.980447200366        7.385949492733        0.000917426454      273.018221794792       -0.000453790387
  4      240.000000000000        7.445220914005        6.598924169865        0.002716136526      273.025671473939       -0.000773748839
  4      243.000000000000        7.210529123979        5.919862146423        0.004175822466      273.039547397166       -0.000177335226
  4      246.000000000000        7.159668767267        5.206548474035        0.004061120037      273.045535867093        0.001015424286
  4      249.000000000000        7.461742554687        4.539713354153        0.000698983890      273.032140711504        0.000668348677
  4      252.000000000000       14.000347260752        3.875446229826        0.000000000000      273.005709564221        0.000000000000
  4      255.000000000000       14.000347260752        3.278879569623        0.000000000000      273.002969181415        0.000000000000
  4      258.000000000000       14.000347260752        2.737375317147        0.000000000000      273.000942352183        0.000000000000
  4      261.000000000000       14.000347260752        2.399623714905        0.000000000000      273.000097442611        0.000000000000
  4      264.000000000000       14.000347260752        2.007121792388        0.000000000000      272.999999822303        0.000000000000
  4      267.000000000000       14.000347260752        1.766677442482        0.000000000000      272.999999918001        0.000000000000
  4      270.000000000000       14.000347260752        1.508599749790        0.000000000000      272.999999968116        0.000000000000
  4      273.000000000000       14.000347260752        1.321112395235        0.000000000000      272.999999988879        0.000000000000
  4      276.000000000000       14.000347260752        1.169313892193        0.000000000000      272.999999996470        0.000000000000
  4      279.000000000000       14.000347260752        1.044278871986        0.000000000000      272.999999998985        0.000000000000
  4      282.000000000000       14.000347260752        0.944376019644        0.000000000000      272.999999999742        0.000000000000
  4      285.000000000000       14.000347260752        0.863234459968        0.000000000000      272.999999999949        0.000000000000
  4      288.000000000000       14.000347260752        0.797560222483        0.000000000000      272.999999999999        0.000000000000
  4      291.000000000000       14.000347260752        0.744144754734        0.000000000000      273.000000000011        0.000000000000
  4      294.000000000000       14.000347260752        0.699873160596        0.000000000000      273.000000000013        0.000000000000
  4      297.000000000000       14.000347260752        0.663185668658        0.000000000000      273.000000000014        0.000000000000
  4      300.000000000000       14.000347260752        0.632429176799        0.000000000000      273.000000000014        0.000000000000
  4      303.000000000000       14.000347260752        0.606156642353        0.000000000000      273.000000000014        0.000000000000
  4      306.000000000000       14.000347260752        0.583293046338        0.000000000000      273.000000000014        0.000000000000
  4      309.000000000000       14.000347260752        0.563063238325        0.000000000000      273.000000000013        0.000000000000
  4      312.000000000000       14.000347260752        0.544829379419        0.000000000000      273.000000000014        0.000000000000
  4      315.000000000000       14.000347260752        0.528183098055        0.000000000000      273.000000000013        0.000000000000
  4      318.000000000000       14.000347260752        0.512814825222        0.000000000000      273.000000000014        0.000000000000
  4      321.000000000000       14.000347260752        0.498501535606        0.000000000000      273.000000000014        0.000000000000
  4      324.000000000000       14.000347260752        0.485094236383        0.000000000000      273.000000000014        0.000000000000
  4      327.000000000000       14.000347260752        0.472469926276        0.000000000000      273.000000000015        0.000000000000
  4      330.000000000000       14.000347260752        0.460552152635        0.000000000000      273.000000000014        0.000000000000
  4      333.000000000000       14.000347260752        0.449291317965        0.000000000000      273.000000000014        0.000000000000
  4      336.000000000000       14.000347260752        0.438664354135        0.000000000000      273.000000000014        0.000000000000
  4      339.000000000000       14.000347260752        0.428660356353        0.000000000000      273.000000000014        0.000000000000
  4      342.000000000000       14.000347260752        0.419280954306        0.000000000000      273.000000000015        0.000000000000
  4      345.000000000000       14.000347260752        0.410521233398        0.000000000000      273.000000000014        0.000000000000
  4      348.000000000000       14.000347260752        0.402378624652        0.000000000000      273.000000000014        0.000000000000
  4      351.000000000000       14.000347260752        0.394861445169        0.000000000000      273.000000000014        0.000000000000
  4      354.000000000000       14.000347260752        0.387984883379        0.000000000000      273.000000000014        0.000000000000
  4      357.000000000000       14.000347260752        0.381755432834        0.000000000000      273.000000000014        0.000000000000
  4      360.000000000000       14.000347260752        0.376182964327        0.000000000000      273.000000000014        0.000000000000
  4      363.000000000000       14.000347260752        0.371278311192        0.000000000000      273.000000000013        0.000000000000
  4      366.000000000000       14.000347260752        0.367074897363        0.000000000000      273.000000000013        0.000000000000
  4      369.000000000000       14.000347260752        0.363568739008        0.000000000000      273.000000000012        0.000000000000
  4      372.000000000000       14.000347260752        0.360769564613        0.000000000000      273.000000000013        0.000000000000
  4      375.000000000000       14.000347260752        0.358663936155        0.000000000000      273.000000000013        0.000000000000
  4      378.000000000000       14.000347260752        0.357235258540        0.000000000000      273.000000000012        0.000000000000
  4      381.000000000000       14.000347260752        0.356466348004        0.000000000000      273.000000000014        0.000000000000
  4      384.000000000000       14.000347260752        0.356342197940        0.000000000000      273.000000000013        0.000000000000
  4      387.000000000000       14.000347260752        0.356825185721        0.000000000000      273.000000000014        0.000000000000
  4      390.000000000000       14.000347260752        0.357872811675        0.000000000000      273.000000000013        0.000000000000
  4      393.000000000000       14.000347260752        0.359498352468        0.000000000000      273.000000000014        0.000000000000
  4      396.000000000000       14.000347260752        0.361650375361        0.000000000000      273.000000000014        0.000000000000
  4      399.000000000000       14.000347260752        0.364276067501        0.000000000000      273.000000000014        0.000000000000
  4      402.000000000000       14.000347260752        0.367369147940        0.000000000000      273.000000000014        0.000000000000
  4      405.000000000000       14.000347260752        0.370876237714        0.000000000000      273.000000000013        0.000000000000
  4      408.000000000000       14.000347260752        0.374700979347        0.000000000000      273.000000000013        0.000000000000
  4      411.000000000000       14.000347260752        0.378789798668        0.000000000000      273.000000000013        0.000000000000
  4      414.000000000000       14.000347260752        0.383105033845        0.000000000000      273.000000000013        0.000000000000
  4      417.000000000000       14.000347260752        0.387596083906        0.000000000000      273.000000000012        0.000000000000
  4      420.000000000000       14.000347260752        0.392192937430        0.000000000000      273.000000000013        0.000000000000
  4      423.000000000000       14.000347260752        0.396808920115        0.000000000000      273.000000000012        0.000000000000
  4      426.000000000000       14.000347260752        0.401380993911        0.000000000000      273.000000000012        0.000000000000
  4      429.000000000000       14.000347260752        0.405853913880        0.000000000000      273.000000000014        0.000000000000
  4      432.000000000000       14.000347260752        0.410161793571        0.000000000000      273.000000000014        0.000000000000
  4      435.000000000000       14.000347260752        0.414215168213        0.000000000000      273.000000000014        0.000000000000
  4      438.000000000000       14.000347260752        0.417943622531        0.000000000000      273.000000000013        0.000000000000
  4      441.000000000000       14.000347260752        0.421275248715        0.000000000000      273.000000000015        0.000000000000
  4      444.000000000000       14.000347260752        0.424144562056        0.000000000000      273.000000000013        0.000000000000
  4      447.000000000000       14.000347260752        0.426558398765        0.000000000000      273.000000000014        0.000000000000
  4      450.000000000000       14.000347260752        0.428454531093        0.000000000000      273.000000000013        0.000000000000
  4      453.000000000000       14.000347260752        0.425937933208        0.000000000000      273.000000000012        0.000000000000
  4      456.000000000000       14.000347260752        0.402472926816        0.000000000000      273.000000000013        0.000000000000
  5      186.000000000000        0.384812643930       20.103451945469   171350.309669651440      799.996238920529        0.000000000000
  5      189.000000000000        0.385354712609       33.063393407790   455271.911847198207      799.997336330065        1.418482910196
  5      192.000000000000        0.391511501993       35.670221400547   529392.135848220787      799.997800845002      815.373537133758
  5      195.000000000000        0.680514347975       36.158340823216   277298.324534169573      799.907239666177      679.498602196970
  5      198.000000000000        1.248508321461       25.986844543536    43889.675900452450      798.847301263428       41.014534921575
  5      201.000000000000        2.016238811191       15.010558143763     5671.621408912983      797.771356318856       18.295206532288
  5      204.000000000000        2.706981028097       12.467981928781      954.435364181292      759.667039695483       17.940128565280
  5      207.000000000000        3.715034504546        7.517410668728       15.336159417662      401.528822874353        2.670681787354
  5      210.000000000000        4.925060974394        4.701337150565        0.389616020759      281.183278043736        0.329796898400
  5      213.000000000000        5.473668299146        4.467761156100        0.107182942111      275.525208001413        0.020836254848
  5      216.000000000000        6.063239956057        4.203259972712        0.027777192448      273.662286095477       -0.051310103287
  5      219.000000000000        7.293600545374        3.741367887197        0.000697232421      273.060708916991       -0.010063387972
  5      222.000000000000       14.000347260752        3.162381696415        0.000000000000      273.012525189796        0.000000000000
  5      225.000000000000       14.000347260752        2.595711279734        0.000000000000      273.009054051706        0.000000000000
  5      228.000000000000       14.000347260752        2.180267549351        0.000000000000      273.005433709304        0.000000000000
  5      231.000000000000       14.000347260752        1.760124101135        0.000000000000      273.003406423409        0.000000000000
  5      234.000000000000       14.000347260752        1.391587763274        0.000000000000      273.002339042844        0.000000000000
  5      237.000000000000       14.000347260752        1.039261997196        0.000000000000      273.001779376662        0.000000000000
  5      240.000000000000       14.000347260752        0.761363262365        0.000000000000      273.001395319794        0.000000000000
  5      243.000000000000       14.000347260752        0.491877999113        0.000000000000      273.000980185293        0.000000000000
  5      246.000000000000       14.000347260752        0.240411341909        0.000000000000      273.000539917514        0.000000000000
  5      249.000000000000       14.000347260752        0.008860274719        0.000000000000      273.000226712352        0.000000000000
  5      252.000000000000       14.000347260752       -0.220303629202        0.000000000000      273.000070473295        0.000000000000
  5      255.000000000000       14.000347260752       -0.435740680213        0.000000000000      273.000015475265        0.000000000000
  5      258.000000000000       14.000347260752       -0.636124960582        0.000000000000      273.000002294805        0.000000000000
  5      261.000000000000       14.000347260752       -0.824225488503        0.000000000000      273.000000162043        0.000000000000
  5      264.000000000000       14.000347260752       -1.006708593985        0.000000000000      272.999999995732        0.000000000000
  5      267.000000000000       14.000347260752       -1.175276612157        0.000000000000      272.999999997210        0.000000000000
  5      270.000000000000       14.000347260752       -1.321021665320        0.000000000000      272.999999999008        0.000000000000
  5      273.000000000000       14.000347260752       -1.454729911032        0.000000000000      272.999999999681        0.000000000000
  5      276.000000000000       14.000347260752       -1.581312649987        0.000000000000      272.999999999914        0.000000000000
  5      279.000000000000       14.000347260752       -1.689023797350        0.000000000000      272.999999999987        0.000000000000
  5      282.000000000000       14.000347260752       -1.789761055281        0.000000000000      273.000000000009        0.000000000000
  5      285.000000000000       14.000347260752       -1.868905073480        0.000000000000      273.000000000015        0.000000000000
  5      288.000000000000       14.000347260752       -1.946801224442        0.000000000000      273.000000000017        0.000000000000
  5      291.000000000000       14.000347260752       -2.007605248830        0.000000000000      273.000000000017        0.000000000000
  5      294.000000000000       14.000347260752       -2.061271119815        0.000000000000      273.000000000017        0.000000000000
  5      297.000000000000       14.000347260752       -2.106187585835        0.000000000000      273.000000000017        0.000000000000
  5      300.000000000000       14.000347260752       -2.143110658110        0.000000000000      273.000000000017        0.000000000000
  5      303.000000000000       14.000347260752       -2.173554390397        0.000000000000      273.000000000017        0.000000000000
  5      306.000000000000       14.000347260752       -2.198194075387        0.000000000000      273.000000000016        0.000000000000
  5      309.000000000000       14.000347260752       -2.217674000704        0.000000000000      273.000000000017        0.000000000000
  5      312.000000000000       14.000347260752       -2.232795057734        0.000000000000      273.000000000017        0.000000000000
  5      315.000000000000       14.000347260752       -2.244160378282        0.000000000000      273.000000000017        0.000000000000
  5      318.000000000000       14.000347260752       -2.252363847182        0.000000000000      273.000000000017        0.000000000000
  5      321.000000000000       14.000347260752       -2.257896404641        0.000000000000      273.000000000017        0.000000000000
  5      324.000000000000       14.000347260752       -2.261234410911        0.000000000000      273.000000000016        0.000000000000
  5      327.000000000000       14.000347260752       -2.262746527049        0.000000000000      273.000000000016        0.000000000000
  5      330.000000000000       14.000347260752       -2.262791178416        0.000000000000      273.000000000017        0.000000000000
  5      333.000000000000       14.000347260752       -2.261649277133        0.000000000000      273.000000000016        0.000000000000
  5      336.000000000000       14.000347260752       -2.259548245175        0.000000000000      273.000000000017        0.000000000000
  5      339.000000000000       14.000347260752       -2.256701914570        0.000000000000      273.000000000016        0.000000000000
  5      342.000000000000       14.000347260752       -2.253285316894        0.000000000000      273.000000000016        0.000000000000
  5      345.000000000000       14.000347260752       -2.249448396808        0.000000000000      273.000000000017        0.000000000000
  5      348.000000000000       14.000347260752       -2.245333810124        0.000000000000      273.000000000016        0.000000000000
  5      351.000000000000       14.000347260752       -2.241036718844        0.000000000000      273.000000000016        0.000000000000
  5      354.000000000000       14.000347260752       -2.236643423801        0.000000000000      273.000000000016        0.000000000000
  5      357.000000000000       14.000347260752       -2.232206720503        0.000000000000      273.000000000016        0.000000000000
  5      360.000000000000       14.000347260752       -2.227771922094        0.000000000000      273.000000000016        0.000000000000
  5      363.000000000000       14.000347260752       -2.223368191039        0.000000000000      273.000000000015        0.000000000000
  5      366.000000000000       14.000347260752       -2.219022093598        0.000000000000      273.000000000016        0.000000000000
  5      369.000000000000       14.000347260752       -2.214754476531        0.000000000000      273.000000000015        0.000000000000
  5      372.000000000000       14.000347260752       -2.210576413327        0.000000000000      273.000000000015        0.000000000000
  5      375.000000000000       14.000347260752       -2.206506878855        0.000000000000      273.000000000015        0.000000000000
  5      378.000000000000       14.000347260752       -2.202532194992        0.000000000000      273.000000000016        0.000000000000
  5      381.000000000000       14.000347260752       -2.198652837700        0.000000000000      273.000000000015        0.000000000000
  5      384.000000000000       14.000347260752       -2.194858347239        0.000000000000      273.000000000016        0.000000000000
  5      387.000000000000       14.000347260752       -2.191131702044        0.000000000000      273.000000000016        0.000000000000
  5      390.000000000000       14.000347260752       -2.187452784228        0.000000000000      273.000000000016        0.000000000000
  5      393.000000000000       14.000347260752       -2.183803836017        0.000000000000      273.000000000016        0.000000000000
  5      396.000000000000       14.000347260752       -2.180158727770        0.000000000000      273.000000000016        0.000000000000
  5      399.000000000000       14.000347260752       -2.176487285735        0.000000000000      273.000000000016        0.000000000000
  5      402.000000000000       14.000347260752       -2.172789027818        0.000000000000      273.000000000015        0.000000000000
  5      405.000000000000       14.000347260752       -2.169082483672        0.000000000000      273.000000000015        0.000000000000
  5      408.000000000000       14.000347260752       -2.165367528859        0.000000000000      273.000000000015        0.000000000000
  5      411.000000000000       14.000347260752       -2.161613217299        0.000000000000      273.000000000015        0.000000000000
  5      414.000000000000       14.000347260752       -2.157825678351        0.000000000000      273.000000000016        0.000000000000
  5      417.000000000000       14.000347260752       -2.154015215376        0.000000000000      273.000000000016        0.000000000000
  5      420.000000000000       14.000347260752       -2.150224148159        0.000000000000      273.000000000015        0.000000000000
  5      423.000000000000       14.000347260752       -2.146481796709        0.000000000000      273.000000000015        0.000000000000
  5      426.000000000000       14.000347260752       -2.142814349632        0.000000000000      273.000000000015        0.000000000000
  5      429.000000000000       14.000347260752       -2.139247015675        0.000000000000      273.000000000016        0.000000000000
  5      432.000000000000       14.000347260752       -2.135831687127        0.000000000000      273.000000000016        0.000000000000
  5      435.000000000000       14.000347260752       -2.132628278127        0.000000000000      273.000000000016        0.000000000000
  5      438.000000000000       14.000347260752       -2.129688908605        0.000000000000      273.000000000016        0.000000000000
  5      441.000000000000       14.000347260752       -2.127067916836        0.000000000000      273.000000000017        0.000000000000
  5      444.000000000000       14.000347260752       -2.124798405292        0.000000000000      273.000000000016        0.000000000000
  5      447.000000000000       14.000347260752       -2.122815085691        0.000000000000      273.000000000016        0.000000000000
  5      450.000000000000       14.000347260752       -2.121500464880        0.000000000000      273.000000000014        0.000000000000
  5      453.000000000000       14.000347260752       -2.124113777010        0.000000000000      273.000000000014        0.000000000000
  5      456.000000000000       14.000347260752       -2.041142312622        0.000000000000      273.000000000015        0.000000000000
  6      186.000000000000        0.384892418317       17.438777890174   128005.380747243718      799.999060076534        0.000000000000
  6      189.000000000000        0.386543855497       29.779522498264   369628.369396019960      799.999200096858       37.498366628692
  6      192.000000000000        0.567697113982       32.413119862479   288282.102660633100      799.986717025561     1628.860510847172
  6      195.000000000000        0.944623073198       32.612465462041   123449.483792975967      799.862310639887    11931.877865670000
  6      198.000000000000        1.160209939873       29.896707798064    71664.141927211109      799.768820754823       50.399027020935
  6      201.000000000000        1.366109451186       19.112300071420    25450.923763526494      799.753284690964       11.530423296475
  6      204.000000000000        1.915940716194        7.852560621624     3456.614359118001      796.970267828348       12.049279859310
  6      207.000000000000        3.021041892257        4.985641677712      138.577470317590      572.820808985705       18.277196075177
  6      210.000000000000        4.385628883999        2.356422298767        0.914334817110      324.271226580338       10.096094915895
  6      213.000000000000        5.028181941053        0.668656227177        0.127090294375      285.389536210005       -0.489119244809
  6      216.000000000000        6.540259692805       -0.344886642041        0.000044331455      273.539536716439       -2.281526189309
  6      219.000000000000       14.000347260752        0.116561366060        0.000000000000      273.014163958855        0.000000000000
  6      222.000000000000       14.000347260752        0.344108008658        0.000000000000      273.009443201025        0.000000000000
  6      225.000000000000       14.000347260752        0.376161711481        0.000000000000      273.006255668235        0.000000000000
  6      228.000000000000       14.000347260752        0.353378571071        0.000000000000      273.004076518229        0.000000000000
  6      231.000000000000       14.000347260752        0.304533505854        0.000000000000      273.002714336533        0.000000000000
  6      234.000000000000       14.000347260752        0.264149779586        0.000000000000      273.001683415226        0.000000000000
  6      237.000000000000       14.000347260752        0.228313933272        0.000000000000      273.000950418057        0.000000000000
  6      240.000000000000       14.000347260752        0.180063358601        0.000000000000      273.000479213369        0.000000000000
  6      243.000000000000       14.000347260752        0.113822003175        0.000000000000      273.000208627899        0.000000000000
  6      246.000000000000       14.000347260752        0.027856645150        0.000000000000      273.000076447699        0.000000000000
  6      249.000000000000       14.000347260752       -0.067228526925        0.000000000000      273.000022803934        0.000000000000
  6      252.000000000000       14.000347260752       -0.171940413093        0.000000000000      273.000005301273        0.000000000000
  6      255.000000000000       14.000347260752       -0.284553631514        0.000000000000      273.000000912567        0.000000000000
  6      258.000000000000       14.000347260752       -0.402396006132        0.000000000000      273.000000105143        0.000000000000
  6      261.000000000000       14.000347260752       -0.525690443332        0.000000000000      273.000000005801        0.000000000000
  6      264.000000000000       14.000347260752       -0.656381777542        0.000000000000      272.999999999702        0.000000000000
  6      267.000000000000       14.000347260752       -0.793727251516        0.000000000000      272.999999999872        0.000000000000
  6      270.000000000000       14.000347260752       -0.934481091391        0.000000000000      272.999999999975        0.000000000000
  6      273.000000000000       14.000347260752       -1.076038566957        0.000000000000      273.000000000006        0.000000000000
  6      276.000000000000       14.000347260752       -1.218485814598        0.000000000000      273.000000000015        0.000000000000
  6      279.000000000000       14.000347260752       -1.358121542590        0.000000000000      273.000000000018        0.000000000000
  6      282.000000000000       14.000347260752       -1.499386685089        0.000000000000      273.000000000018        0.000000000000
  6      285.000000000000       14.000347260752       -1.635957074135        0.000000000000      273.000000000018        0.000000000000
  6      288.000000000000       14.000347260752       -1.759673216632        0.000000000000      273.000000000018        0.000000000000
  6      291.000000000000       14.000347260752       -1.880805458032        0.000000000000      273.000000000019        0.000000000000
  6      294.000000000000       14.000347260752       -1.994766525529        0.000000000000      273.000000000019        0.000000000000
  6      297.000000000000       14.000347260752       -2.093687582951        0.000000000000      273.000000000019        0.000000000000
  6      300.000000000000       14.000347260752       -2.186263204107        0.000000000000      273.000000000018        0.000000000000
  6      303.000000000000       14.000347260752       -2.266261915181        0.000000000000      273.000000000019        0.000000000000
  6      306.000000000000       14.000347260752       -2.334939701737        0.000000000000      273.000000000018        0.000000000000
  6      309.000000000000       14.000347260752       -2.393112666598        0.000000000000      273.000000000018        0.000000000000
  6      312.000000000000       14.000347260752       -2.441014137522        0.000000000000      273.000000000018        0.000000000000
  6      315.000000000000       14.000347260752       -2.478994360316        0.000000000000      273.000000000018        0.000000000000
  6      318.000000000000       14.000347260752       -2.506695081230        0.000000000000      273.000000000019        0.000000000000
  6      321.000000000000       14.000347260752       -2.526968617521        0.000000000000      273.000000000019        0.000000000000
  6      324.000000000000       14.000347260752       -2.539619851258        0.000000000000      273.000000000019        0.000000000000
  6      327.000000000000       14.000347260752       -2.545597211688        0.000000000000      273.000000000018        0.000000000000
  6      330.000000000000       14.000347260752       -2.546291969973        0.000000000000      273.000000000018        0.000000000000
  6      333.000000000000       14.000347260752       -2.542359547160        0.000000000000      273.000000000018        0.000000000000
  6      336.000000000000       14.000347260752       -2.534754919579        0.000000000000      273.000000000018        0.000000000000
  6      339.000000000000       14.000347260752       -2.524210188073        0.000000000000      273.000000000018        0.000000000000
  6      342.000000000000       14.000347260752       -2.511444187278        0.000000000000      273.000000000018        0.000000000000
  6      345.000000000000       14.000347260752       -2.497099133363        0.000000000000      273.000000000017        0.000000000000
  6      348.000000000000       14.000347260752       -2.481715809771        0.000000000000      273.000000000018        0.000000000000
  6      351.000000000000       14.000347260752       -2.465730072525        0.000000000000      273.000000000017        0.000000000000
  6      354.000000000000       14.000347260752       -2.449503712271        0.000000000000      273.000000000017        0.000000000000
  6      357.000000000000       14.000347260752       -2.433338238113        0.000000000000      273.000000000018        0.000000000000
  6      360.000000000000       14.000347260752       -2.417446301802        0.000000000000      273.000000000018        0.000000000000
  6      363.000000000000       14.000347260752       -2.402005946302        0.000000000000      273.000000000018        0.000000000000
  6      366.000000000000       14.000347260752       -2.387144362376        0.000000000000      273.000000000018        0.000000000000
  6      369.000000000000       14.000347260752       -2.372956202323        0.000000000000      273.000000000018        0.000000000000
  6      372.000000000000       14.000347260752       -2.359499163947        0.000000000000      273.000000000018        0.000000000000
  6      375.000000000000       14.000347260752       -2.346795708368        0.000000000000      273.000000000017        0.000000000000
  6      378.000000000000       14.000347260752       -2.334846877621        0.000000000000      273.000000000018        0.000000000000
  6      381.000000000000       14.000347260752       -2.323644199496        0.000000000000      273.000000000017        0.000000000000
  6      384.000000000000       14.000347260752       -2.313151655269        0.000000000000      273.000000000017        0.000000000000
  6      387.000000000000       14.000347260752       -2.303335242766        0.000000000000      273.000000000017        0.000000000000
  6      390.000000000000       14.000347260752       -2.294152592694        0.000000000000      273.000000000017        0.000000000000
  6      393.000000000000       14.000347260752       -2.285546180766        0.000000000000      273.000000000017        0.000000000000
  6      396.000000000000       14.000347260752       -2.277464152506        0.000000000000      273.000000000017        0.000000000000
  6      399.000000000000       14.000347260752       -2.269867148714        0.000000000000      273.000000000017        0.000000000000
  6      402.000000000000       14.000347260752       -2.262717814676        0.000000000000      273.000000000017        0.000000000000
  6      405.000000000000       14.000347260752       -2.255998955901        0.000000000000      273.000000000018        0.000000000000
  6      408.000000000000       14.000347260752       -2.249656102106        0.000000000000      273.000000000017        0.000000000000
  6      411.000000000000       14.000347260752       -2.243632732486        0.000000000000      273.000000000017        0.000000000000
  6      414.000000000000       14.000347260752       -2.237919519520        0.000000000000      273.000000000016        0.000000000000
  6      417.000000000000       14.000347260752       -2.232497350609        0.000000000000      273.000000000016        0.000000000000
  6      420.000000000000       14.000347260752       -2.227366369395        0.000000000000      273.000000000016        0.000000000000
  6      423.000000000000       14.000347260752       -2.222523330609        0.000000000000      273.000000000016        0.000000000000
  6      426.000000000000       14.000347260752       -2.217965644780        0.000000000000      273.000000000017        0.000000000000
  6      429.000000000000       14.000347260752       -2.213700552111        0.000000000000      273.000000000018        0.000000000000
  6      432.000000000000       14.000347260752       -2.209759222670        0.000000000000      273.000000000018        0.000000000000
  6      435.000000000000       14.000347260752       -2.206175819657        0.000000000000      273.000000000018        0.000000000000
  6      438.000000000000       14.000347260752       -2.202968343874        0.000000000000      273.000000000018        0.000000000000
  6      441.000000000000       14.000347260752       -2.200159376873        0.000000000000      273.000000000018        0.000000000000
  6      444.000000000000       14.000347260752       -2.197762128375        0.000000000000      273.000000000017        0.000000000000
  6      447.000000000000       14.000347260752       -2.195686128294        0.000000000000      273.000000000018        0.000000000000
  6      450.000000000000       14.000347260752       -2.194483803649        0.000000000000      273.000000000015        0.000000000000
  6      453.000000000000       14.000347260752       -2.194889949850        0.000000000000      273.000000000016        0.000000000000
  6      456.000000000000       14.000347260752       -2.051227465309        0.000000000000      273.000000000016        0.000000000000
  7      186.000000000000        0.385736292858       14.531987541467    93898.236316308656      799.998098821112        0.000000000000
  7      189.000000000000        0.402531805831       24.390173303465   241195.382079025760      799.998626026578       75.485518476638
  7      192.000000000000        0.696772972025       26.897969387334   152488.664018113544      799.982364961458     1731.821136159625
  7      195.000000000000        1.315585272800       27.009132547846    40087.491012454891      798.912853222356      374.679858019982
  7      198.000000000000        2.207851571460       15.459886319130     2378.343795776446      782.730697203618        7.977945608298
  7      201.000000000000        3.267341970055        3.705119726752       68.333948503669      520.822311796630        1.727806581984
  7      204.000000000000        3.629878504807        2.326860021013        1.402835728124      428.688471479262        2.270606919565
  7      207.000000000000        4.917448106365        0.115593382898        0.136285879305      285.062267019516        1.609728727345
  7      210.000000000000        6.276250430761        0.295130079411        0.005627524731      273.994969452846      -99.380184394629
  7      213.000000000000        7.558834406482        0.303034915489        0.000184149608      273.092047223579      -14.029293673643
  7      216.000000000000       14.000347260752        0.564039606799        0.000000000000      273.009481223336        0.000000000000
  7      219.000000000000       14.000347260752        0.601026053199        0.000000000000      273.006543393439        0.000000000000
  7      222.000000000000       14.000347260752        0.455149387328        0.000000000000      273.005954783696        0.000000000000
  7      225.000000000000       14.000347260752        0.437593060270        0.000000000000      273.007984487422        0.000000000000
  7      228.000000000000       14.000347260752        0.861320735769        0.000000000000      273.367436487829        0.000000000000
  7      231.000000000000       14.000347260752        1.453385277542        0.000000000000      273.094624375470        0.000000000000
  7      234.000000000000       14.000347260752        2.103305693078        0.000000000000      273.001261290602        0.000000000000
  7      237.000000000000       14.000347260752        2.441401864576        0.000000000000      273.000658885410        0.000000000000
  7      240.000000000000       14.000347260752        2.452065177550        0.000000000000      273.000258172377        0.000000000000
  7      243.000000000000       14.000347260752        2.326035157193        0.000000000000      273.000083543262        0.000000000000
  7      246.000000000000       14.000347260752        2.194923314248        0.000000000000      273.000021692001        0.000000000000
  7      249.000000000000       14.000347260752        2.095942492553        0.000000000000      273.000004617616        0.000000000000
  7      252.000000000000       14.000347260752        2.002958250113        0.000000000000      273.000000778529        0.000000000000
  7      255.000000000000       14.000347260752        1.905397844003        0.000000000000      273.000000099062        0.000000000000
  7      258.000000000000       14.000347260752        1.798336504250        0.000000000000      273.000000008583        0.000000000000
  7      261.000000000000       14.000347260752        1.678889202343        0.000000000000      273.000000000350        0.000000000000
  7      264.000000000000       14.000347260752        1.545886189498        0.000000000000      272.999999999985        0.000000000000
  7      267.000000000000       14.000347260752        1.399788874358        0.000000000000      273.000000000009        0.000000000000
  7      270.000000000000       14.000347260752        1.240870687303        0.000000000000      273.000000000018        0.000000000000
  7      273.000000000000       14.000347260752        1.069632264657        0.000000000000      273.000000000020        0.000000000000
  7      276.000000000000       14.000347260752        0.887540630804        0.000000000000      273.000000000020        0.000000000000
  7      279.000000000000       14.000347260752        0.695386967352        0.000000000000      273.000000000021        0.000000000000
  7      282.000000000000       14.000347260752        0.494131010910        0.000000000000      273.000000000021        0.000000000000
  7      285.000000000000       14.000347260752        0.285049516080        0.000000000000      273.000000000020        0.000000000000
  7      288.000000000000       14.000347260752        0.067188864210        0.000000000000      273.000000000020        0.000000000000
  7      291.000000000000       14.000347260752       -0.159729236668        0.000000000000      273.000000000020        0.000000000000
  7      294.000000000000       14.000347260752       -0.395282189083        0.000000000000      273.000000000020        0.000000000000
  7      297.000000000000       14.000347260752       -0.639283993159        0.000000000000      273.000000000020        0.000000000000
  7      300.000000000000       14.000347260752       -0.888140233393        0.000000000000      273.000000000020        0.000000000000
  7      303.000000000000       14.000347260752       -1.141606509914        0.000000000000      273.000000000020        0.000000000000
  7      306.000000000000       14.000347260752       -1.393601989347        0.000000000000      273.000000000020        0.000000000000
  7      309.000000000000       14.000347260752       -1.631284873629        0.000000000000      273.000000000021        0.000000000000
  7      312.000000000000       14.000347260752       -1.851722393311        0.000000000000      273.000000000023        0.000000000000
  7      315.000000000000       14.000347260752       -2.037957983453        0.000000000000      273.000000000026        0.000000000000
  7      318.000000000000       14.000347260752       -2.183998565355        0.000000000000      273.000000000032        0.000000000000
  7      321.000000000000       14.000347260752       -2.280736283129        0.000000000000      273.000000000037        0.000000000000
  7      324.000000000000       14.000347260752       -2.328657982061        0.000000000000      273.000000000037        0.000000000000
  7      327.000000000000       14.000347260752       -2.342018053149        0.000000000000      273.000000000030        0.000000000000
  7      330.000000000000       14.000347260752       -2.310112291040        0.000000000000      273.000000000023        0.000000000000
  7      333.000000000000       14.000347260752       -2.251657553795        0.000000000000      273.000000000021        0.000000000000
  7      336.000000000000       14.000347260752       -2.175643981147        0.000000000000      273.000000000021        0.000000000000
  7      339.000000000000       14.000347260752       -2.089010106782        0.000000000000      273.000000000020        0.000000000000
  7      342.000000000000       14.000347260752       -1.999274486882        0.000000000000      273.000000000020        0.000000000000
  7      345.000000000000       14.000347260752       -1.911329852083        0.000000000000      273.000000000019        0.000000000000
  7      348.000000000000       14.000347260752       -1.827817339148        0.000000000000      273.000000000019        0.000000000000
  7      351.000000000000       14.000347260752       -1.749774368715        0.000000000000      273.000000000019        0.000000000000
  7      354.000000000000       14.000347260752       -1.677380054529        0.000000000000      273.000000000019        0.000000000000
  7      357.000000000000       14.000347260752       -1.610491181998        0.000000000000      273.000000000020        0.000000000000
  7      360.000000000000       14.000347260752       -1.548784013488        0.000000000000      273.000000000020        0.000000000000
  7      363.000000000000       14.000347260752       -1.491809168064        0.000000000000      273.000000000020        0.000000000000
  7      366.000000000000       14.000347260752       -1.439181991675        0.000000000000      273.000000000020        0.000000000000
  7      369.000000000000       14.000347260752       -1.390566614907        0.000000000000      273.000000000019        0.000000000000
  7      372.000000000000       14.000347260752       -1.345644393165        0.000000000000      273.000000000018        0.000000000000
  7      375.000000000000       14.000347260752       -1.304123280655        0.000000000000      273.000000000020        0.000000000000
  7      378.000000000000       14.000347260752       -1.265748758095        0.000000000000      273.000000000019        0.000000000000
  7      381.000000000000       14.000347260752       -1.230265107736        0.000000000000      273.000000000019        0.000000000000
  7      384.000000000000       14.000347260752       -1.197452152893        0.000000000000      273.000000000018        0.000000000000
  7      387.000000000000       14.000347260752       -1.167097265461        0.000000000000      273.000000000019        0.000000000000
  7      390.000000000000       14.000347260752       -1.139003885818        0.000000000000      273.000000000019        0.000000000000
  7      393.000000000000       14.000347260752       -1.112986553092        0.000000000000      273.000000000018        0.000000000000
  7      396.000000000000       14.000347260752       -1.088897545722        0.000000000000      273.000000000018        0.000000000000
  7      399.000000000000       14.000347260752       -1.066590487250        0.000000000000      273.000000000018        0.000000000000
  7      402.000000000000       14.000347260752       -1.045932261085        0.000000000000      273.000000000018        0.000000000000
  7      405.000000000000       14.000347260752       -1.026787422899        0.000000000000      273.000000000018        0.000000000000
  7      408.000000000000       14.000347260752       -1.009023260516        0.000000000000      273.000000000019        0.000000000000
  7      411.000000000000       14.000347260752       -0.992554745177        0.000000000000      273.000000000018        0.000000000000
  7      414.000000000000       14.000347260752       -0.977289918640        0.000000000000      273.000000000019        0.000000000000
  7      417.000000000000       14.000347260752       -0.963191579955        0.000000000000      273.000000000017        0.000000000000
  7      420.000000000000       14.000347260752       -0.950149182663        0.000000000000      273.000000000017        0.000000000000
  7      423.000000000000       14.000347260752       -0.938149510834        0.000000000000      273.000000000017        0.000000000000
  7      426.000000000000       14.000347260752       -0.927158914658        0.000000000000      273.000000000017        0.000000000000
  7      429.000000000000       14.000347260752       -0.917149387770        0.000000000000      273.000000000018        0.000000000000
  7      432.000000000000       14.000347260752       -0.908119060453        0.000000000000      273.000000000018        0.000000000000
  7      435.000000000000       14.000347260752       -0.900077575696        0.000000000000      273.000000000019        0.000000000000
  7      438.000000000000       14.000347260752       -0.893017227114        0.000000000000      273.000000000018        0.000000000000
  7      441.000000000000       14.000347260752       -0.886929031595        0.000000000000      273.000000000018        0.000000000000
  7      444.000000000000       14.000347260752       -0.881835806776        0.000000000000      273.000000000020        0.000000000000
  7      447.000000000000       14.000347260752       -0.877638942654        0.000000000000      273.000000000017        0.000000000000
  7      450.000000000000       14.000347260752       -0.874868067716        0.000000000000      273.000000000017        0.000000000000
  7      453.000000000000       14.000347260752       -0.870673473478        0.000000000000      273.000000000017        0.000000000000
  7      456.000000000000       14.000347260752       -0.659046455050        0.000000000000      273.000000000018        0.000000000000
  8      186.000000000000        0.391850883801       11.635114923809    59443.804272068657      799.998271109524        0.000000000000
  8      189.000000000000        0.655356866154       23.113477255076   118687.239536784298      799.960058956760      121.034920921573
  8      192.000000000000        1.253092421355       26.180562877063    38393.332271499217      798.898632444240     1033.911072935597
  8      195.000000000000        1.939393867342       26.249616654381     8248.545536613166      795.481602835246       55.110241961792
  8      198.000000000000        2.603955213793       13.212323297190      521.122427155008      753.458417404121        1.291067875793
  8      201.000000000000        2.739049119343        0.021028615129       98.501943099934      747.027184752517        0.829387926205
  8      204.000000000000        3.044590841940        4.854061122611       83.830517215085      687.772274803887        2.289573692278
  8      207.000000000000        3.205117084379        8.841608453955      109.495071502097      653.556144110290        0.992260931561
  8      210.000000000000        3.301037366282       10.452085704791       90.918487144668      624.916975599965        3.508924748441
  8      213.000000000000        3.595510310550       10.964582222582       38.169584432905      512.215070208301       49.179106439026
  8      216.000000000000        4.772784919513        6.171956152720        1.033449528059      309.084286833027        0.235471113470
  8      219.000000000000        5.564614514283        4.006797720757        0.114392651291      274.623273023046       -0.178008697794
  8      222.000000000000        6.524820875433        3.961559303069        0.012864542420      273.225134246679        0.085625810632
  8      225.000000000000        7.787973710363        3.889666680502        0.000235423065      273.021177536859       -0.007868283690
  8      228.000000000000       14.000347260752        3.724419031128        0.000000000000      273.013010187514        0.000000000000
  8      231.000000000000       14.000347260752        3.571526755642        0.000000000000      273.012345481843        0.000000000000
  8      234.000000000000       14.000347260752        3.459540865830        0.000000000000      273.012168054932        0.000000000000
  8      237.000000000000       14.000347260752        3.346646043487        0.000000000000      273.006425746265        0.000000000000
  8      240.000000000000       14.000347260752        3.245666405306        0.000000000000      273.001063470506        0.000000000000
  8      243.000000000000       14.000347260752        3.152510071472        0.000000000000      273.000118628555        0.000000000000
  8      246.000000000000       14.000347260752        3.050976472094        0.000000000000      273.000000236544        0.000000000000
  8      249.000000000000       14.000347260752        2.944062611798        0.000000000000      273.000000042772        0.000000000000
  8      252.000000000000       14.000347260752        2.834821197657        0.000000000000      273.000000004877        0.000000000000
  8      255.000000000000       14.000347260752        2.714592800706        0.000000000000      273.000000000533        0.000000000000
  8      258.000000000000       14.000347260752        2.580677504218        0.000000000000      273.000000000471        0.000000000000
  8      261.000000000000       14.000347260752        2.431803552564        0.000000000000      273.000000001385        0.000000000000
  8      264.000000000000       14.000347260752        2.270869561758        0.000000000000      273.000000003923        0.000000000000
  8      267.000000000000       14.000347260752        2.100608069137        0.000000000000      273.000000010187        0.000000000000
  8      270.000000000000       14.000347260752        1.916619276027        0.000000000000      273.000000024133        0.000000000000
  8      273.000000000000       14.000347260752        1.722818644199        0.000000000000      273.000000052025        0.000000000000
  8      276.000000000000       14.000347260752        1.547355507951        0.000000000000      273.000000101631        0.000000000000
  8      279.000000000000       14.000347260752        1.432870105701        0.000000000000      273.000000178811        0.000000000000
  8      282.000000000000       14.000347260752        1.392031346836        0.000000000000      273.000000280572        0.000000000000
  8      285.000000000000       14.000347260752        1.414521737264        0.000000000000      273.000000385183        0.000000000000
  8      288.000000000000       14.000347260752        1.665236004887        0.000000000000      273.000000450246        0.000000000000
  8      291.000000000000       14.000347260752        1.834656438931        0.000000000000      273.000000839885        0.000000000000
  8      294.000000000000        5.910969095884        1.858558738339        0.034337373348      273.792410525581        4.174252398195
  8      297.000000000000        4.873021499538        1.095584276452        0.334770794215      284.264279235365        0.217929071488
  8      300.000000000000        4.560297620525       -0.509130848652        0.677670049114      297.266983109443        0.075091832710
  8      303.000000000000        4.439505020662       -1.581060409934        0.730597274604      305.413593640696        0.048459219282
  8      306.000000000000        4.394568019255       -1.058611092413        0.724788135561      308.884805954912        0.015061386081
  8      309.000000000000        4.265806780809       -2.898743169991        5.707325399588      322.341567293434        0.005524269036
  8      312.000000000000        4.227399885706       -7.265876210977       10.240505160724      328.218478747456        0.004355611278
  8      315.000000000000        4.241606163233       -7.812828800585        8.301227169709      326.507251764038       -0.038445637144
  8      318.000000000000        4.338413350480       -6.916168373387        5.211188860527      315.336063375201       -3.727453333908
  8      321.000000000000        4.634201415973       -7.347683278801        3.290486594849      292.940867716467      -18.844464064084
  8      324.000000000000        4.728006399915       -6.356741866746        2.296402275019      289.017580906648        0.000465680363
  8      327.000000000000        4.652798409051       -4.848692881937        1.580531832979      292.226640083661        0.010361162019
  8      330.000000000000        4.581513868538       -3.873969899302        0.800284160368      296.031825667011       -0.011722133217
  8      333.000000000000        4.764152623097       -3.312890957622        0.322920519887      288.087875648738       -1.313255960119
  8      336.000000000000        5.557410784798       -3.096701985778        0.043814147570      275.472608459894       -4.416758515025
  8      339.000000000000       14.000347260752       -3.087761471189        0.000000000000      273.030143246245        0.000000000000
  8      342.000000000000       14.000347260752       -3.060708328179        0.000000000000      273.000000300867        0.000000000000
  8      345.000000000000       14.000347260752       -3.000959613138        0.000000000000      273.000000000056        0.000000000000
  8      348.000000000000       14.000347260752       -2.934048152545        0.000000000000      273.000000000030        0.000000000000
  8      351.000000000000       14.000347260752       -2.862264986809        0.000000000000      273.000000000025        0.000000000000
  8      354.000000000000       14.000347260752       -2.786041175656        0.000000000000      273.000000000023        0.000000000000
  8      357.000000000000       14.000347260752       -2.706848903346        0.000000000000      273.000000000022        0.000000000000
  8      360.000000000000       14.000347260752       -2.627114605398        0.000000000000      273.000000000022        0.000000000000
  8      363.000000000000       14.000347260752       -2.548362027294        0.000000000000      273.000000000022        0.000000000000
  8      366.000000000000       14.000347260752       -2.469816058062        0.000000000000      273.000000000022        0.000000000000
  8      369.000000000000       14.000347260752       -2.392036232961        0.000000000000      273.000000000021        0.000000000000
  8      372.000000000000       14.000347260752       -2.314828027088        0.000000000000      273.000000000021        0.000000000000
  8      375.000000000000       14.000347260752       -2.238977962168        0.000000000000      273.000000000021        0.000000000000
  8      378.000000000000       14.000347260752       -2.165264908580        0.000000000000      273.000000000021        0.000000000000
  8      381.000000000000       14.000347260752       -2.094419463994        0.000000000000      273.000000000021        0.000000000000
  8      384.000000000000       14.000347260752       -2.027015267558        0.000000000000      273.000000000021        0.000000000000
  8      387.000000000000       14.000347260752       -1.963365753000        0.000000000000      273.000000000021        0.000000000000
  8      390.000000000000       14.000347260752       -1.903615394519        0.000000000000      273.000000000021        0.000000000000
  8      393.000000000000       14.000347260752       -1.847773732478        0.000000000000      273.000000000020        0.000000000000
  8      396.000000000000       14.000347260752       -1.795710107499        0.000000000000      273.000000000021        0.000000000000
  8      399.000000000000       14.000347260752       -1.747218848353        0.000000000000      273.000000000021        0.000000000000
  8      402.000000000000       14.000347260752       -1.702088397844        0.000000000000      273.000000000021        0.000000000000
  8      405.000000000000       14.000347260752       -1.660117153062        0.000000000000      273.000000000021        0.000000000000
  8      408.000000000000       14.000347260752       -1.621113202974        0.000000000000      273.000000000020        0.000000000000
  8      411.000000000000       14.000347260752       -1.584900938501        0.000000000000      273.000000000020        0.000000000000
  8      414.000000000000       14.000347260752       -1.551336153053        0.000000000000      273.000000000020        0.000000000000
  8      417.000000000000       14.000347260752       -1.520295799472        0.000000000000      273.000000000021        0.000000000000
  8      420.000000000000       14.000347260752       -1.491700466951        0.000000000000      273.000000000020        0.000000000000
  8      423.000000000000       14.000347260752       -1.465440479965        0.000000000000      273.000000000020        0.000000000000
  8      426.000000000000       14.000347260752       -1.441469037757        0.000000000000      273.000000000020        0.000000000000
  8      429.000000000000       14.000347260752       -1.419739351160        0.000000000000      273.000000000021        0.000000000000
  8      432.000000000000       14.000347260752       -1.400224413942        0.000000000000      273.000000000022        0.000000000000
  8      435.000000000000       14.000347260752       -1.382913979329        0.000000000000      273.000000000022        0.000000000000
  8      438.000000000000       14.000347260752       -1.367801397934        0.000000000000      273.000000000020        0.000000000000
  8      441.000000000000       14.000347260752       -1.354870248066        0.000000000000      273.000000000022        0.000000000000
  8      444.000000000000       14.000347260752       -1.344124216393        0.000000000000      273.000000000021        0.000000000000
  8      447.000000000000       14.000347260752       -1.335478409996        0.000000000000      273.000000000021        0.000000000000
  8      450.000000000000       14.000347260752       -1.329389636181        0.000000000000      273.000000000018        0.000000000000
  8      453.000000000000       14.000347260752       -1.320798434514        0.000000000000      273.000000000020        0.000000000000
  8      456.000000000000       14.000347260752       -0.956308057412        0.000000000000      273.000000000018        0.000000000000
