!------------------------------------------------------------!
  Date: 20191113
  Simulation name: AWX7 
  Filename:PEbyx.txt                                                                                                                                             
  Produced in mod-subroutine:  massdist/energypotential                                                                                                                              
  Written by AK September 2019
  Description:Integrates by width potential energy necessary to overflow at each height                                                                             
  Data format: RMAX by t potential energy (J)                                                                                                                       
!------------------------------------------------------------!
        0.0000000000
  2494711.7033636570
     4914.3392179335
     4731.8260327413
     4549.3128475491
     4366.7996623569
     4184.2864771647
     5015.7353916380
     4833.2222064457
     4650.7090212535
     4468.1958360613
     4285.6826508691
     4103.1694656769
     4934.6183801502
     4752.1051949580
     4569.5920097658
     4387.0788245735
     4204.5656393813
     5036.0145538546
     4853.5013686624
     4670.9881834702
     4488.4749982780
     4305.9618130858
     4123.4486278935
     4954.8975423669
     4772.3843571746
     4589.8711719824
     4451.4315666581
     4224.8448015980
     5056.2937160713
     4873.7805308791
     4691.2673456869
     4508.7541604946
     4326.2409753024
     4143.7277901102
     4975.1767045835
     4792.6635193913
     4610.1503341991
     4427.6371490069
     4245.1239638147
     4062.6107786224
     4894.0596930957
     4711.5465079035
     4529.0333227113
     4346.5201375191
     4164.0069523269
     4995.4558668002
     4812.9426816080
     4630.4294964158
     4447.9163112235
     4265.4031260313
     4082.8899408391
     4963.4822438655
     4731.8256701202
     4549.3124849280
     4366.7992997358
     4184.2861145435
     5015.7350290169
     4833.2218438246
     4650.7086586324
     4468.1954734402
     4285.6822882480
     4103.1691030558
     4934.6180175291
     4752.1048323369
     4569.5916471447
     4387.0784619524
     4204.5652767602
     5036.0141912335
     4853.5010060413
     4670.9878208491
     4488.4746356569
     4305.9614504647
     4123.4482652724
     4954.8971797458
     4772.3839945535
     4589.8708093613
     4451.4312004108
     4224.8444389769
     5056.2933534502
     4873.7801682580
     4691.2669830658
     4508.7537978735
     4326.2406126813
     4143.7274274891
     4975.1763419624
     4792.6631567702
     4610.1499715780
     4427.6367863858
     4245.1236011936
     4062.6104160013
     4894.0593304746
     4711.5461452824
     4529.0329600902
     4346.5197748980
     4164.0065897058
     4995.4555041791
     4812.9423189869
     4630.4291337947
     4447.9159486024
     4265.4027634102
     4082.8895782180
     4963.4818776182
     4731.8253074991
     4549.3121223069
     4366.7989371147
     4184.2857519224
     5015.7346663958
     4833.2214812035
     4650.7082960113
     4468.1951108191
     4285.6819256269
     4103.1687404347
     4934.6176549080
     4752.1044697158
     4569.5912845235
     4387.0780993313
     4204.5649141391
     5036.0138286124
     4853.5006434202
     4670.9874582280
     4488.4742730358
     4305.9610878436
     4123.4479026513
     4954.8968171246
     4772.3836319324
     4589.8704467402
     4451.4308341635
     4224.8440763558
     5056.2929908291
     4873.7798056369
     4691.2666204447
     4508.7534352524
     4326.2402500602
     4143.7270648680
     4975.1759793413
     4792.6627941491
     4610.1496089569
     4427.6364237647
     4245.1232385724
     4062.6100533802
     4894.0589678535
     4711.5457826613
     4529.0325974691
     4346.5194122769
     4164.0062270847
     4995.4551415580
     4812.9419563658
     4630.4287711735
     4447.9155859813
     4265.4024007891
     4082.8892155969
     4963.4815113709
     4731.8249448780
     4549.3117596858
     4366.7985744936
     4184.2853893013
     5015.7343037747
     4833.2211185824
     4650.7079333902
     4468.1947481980
     4285.6815630058
     4103.1683778136
     4934.6172922869
     4752.1041070947
     4569.5909219024
     4387.0777367102
     4204.5645515180
     5036.0134659913
     4853.5002807991
     4670.9870956069
     4488.4739104147
     4305.9607252224
     4123.4475400302
     4954.8964545035
     4772.3832693113
     4589.8700841191
     4451.4304679162
     4224.8437137347
     5056.2926282080
     4873.7794430158
     4691.2662578236
     4508.7530726313
     4326.2398874391
     4143.7267022469
     4975.1756167202
     4792.6624315280
     4610.1492463358
     4427.6360611436
     4245.1228759513
     4062.6096907591
     4894.0586052324
     4711.5454200402
     4529.0322348480
     4346.5190496558
     4164.0058644636
     4995.4547789369
     4812.9415937447
     4630.4284085524
     4447.9152233602
     4265.4020381680
     4082.8888529758
     4963.4811451236
     4731.8245822569
     4549.3113970647
     4366.7982118725
     4184.2850266802
     5015.7339411535
     4833.2207559613
     4650.7075707691
     4468.1943855769
     4285.6812003847
     4103.1680151925
     4934.6169296658
     4752.1037444736
     4569.5905592813
     4387.0773740891
     4204.5641888969
     5036.0131033702
     4853.4999181780
     4670.9867329858
     4488.4735477936
     4305.9603626013
     4123.4471774091
     4954.8960918824
     4772.3829066902
     4589.8697214980
     4451.4301016688
     4224.8433511136
     5056.2922655869
     4873.7790803947
     4691.2658952024
     4508.7527100102
     4326.2395248180
     4143.7263396258
     4975.1752540991
     4792.6620689069
     4610.1488837147
     4427.6356985225
     4245.1225133302
     4062.6093281380
     4894.0582426113
     4711.5450574191
     4529.0318722269
     4346.5186870347
     4164.0055018425
     4995.4544163158
     4812.9412311236
     4630.4280459313
     4447.9148607391
     4265.4016755469
     4082.8884903547
     4963.4807788763
     4731.8242196358
     4549.3110344436
     4366.7978492513
     4184.2846640591
     5015.7335785324
     4833.2203933402
     4650.7072081480
     4468.1940229558
     4285.6808377636
     4103.1676525714
     4934.6165670447
     4752.1033818525
     4569.5901966602
     4387.0770114680
     4204.5638262758
     5036.0127407491
     4853.4995555569
     4670.9863703647
     4488.4731851725
     4305.9599999802
     4123.4468147880
     4954.8957292613
     4772.3825440691
     4589.8693588769
     4451.4297354215
     4224.8429884925
     5056.2919029658
     4873.7787177736
     4691.2655325813
     4508.7523473891
     4326.2391621969
     4143.7259770047
     4975.1748914780
     4792.6617062858
     4610.1485210936
     4427.6353359014
     4245.1221507091
     4062.6089655169
     4894.0578799902
     4711.5446947980
     4529.0315096058
     4346.5183244136
     4164.0051392214
     4995.4540536947
     4812.9408685025
     4630.4276833102
     4447.9144981180
     4265.4013129258
     4082.8881277336
     4963.4804126290
     4731.8238570147
     4549.3106718225
     4366.7974866302
     4184.2843014380
     5015.7332159113
     4833.2200307191
     4650.7068455269
     4468.1936603347
     4285.6804751425
     4103.1672899503
     4934.6162044236
     4752.1030192313
     4569.5898340391
     4387.0766488469
     4204.5634636547
     5036.0123781280
     4853.4991929358
     4670.9860077436
     4488.4728225514
     4305.9596373591
     4123.4464521669
     4954.8953666402
     4772.3821814480
     4589.8689962558
     4451.4293691742
     4224.8426258714
     5056.2915403447
     4873.7783551525
     4691.2651699602
     4508.7519847680
     4326.2387995758
     4143.7256143836
     4975.1745288569
     4792.6613436647
     4610.1481584725
     4427.6349732802
     4245.1217880880
     4062.6086028958
     4894.0575173691
     4711.5443321769
     4529.0311469847
     4346.5179617925
     4164.0047766003
     4995.4536910736
     4812.9405058813
     4630.4273206891
     4447.9141354969
     4265.4009503047
     4082.8877651125
     4963.4800463816
     4731.8234943936
     4549.3103092014
     4366.7971240091
     4184.2839388169
     5015.7328532902
     4833.2196680980
     4650.7064829058
     4468.1932977136
     4285.6801125214
     4103.1669273291
     4934.6158418025
     4752.1026566102
     4569.5894714180
     4387.0762862258
     4204.5631010336
     5036.0120155069
     4853.4988303147
     4670.9856451225
     4488.4724599302
     4305.9592747380
     4123.4460895458
     4954.8950040191
     4772.3818188269
     4589.8686336347
     4451.4290029269
     4224.8422632503
     5056.2911777236
     4873.7779925314
     4691.2648073391
     4508.7516221469
     4326.2384369547
     4143.7252517625
     4975.1741662358
     4792.6609810436
     4610.1477958514
     4427.6346106591
     4245.1214254669
     4062.6082402747
     4894.0571547480
     4711.5439695558
     4529.0307843636
     4346.5175991714
     4164.0044139791
     4995.4533284525
     4812.9401432602
     4630.4269580680
     4447.9137728758
     4265.4005876836
     4082.8874024914
        0.0000000000
        0.0000000000
        0.0000000000
  2494711.7033636570
  3080156.0866065361
  2958178.4377937391
  2818371.4332452631
  2680651.0152232470
  2532713.1384831797
  3031286.1402655416
  2837605.9807829177
  2636719.3248749510
  2401968.3443555566
  2186683.8029123992
  1938462.6169966317
  2334508.7422294831
  2078878.1796591121
  1849935.1695604464
  1626953.6027782387
  1363796.3842361509
  1779222.7371924384
  1576314.7791741877
  1328021.9928422924
  1125976.1771834309
   916790.0327661964
   756649.8528735330
  1060685.6602130770
   846563.7588184866
   721273.5863909465
   653322.3906801564
   530498.8596896547
   786236.4301554704
   608954.6290254013
   477515.7907554163
   360004.8734654209
   254096.2313789042
   175178.0096819877
   263515.6377911638
   196951.5118655127
   140376.3804012853
    98260.9284097416
    67310.7419113790
    46512.2275561790
    73514.6064390863
    54280.7457618750
    42228.0825960162
    35848.7121633270
    32445.3987731296
    32223.8179116062
    23356.0212238960
    13015.4133209021
     7329.3634857304
     6832.2370790107
     6444.2848428882
     7354.7551520476
     6328.2514266851
     5222.4144744794
     4402.6513716155
     4162.6457943830
     5015.7387304244
     4833.2242916478
     4650.7101823475
     4468.1964722971
     4285.6829050941
     4103.1695865342
     4934.6209184762
     4752.1067169952
     4569.5928798529
     4387.0792593194
     4204.5658351009
     5036.0164800119
     4853.5024069566
     4670.9887102374
     4488.4753070293
     4305.9620542376
     4123.4488705811
     4954.8995716526
     4772.3855173511
     4589.8716361054
     4451.4320914299
     4224.8448558541
     5056.2952816421
     4873.7814683458
     4691.2679515295
     4508.7546251337
     4326.2413828302
     4143.7281617614
     4975.1781430233
     4792.6643103687
     4610.1506988896
     4427.6372687935
     4245.1242005728
     4062.6110029777
     4894.0608569587
     4711.5469819815
     4529.0334536559
     4346.5202145517
     4164.0070388392
     4995.4568588776
     4812.9430118087
     4630.4296357542
     4447.9163607311
     4265.4032080544
     4082.8898003405
     4963.4835130004
     4731.8256625326
     4549.3125674217
     4366.7993540798
     4184.2862551729
     5015.7358862309
     4833.2221267161
     4650.7087625238
     4468.1955498211
     4285.6823732022
     4103.1692862423
     4934.6188812772
     4752.1051710516
     4569.5919345341
     4387.0786356083
     4204.5655254482
     5036.0152079240
     4853.5013697881
     4670.9880400022
     4488.4749406398
     4305.9617906893
     4123.4487379115
     4954.8983964708
     4772.3846280131
     4589.8710224051
     4451.4316798638
     4224.8446533508
     5056.2944301528
     4873.7807877205
     4691.2674739989
     4508.7542860790
     4326.2410663314
     4143.7277958305
     4975.1772842275
     4792.6636297987
     4610.1501534923
     4427.6369978992
     4245.1238890845
     4062.6106741385
     4894.0600994533
     4711.5463689683
     4529.0330662067
     4346.5198471864
     4164.0067925337
     4995.4561430397
     4812.9425455026
     4630.4292070369
     4447.9160834577
     4265.4028447394
     4082.8894952237
     4963.4828366054
     4731.8251753120
     4549.3122225166
     4366.7989950434
     4184.2859729938
     5015.7352454812
     4833.2217090835
     4650.7083539069
     4468.1952686309
     4285.6820028185
     4103.1689829925
     4934.6182393787
     4752.1047694735
     4569.5915776354
     4387.0782471719
     4204.5652287830
     5036.0146529314
     4853.5008824877
     4670.9876922896
     4488.4746220430
     4305.9614605007
     4123.4484116239
     4954.8978248911
     4772.3841867928
     4589.8706090822
     4451.4313267131
     4224.8442909746
     5056.2938791270
     4873.7803605871
     4691.2670945564
     4508.7539371373
     4326.2406955025
     4143.7274561543
     4975.1766835330
     4792.6631897148
     4610.1498099662
     4427.6366235673
     4245.1235341086
     4062.6103527551
     4894.0595316568
     4711.5459712263
     4529.0326553582
     4346.5195271947
     4164.0064120865
     4995.4556766949
     4812.9420884419
     4630.4288633062
     4447.9157187538
     4265.4025274141
     4082.8891389112
     4963.4823574852
     4731.8247510704
     4549.3118338079
     4366.7986777011
     4184.2855951990
     5015.7348300439
     4833.2212596201
     4650.7080330827
     4468.1949202679
     4285.6816901262
     4103.1686082859
     4934.6178491821
     4752.1043228837
     4569.5912376703
     4387.0779515103
     4204.5648567528
     5036.0142425178
     4853.5005158470
     4670.9873645043
     4488.4743146723
     4305.9611480839
     4123.4480746310
     4954.8974482749
     4772.3837621092
     4589.8703299080
     4451.4309929818
     4224.8439850034
     5056.2935296849
     4873.7799647807
     4691.2668105385
     4508.7536317459
     4326.2403429815
     4143.7270597999
     4975.1763588712
     4792.6627869071
     4610.1494896167
     4427.6363604921
     4245.1232018723
     4062.6099657099
     4894.0592159177
     4711.5455673610
     4529.0324189758
     4346.5191689632
     4164.0060958969
     4995.4552911310
     4812.9417689044
     4630.4285695963
     4447.9154412184
     4265.4021573699
     4082.8888025510
     4963.4819540182
     4731.8244062398
     4549.3115966907
     4366.7983139507
     4184.2852865619
     5015.7343784043
     4833.2209394082
     4650.7077159122
     4468.1946240025
     4285.6813178759
     4103.1683027567
     4934.6173327299
     4752.1039940384
     4569.5909389079
     4387.0775583598
     4204.5645611459
     5036.0137380507
     4853.5000972922
     4670.9870558712
     4488.4739750348
     4305.9608140009
     4123.4477682991
     4954.8969047245
     4772.3833932642
     4589.8699356871
     4451.4306307688
     4224.8436530736
     5056.2930497889
     4873.7796216895
     4691.2664590804
     4508.7532489383
     4326.2399811500
     4143.7267676920
     4975.1759198587
     4792.6624670705
     4610.1491959882
     4427.6359661735
     4245.1228608315
     4062.6096932021
     4894.0589111889
     4711.5453185461
     4529.0320572643
     4346.5188813837
     4164.0057539242
     4995.4551950626
     4812.9414819181
     4630.4283224059
     4447.9150741177
     4265.4018848303
     4082.8885101593
     4963.4819425720
     4731.8242584841
     4549.3112711231
     4366.7980623898
     4184.2849515339
     5015.7345888485
     4833.2207819632
     4650.7075354576
     4468.1943013543
     4285.6810758488
     4103.1679717697
     4934.6177249838
     4752.1039275673
     4569.5906789444
     4387.0773823565
     4204.5642349872
     5036.0141484490
     4853.5002269754
     4670.9868968230
     4488.4737252230
     4305.9605459110
     4123.4474507802
     4954.8974498629
     4772.3834583104
     4589.8698483246
     4451.4304119552
     4224.8433937396
     5056.2935743245
     4873.7797217995
     4691.2663454171
     4508.7530272328
     4326.2397041939
     4143.7264793547
     4975.1764344511
     4792.6625570899
     4610.1491118977
     4427.6357645640
     4245.1225710438
     4062.6093794342
     4894.0593222908
     4711.5454038373
     4529.0319065896
     4346.5186211346
     4164.0054349919
     4995.4554980511
     4812.9415711641
     4630.4281774242
     4447.9148490490
     4265.4015736840
     4082.8881720419
     4963.4820597051
     4731.8242996927
     4549.3110869355
     4366.7977476013
     4184.2845851935
     5015.7345973113
     4833.2207675496
     4650.7073421040
     4468.1940493611
     4285.6807101757
     4103.1675567591
     4934.6175296581
     4752.1038106245
     4569.5904423332
     4387.0769936319
     4204.5637859033
     5036.0138274674
     4853.4999789562
     4670.9866406701
     4488.4734393459
     4305.9601592886
     4123.4469644427
     4954.8969010266
     4772.3831490097
     4589.8694980464
     4451.4299621827
     4224.8428300865
     5056.2928685743
     4873.7793398401
     4691.2660249789
     4508.7527029504
     4326.2392522689
     4143.7258596004
     4975.1754207408
     4792.6621236085
     4610.1486890009
     4427.6353411563
     4245.1221350927
     4062.6087368684
     4894.0581766874
     4711.5447929602
     4529.0314926004
     4346.5180397713
     4164.0048073969
     4995.4541867375
     4812.9408802011
     4630.4276335976
     4447.9144233136
     4265.4015360456
     4082.8883386191
        0.0000000000
        0.0000000000
        0.0000000000
  2494711.7033636570
  3083337.9173106831
  2963195.3867932754
  2828174.2323526805
  2702957.4911288167
  2551147.2699782024
  3048270.6193346321
  2874847.6106343861
  2706737.4227796448
  2511930.9856115510
  2338118.7329732310
  2151693.3788062856
  2616117.4167070617
  2429702.6447572564
  2264663.1442859471
  2098385.4131390718
  1922174.1188132172
  2408679.1310638078
  2244009.2504203003
  2069417.5228966300
  1922572.6934835154
  1774865.8729497930
  1624965.5929849588
  2113011.2895035991
  1957743.1946492507
  1807586.0692502521
  1678780.6518674032
  1520457.2247470268
  2015421.9021253067
  1866404.7835507169
  1726258.7202088160
  1594368.7785951553
  1464218.8293777092
  1340004.1970531635
  1817387.9992639807
  1680541.0448827250
  1550606.3046271973
  1392695.2661044747
  1271388.9576093187
  1150717.5654474874
  1602995.1284050189
  1471387.3077414227
  1320044.3228540232
  1202782.6187496297
  1042381.8673958839
  1504410.6302033986
  1330528.5906032864
  1208764.4161016734
  1063972.1064136119
   945534.8507177845
   794839.0230310846
  1164100.4145947150
   993619.6081622342
   865981.9643891205
   786905.1518702809
   694326.9302537672
  1008841.6302359115
   870703.6115549824
   770177.4176740462
   680946.4724115829
   604749.4681681170
   504418.5726196291
   696301.0124371608
   565920.1349382338
   499224.2985770346
   454295.7219225372
   383224.1153645673
   518539.9964861064
   438233.6347650595
   371710.4880207729
   321038.8928587390
   273380.9832597821
   220569.3789277824
   294535.2962735854
   246402.1067778017
   211952.4133510040
   180415.9584102150
   146204.5350340759
   195535.2160480409
   164851.9591374885
   138951.1265936183
   115826.7846931311
    93399.3879065194
    72922.4393694550
    97056.6130063125
    82814.0520734220
    70224.9685123948
    58526.6658491846
    47957.7701371558
    39181.7591684920
    52558.1943643565
    46745.9577806291
    41773.5068582407
    37534.5229294719
    33998.9019446800
    39156.2245277781
    36747.2818052678
    34499.9727496888
    32200.2789529068
    29808.3529933450
    27287.3356964557
    29422.1805399498
    27808.2193759182
    26839.6532907449
    26380.4582049061
    25757.9386922425
    27418.8877934371
    24907.9322884781
    21715.7647351948
    17660.1248848617
    13035.4781855187
     8971.0692723616
     7762.0649884580
     6775.1250273973
     6173.9959939111
     5564.4265271464
     4896.9155679763
     5214.7360572055
     4817.8382008260
     4659.1829186981
     4488.4816333549
     4305.9667334077
     4123.4520976947
     4954.9072365849
     4772.3920652505
     4589.8770719976
     4451.4365248041
     4224.8477753234
     5056.3024127901
     4873.7871776753
     4691.2723136765
     4508.7578131452
     4326.2436359614
     4143.7298055695
     4975.1849968868
     4792.6697704356
     4610.1549880356
     4427.6401381238
     4245.1258710225
     4062.6120801771
     4894.0669860329
     4711.5518168994
     4529.0367586263
     4346.5223282515
     4164.0081003821
     4995.4622270259
     4812.9469218784
     4630.4322593176
     4447.9178380090
     4265.4040160226
     4082.8900694190
     4963.4890063523
     4731.8296521144
     4549.3149626551
     4366.8006819998
     4184.2868155229
     5015.7406960644
     4833.2255317069
     4650.7108595364
     4468.1966436514
     4285.6828822635
     4103.1694380737
     4934.6240202670
     4752.1087979907
     4569.5940009966
     4387.0798171409
     4204.5660583893
     5036.0197622788
     4853.5046279849
     4670.9899799356
     4488.4758536507
     4305.9621951455
     4123.4488978575
     4954.9033560716
     4772.3880739929
     4589.8730930694
     4451.4330725980
     4224.8450514372
     5056.2987291571
     4873.7837742999
     4691.2692800589
     4508.7553107406
     4326.2417343230
     4143.7285813117
     4975.1821413900
     4792.6667700397
     4610.1521828129
     4427.6377619326
     4245.1242471549
     4062.6111786545
     4894.0645916372
     4711.5493426058
     4529.0344379932
     4346.5205844269
     4164.0070010828
     4995.4602796446
     4812.9449239739
     4630.4305376149
     4447.9165016455
     4265.4031881154
     4082.8896035933
     4963.4871531338
     4731.8276233231
     4549.3132396728
     4366.7995131189
     4184.2861435751
     5015.7391847649
     4833.2238978570
     4650.7095190115
     4468.1956325067
     4285.6822968677
     4103.1691190119
     4934.6223937955
     4752.1070843558
     4569.5926288589
     4387.0789452757
     4204.5655248066
     5036.0183837901
     4853.5033171492
     4670.9888192066
     4488.4750815138
     4305.9617481663
     4123.4487057554
     4954.9019383874
     4772.3866695930
     4589.8719344379
     4451.4322254906
     4224.8446212849
     5056.2975229147
     4873.7825883503
     4691.2683331933
     4508.7546491046
     4326.2412631435
     4143.7280870954
     4975.1806023776
     4792.6653978156
     4610.1510563274
     4427.6370445341
     4245.1237948703
     4062.6107283164
     4894.0631261792
     4711.5480000920
     4529.0334772986
     4346.5199123918
     4164.0065476222
     4995.4590124204
     4812.9438017794
     4630.4296848358
     4447.9159540052
     4265.4027338246
     4082.8891159419
     4963.4858045347
     4731.8263804620
     4549.3124525568
     4366.7989625709
     4184.2857106252
     5015.7379748465
     4833.2228547770
     4650.7087423266
     4468.1951323314
     4285.6818623656
     4103.1687067186
     4934.6210695912
     4752.1059997040
     4569.5919094934
     4387.0783872511
     4204.5650773832
     5036.0173040449
     4853.5022623766
     4670.9880790347
     4488.4745918485
     4305.9613890696
     4123.4483757406
     4954.9008268593
     4772.3856645808
     4589.8711216506
     4451.4316700693
     4224.8441373718
     5056.2965349803
     4873.7817165136
     4691.2676797064
     4508.7541366186
     4326.2407947974
     4143.7277066906
     4975.1794713843
     4792.6644688219
     4610.1504490567
     4427.6365130454
     4245.1233969063
     4062.6104432814
     4894.0621821464
     4711.5472350441
     4529.0328284763
     4346.5195152892
     4164.0062082134
     4995.4583906032
     4812.9431092141
     4630.4292053400
     4447.9155047630
     4265.4024197040
     4082.8888573614
     4963.4852597311
     4731.8257962657
     4549.3119453694
     4366.7986352591
     4184.2855038963
     5015.7376840634
     4833.2224088830
     4650.7083735470
     4468.1947570180
     4285.6815904417
     4103.1685823551
     4934.6209067251
     4752.1056485894
     4569.5915303844
     4387.0781506443
     4204.5650177225
     5036.0172905165
     4853.5021435681
     4670.9878820842
     4488.4743763788
     4305.9612126059
     4123.4484235142
     4954.9008880491
     4772.3854846017
     4589.8708174253
     4451.4313940023
     4224.8442578282
     5056.2967853441
     4873.7816481843
     4691.2674633613
     4508.7538230309
     4326.2404882501
     4143.7276832650
     4975.1796222366
     4792.6643499903
     4610.1501174502
     4427.6363154552
     4245.1232210101
     4062.6104481760
     4894.0622164376
     4711.5469299742
     4529.0325939011
     4346.5192381822
     4164.0063976603
     4995.4582735043
     4812.9429155637
     4630.4288998995
     4447.9153142582
     4265.4021314491
     4082.8889214541
     4963.4849818581
     4731.8253027360
     4549.3117030859
     4366.7983242765
     4184.2856278691
     5015.7370772660
     4833.2219547982
     4650.7079965120
     4468.1945575199
     4285.6812544997
     4103.1685990998
     4934.6198528903
     4752.1049570866
     4569.5911715747
     4387.0776816705
     4204.5648860837
     5036.0160744776
     4853.5011028525
     4670.9874496579
     4488.4741797501
     4305.9609554760
     4123.4481716741
     4954.8991174683
     4772.3843496056
     4589.8701134482
     4451.4308600009
     4224.8436683565
     5056.2947490106
     4873.7804953214
     4691.2670448215
     4508.7535787808
     4326.2400277517
     4143.7267325893
     4975.1767615647
     4792.6630371696
     4610.1495043402
     4427.6359770505
     4245.1228056646
     4062.6093748328
     4894.0591099631
     4711.5454956127
     4529.0321219538
     4346.5185048420
     4164.0052355760
     4995.4549569660
     4812.9415859311
     4630.4283778688
     4447.9151494969
     4265.4025622218
     4082.8893553694
        0.0000000000
        0.0000000000
        0.0000000000
     1392.2609771655
  3083579.4844330079
  2963946.3245266862
  2827507.8046252695
  2704354.7231322099
  2557833.8626777707
  3057590.1481529046
  2888194.3812964959
  2724982.5275811749
  2537581.8817714821
  2369770.8734058742
  2180610.4787716009
  2646534.6788514699
  2455724.5404265104
  2290644.5151046817
  2129576.5670122327
  1960255.3804444917
  2448311.3875036207
  2288295.2267562230
  2124604.2003648444
  1979597.2534933528
  1838826.0897468997
  1701387.1486676321
  2200980.0542636444
  2059697.2189987537
  1919836.4066757059
  1806455.7568443464
  1657059.5607670695
  2171236.3382604406
  2037755.7031591653
  1907930.2423180675
  1785972.1014444246
  1670683.3879698834
  1560399.9130147528
  2052533.8006340105
  1932432.3623113236
  1823161.8423675939
  1686937.6997864416
  1576119.3806305334
  1463802.7261653673
  1951613.7569900556
  1835939.4045483319
  1697243.3575333511
  1586989.7798180920
  1446870.9112163018
  1964261.9270270723
  1816068.7470701530
  1699137.0228438440
  1560332.5592431361
  1451864.1953556743
  1315775.5838002174
  1815999.3631312556
  1662064.5290338821
  1520857.9203877656
  1414534.6559031056
  1278119.8934518341
  1774154.5738371406
  1622079.5803521245
  1508167.5440904703
  1373719.2727716134
  1269147.1540719580
  1132166.0899426031
  1593015.8976508151
  1433244.7747486555
  1321594.8465769833
  1217600.1149195787
  1080559.1947014809
  1536611.3267538722
  1413452.2782768169
  1268090.2157339705
  1151366.8580795825
  1037345.8567284269
   919923.8702726241
  1326313.2854828292
  1195413.2661030001
  1082994.2680732470
   978034.5403609946
   866783.1072222342
  1277922.2013876685
  1155145.3073292223
  1043851.4033333649
   937615.9915603678
   839026.0811551475
   739975.2897220930
  1060670.6138737381
   940704.7537546473
   847339.2908399488
   773050.9515094986
   705456.2336908145
   634009.2223524560
   898624.9917029924
   785931.1830146051
   693238.0067358982
   621397.6741696853
   542254.7720707933
   775725.2938096849
   687173.7464107041
   615815.8788673128
   563933.5575073400
   508562.5878797307
   444234.1921872679
   624913.1081783995
   534273.7878495002
   469124.7546070531
   424117.8591766988
   373860.5629898448
   521170.5815746893
   460926.2239935345
   410840.4362820086
   370317.7144297808
   332438.9967172999
   285255.3720097965
   380862.5140105990
   325859.8897956425
   289876.1569835223
   259815.8511890894
   222304.6995077337
   299687.2728554143
   265523.5013791056
   232646.5006115766
   206333.0180629913
   178951.6377819719
   150084.1205318525
   197969.1519755815
   172758.8421551461
   154437.7142087566
   136161.6822622792
   115769.9164040524
   154480.3917873673
   135557.8038021674
   119614.3377911632
   104233.4419910858
    88981.9326552340
    73538.1951363645
    99239.8052597642
    87838.8649273646
    78227.6155132407
    67839.3568295908
    57407.7683316072
    47248.9450745093
    65612.5108192017
    58106.6463188377
    50619.8680036455
    43397.5210861519
    36336.7215453707
    50007.3035598034
    44314.4035845163
    39051.4123596227
    34246.4632693131
    29933.6352945027
    26147.0208491641
    37002.1173894195
    34085.1369748697
    31209.0737662098
    28610.8231215606
    25875.9873426048
    32613.8315948649
    29831.0849330678
    27141.7143208681
    24255.0327411875
    21699.4822212199
    19168.9513998649
    23569.8467586557
    21603.1643573787
    19981.1083582375
    18578.5093305725
    17240.5077352928
    22297.0357281464
    22046.2874301366
    21602.5043702796
    21408.7033291659
    21224.5113676090
    21006.9397073977
    25725.9886123898
    25649.8527131426
    25303.8539713750
    24668.3892433262
    23568.9383052090
    25286.9007883031
    23725.8421358575
    21735.9807025808
    19441.8715953996
    17183.5738701630
    15178.0217401432
    15372.1131400092
    13709.5315831802
    11965.5921258337
    10182.5953314189
     8440.7563321733
     6872.0913293502
     6662.1448573520
     5610.4026476788
     4672.7526831562
     4265.9183885464
     4155.8551091193
     4995.4765674415
     4812.9595320151
     4630.4432832676
     4447.9270041680
     4265.4115388207
     4082.8959118191
     4963.4974847757
     4731.8372747304
     4549.3215721700
     4366.8063598068
     4184.2912329468
     5015.7486935422
     4833.2323668021
     4650.7167466537
     4468.2012971820
     4285.6864254868
     4103.1717904378
     4934.6300038024
     4752.1141855676
     4569.5987408700
     4387.0837329508
     4204.5688114451
     5036.0257338710
     4853.5098269577
     4670.9941669022
     4488.4790295497
     4305.9643750597
     4123.4502226342
     4954.9084127262
     4772.3926848600
     4589.8770449272
     4451.4362412131
     4224.8469991635
     5056.3036911010
     4873.7879783973
     4691.2726438380
     4508.7577600294
     4326.2434206048
     4143.7297368667
     4975.1872428036
     4792.6711605658
     4610.1555663678
     4427.6400450872
     4245.1256183800
     4062.6120222063
     4894.0691433721
     4711.5531420776
     4529.0371959878
     4346.5222930134
     4164.0080267731
     4995.4643194729
     4812.9481600808
     4630.4327191610
     4447.9178175889
     4265.4039202625
     4082.8900405879
     4963.4914327485
     4731.8307098279
     4549.3152973011
     4366.8006536997
     4184.2869158301
     5015.7429302569
     4833.2267032318
     4650.7111802673
     4468.1966156141
     4285.6828488714
     4103.1696966899
     4934.6263462544
     4752.1099854701
     4569.5943249114
     4387.0798705493
     4204.5663399784
     5036.0221137293
     4853.5057506257
     4670.9903463023
     4488.4759566296
     4305.9623785878
     4123.4494135751
     4954.9059314884
     4772.3892678089
     4589.8732788046
     4451.4333210012
     4224.8452873195
     5056.3011561082
     4873.7849438683
     4691.2696723341
     4508.7554526498
     4326.2419301625
     4143.7291083884
     4975.1844332127
     4792.6677000149
     4610.1523958493
     4427.6376418835
     4245.1243209358
     4062.6116430805
     4894.0667576446
     4711.5501271973
     4529.0343694433
     4346.5205252215
     4164.0072984535
     4995.4626107443
     4812.9456406745
     4630.4305794487
     4447.9163137512
     4265.4031808849
     4082.8898114080
     4963.4897354484
     4731.8281568977
     4549.3132267482
     4366.7994992302
     4184.2866358918
     5015.7417542767
     4833.2247769934
     4650.7096143926
     4468.1955171754
     4285.6823210196
     4103.1697509297
     4934.6251259597
     4752.1081719180
     4569.5928787684
     4387.0791070662
     4204.5663207832
     5036.0214365717
     4853.5046297655
     4670.9893417237
     4488.4753064169
     4305.9620508343
     4123.4497366073
     4954.9052454352
     4772.3881393185
     4589.8721838105
     4451.4326180451
     4224.8455397742
     5056.3009328768
     4873.7841934599
     4691.2689114358
     4508.7547812731
     4326.2414436598
     4143.7291821836
     4975.1839304018
     4792.6668791470
     4610.1514888225
     4427.6371155749
     4245.1240402621
     4062.6117813003
     4894.0661916685
     4711.5491547296
     4529.0336504815
     4346.5200860510
     4164.0076658868
     4995.4621088109
     4812.9449013470
     4630.4298893906
     4447.9159203667
     4265.4028850134
     4082.8900074343
     4963.4889702300
     4731.8269864493
     4549.3125918688
     4366.7991306417
     4184.2869446901
     5015.7406865107
     4833.2236906451
     4650.7088549821
     4468.1951808214
     4285.6820452275
     4103.1699254888
     4934.6233158801
     4752.1066547689
     4569.5920579392
     4387.0785764436
     4204.5663302036
     5036.0193669157
     4853.5026174651
     4670.9885170464
     4488.4750204507
     4305.9619382698
     4123.4496400313
     4954.9022879872
     4772.3858192141
     4589.8709020312
     4451.4319565522
     4224.8448604850
     5056.2974362968
     4873.7819106423
     4691.2682761496
     4508.7546485051
     4326.2409727385
     4143.7279345490
     4975.1788719695
     4792.6641765720
     4610.1506550383
     4427.6369443053
     4245.1235733740
     4062.6102492342
     4894.0606006316
     4711.5464984803
     4529.0330732075
     4346.5190701157
     4164.0058002222
     4995.4561379600
     4812.9426477918
     4630.4295081648
     4447.9162778285
     4265.4039438620
     4082.8907310010
        0.0000000000
        0.0000000000
        0.0000000000
     1392.2609771655
   571993.4556535748
   538781.3293131288
   502734.3969614315
   467120.3770532007
   396333.9657798377
   914134.3118413242
   806988.5379020034
   714579.4546233312
   621237.7847233186
   530647.9110355398
   420087.7553150667
   902171.7306881711
   762088.1709347786
   642809.5510993764
   545159.9315215113
   448002.9480503557
   952207.9159850366
   841038.6265560507
   740919.8086840145
   654787.7398680879
   578312.1836253742
   499470.2193757554
  1018923.8289871942
   928142.7185404859
   842717.7880751402
   774178.9292134771
   678970.9965367847
  1231297.6478476541
  1152025.5956864799
  1079217.4622751123
  1012104.2689008443
   952548.9916603528
   895807.5182092537
  1429154.6301190509
  1359493.2046469438
  1301440.7961579028
  1205520.1752433798
  1135255.0502802683
  1064053.3922439597
  1580959.0712753534
  1503088.5212629843
  1397740.0507241883
  1321714.0561743986
  1210880.7886893069
  1752086.9842287228
  1632713.7109569479
  1547764.6006792253
  1439577.5929368830
  1358762.7108170486
  1245837.1540093804
  1771484.6105694273
  1640009.2082346499
  1516717.1904481957
  1423396.4141204704
  1300091.6595698372
  1821130.4816289679
  1690590.8976616538
  1594073.7273743805
  1473157.0346682922
  1378655.7440882539
  1252353.1724537418
  1742876.8344970380
  1596662.6358086651
  1493132.5892129231
  1392864.4674579795
  1259406.4664572249
  1751392.4034084096
  1633497.6979397119
  1492738.5066816923
  1380330.9054595339
  1271619.2980668745
  1157283.9156596933
  1618642.6001993348
  1494181.0139922223
  1384179.1393354367
  1286705.7738621277
  1171889.0025659471
  1653393.7288888660
  1527294.8053387527
  1413810.1770112622
  1306150.6551754405
  1200287.8543097456
  1097120.8039044691
  1539079.5451811347
  1421875.7425890123
  1322738.4765922499
  1217867.6210546356
  1131983.3008449499
  1038829.0349962653
  1475373.2269265477
  1356449.8071353533
  1227175.1865168030
  1125677.8690108401
  1005057.0599602784
  1460404.0082598052
  1329146.6744672323
  1228170.8883453992
  1118795.9754870345
  1024156.7246834368
   907654.7870004803
  1309389.5815251945
  1169947.7229897152
  1046402.7001025757
   951489.8278196520
   845571.9727754879
  1257811.3982306956
  1131972.0473604796
  1026751.9526046392
   929754.6955506901
   841922.1231017966
   741218.0526333777
  1098118.5169306346
   969719.6274105896
   880334.1661457660
   804227.3766395510
   705045.2389735773
  1029246.6716008324
   940009.2412375901
   842368.5729309611
   770432.0305607396
   699672.3500942847
   626519.3465548629
   911129.4184594115
   805502.2955524039
   721706.7752634562
   649322.3507767228
   571141.3021392216
   822146.7439808856
   730238.8907409848
   653958.9734211995
   598646.9845731651
   553503.4384016539
   499435.4810568200
   716921.8436832706
   635056.5323716535
   569248.8558563752
   518574.2375027591
   479804.7257733792
   431717.8478338582
   607122.1487737042
   534797.4524527496
   478985.4280946798
   434875.8628295928
   385934.6387862763
   539836.2054228256
   484713.9747513153
   437972.1179258289
   400938.5963572441
   367802.2545523017
   326525.3619439020
   452421.6885094793
   396555.2873648069
   353651.4597126594
   320307.1180630983
   281652.5300320903
   391921.4019981874
   348793.9342033333
   314214.6558798476
   287473.1000338994
   261445.0256123810
   229312.6447392396
   312421.5948226665
   274631.7106883124
   246528.6155047530
   223794.4489188804
   195928.6162639815
   269698.1165458098
   243050.5159605667
   217397.7800046764
   198658.8258324027
   178058.1742228236
   154613.5957022990
   205826.8916597951
   182305.9495508230
   164411.8676475800
   148485.9070015215
   130339.4056751689
   175451.0459349176
   156901.6352277940
   141219.2941153774
   127769.6155804845
   112909.4714640451
    97340.2703274070
   127751.5897144582
   115157.6347231297
   106170.4244391080
    96705.6635865485
    85906.0571337961
    73591.2133999475
    96454.4537366199
    87109.2511482419
    79071.8545130492
    70079.5450878149
    60238.0903264119
    79874.7169896448
    71553.4809262678
    64325.1639622001
    57122.8735036218
    49911.9997831825
    42821.3104406108
    59429.7503750021
    54056.4188424547
    48586.4101594435
    43078.3473725229
    37431.9480897423
    50913.6224560185
    45955.6397627385
    41376.1035775761
    36775.7824954598
    32528.4935297043
    28353.3860953400
    38329.3368641615
    34764.4762547617
    31573.3775878244
    28371.4967957682
    25101.6169902620
    32987.2072893030
    30098.7433674247
    27019.6048991966
    24083.2324802484
    21260.5842046715
    18636.7643980068
    24253.5093668915
    21931.4550217180
    19700.7647914291
    17619.2047021443
    15614.3439244104
    20327.3499889029
    18625.8799934240
    17013.7496087090
    15541.1028376036
    14175.4491442156
    12907.7539812119
    16901.8782684448
    15823.2172600054
    14800.4051664927
    13834.0639161525
    12945.6315581010
    12155.0206872196
    15231.5998540286
    14630.0913953737
    14071.8163655705
    13583.2601970018
    13131.3034508502
    15260.7251407376
    14932.1042410958
    14574.5137675192
    14182.6205416042
    13772.1573978982
    13304.8520610769
    15360.8975420107
    14740.1833899501
    13937.1331855866
    12936.7919023474
    11894.6875829443
    12926.1923579994
    12025.5879923685
    11134.8064008442
    10587.2821019873
    10295.5590777228
     9982.6449422242
    11149.6814075496
    10392.5111274555
     9331.9687136618
     8319.1662369395
     7644.6788543654
     8506.6712724508
     8190.5072801282
     7798.1825820916
     7333.9764184846
     6807.3482763894
     6286.6922597779
     6833.0609252943
     6149.2027207441
     5366.2292432002
     4673.7486970283
     4176.9517846237
     5042.7048248094
     4873.7994190465
     4691.2828089624
     4508.7666724664
     4326.2509075107
     4143.7358115733
     4975.1959429118
     4792.6789938144
     4610.1629287280
     4427.6466525047
     4245.1311409795
     4062.6162952583
     4894.0764603758
     4711.5597366562
     4529.0430236346
     4346.5274723165
     4164.0118141051
     4995.4712681790
     4812.9537436424
     4630.4377588521
     4447.9218541332
     4265.4070182210
     4082.8918041016
     4963.4963268518
     4731.8351859255
     4549.3193733683
     4366.8041560864
     4184.2890215543
     5015.7475276699
     4833.2306230972
     4650.7150393252
     4468.1995146192
     4285.6847452822
     4103.1703195042
     4934.6300332819
     4752.1137052947
     4569.5980263689
     4387.0827813873
     4204.5677310261
     5036.0255091897
     4853.5095253807
     4670.9937928769
     4488.4784988531
     4305.9637132822
     4123.4497395855
     4954.9089937504
     4772.3930491369
     4589.8769137038
     4451.4358867730
     4224.8463534867
     5056.3041818391
     4873.7885699863
     4691.2729811367
     4508.7575975432
     4326.2429801179
     4143.7295936721
     4975.1879458546
     4792.6717839645
     4610.1557985891
     4427.6396451704
     4245.1251611156
     4062.6119239149
     4894.0699428108
     4711.5537370039
     4529.0371292828
     4346.5218786475
     4164.0078633838
     4995.4655408395
     4812.9489016448
     4630.4328052760
     4447.9173773998
     4265.4035092214
     4082.8898356292
     4963.4931074691
     4731.8309944019
     4549.3150965713
     4366.8002346429
     4184.2870916045
     5015.7444942017
     4833.2272657247
     4650.7109707224
     4468.1961532350
     4285.6825204005
     4103.1701116788
     4934.6275559176
     4752.1100919849
     4569.5938729475
     4387.0794780482
     4204.5668097881
     5036.0233288377
     4853.5055620656
     4670.9899804820
     4488.4758164907
     4305.9624964478
     4123.4502947162
     4954.9063607681
     4772.3884647953
     4589.8721335438
     4451.4329014619
     4224.8455226675
     5056.3008305127
     4873.7838932056
     4691.2693888147
     4508.7555821348
     4326.2418658906
     4143.7289987371
     4975.1816097971
     4792.6655351132
     4610.1516287641
     4427.6376799094
     4245.1243030709
     4062.6110599405
     4894.0623518129
     4711.5473936779
     4529.0337890754
     4346.5196710800
     4164.0062993869
     4995.4572894839
     4812.9434720172
     4630.4304488996
     4447.9172304971
     4265.4051271978
     4082.8919264270
        0.0000000000
        0.0000000000
        0.0000000000
     1392.2609771655
    15221.9855268168
    14469.7242447310
    11519.2539565545
     9352.0289608573
     7198.3755112051
   101229.0525959144
    78558.3066239253
    75939.7640967703
    68895.9391346018
    57617.8704684673
    36828.0504184123
   242476.6161452772
   171321.2234710573
   129115.4365631737
   101309.5596233215
    70056.1348941995
   348233.4608885459
   268442.7774895513
   210645.2068954117
   173293.0573002002
   143975.1481266607
   110060.2731718730
   434737.8339745931
   345227.7281627994
   275467.3373969413
   223173.7469519862
   169480.0117353300
   543249.8837364751
   453967.6587956532
   381526.9582971712
   330074.8631463079
   288881.6314211451
   247177.9730929764
   652863.4421534385
   571071.1211838085
   492350.5538173711
   415287.6757675547
   358674.0140875169
   304602.6654333729
   723332.3032633469
   638196.1744800920
   540303.5252331800
   463079.6796226861
   378222.4529008945
   840154.0360661851
   731205.5312304187
   645407.4208126338
   558094.0253636636
   494431.5295457789
   417172.9161281402
   875664.8721085190
   774558.1140317300
   669173.1364205463
   579865.3006190759
   481909.0074463240
   936590.4439211965
   840339.2354741994
   763628.7583671355
   678494.5270873719
   605581.5019480222
   516038.6180892236
   949080.9673495872
   855805.7057379029
   772169.1892615564
   688280.4779975894
   585464.6161116888
  1020159.7278526356
   932627.7073150432
   844292.3083624308
   763111.7898290043
   680062.8613693842
   592959.5582941705
  1007026.0206309309
   919124.5249764373
   839626.4073121877
   765028.4852801223
   664210.1927691428
  1101242.3323848974
  1002723.8728673038
   919603.6508178457
   844075.3883645461
   770060.0407853974
   697802.5409985348
  1124564.6808120362
  1041474.4978358127
   977533.4263426597
   894753.3788477997
   825334.4773469607
   746428.1653930235
  1174366.7525245869
  1080995.9897769182
   982273.7434646162
   912410.8230108151
   811470.3525884510
  1297474.1725001012
  1179262.4682463268
  1096341.1602892221
   998085.5146757363
   921893.7287073082
   815103.0585912473
  1280729.2085585245
  1156660.5522792027
  1048499.6887105558
   969344.5243077864
   866671.7211319275
  1338957.5324781025
  1219590.0134963610
  1126530.7154358467
  1024284.4875292676
   940630.9408932454
   832089.0002806257
  1253721.1512518583
  1125028.4726675726
  1028485.7625437937
   945710.7348381550
   844362.9763383124
  1300217.1297109169
  1201345.3088499997
  1093871.9247343682
  1005277.1357781087
   919333.6465888029
   827621.7577006029
  1240654.9215617725
  1124915.5032793893
  1026548.1057834170
   939402.9111174762
   840875.3413729784
  1276617.4434122955
  1172608.0547343506
  1084128.2384766359
  1001318.4046249691
   915566.6705458881
   823640.3523868979
  1227694.2393713433
  1118692.2008829366
  1027413.8930367532
   939760.1826988837
   863296.0741716054
   782642.5135980315
  1135376.4012195838
  1039718.7577756123
   943689.3302816367
   860067.6243067204
   763569.4762485890
  1133549.0398834341
  1027022.7508912404
   948172.7360516390
   869617.0241466501
   799134.6398017596
   709981.6581839204
  1044837.1465149588
   933316.9661907362
   829329.3520074796
   744076.3287905449
   650167.5198177261
   966445.7062511379
   857346.4405678849
   781148.0890585555
   711155.7824936529
   652673.3192770444
   585482.4846050838
   860049.6401308706
   763585.8010665390
   690181.1587406932
   625725.4431213527
   544494.4850733116
   787068.2034854065
   704429.9360502805
   625085.2286869818
   570328.4678397548
   520542.5983369793
   471693.0624593007
   686664.3126817362
   613871.7507354048
   550049.3709639149
   490767.9670809354
   428412.3574153394
   627052.2838267371
   554352.2736483655
   495881.1779601707
   451635.7446868245
   417653.1562636219
   378514.4892583147
   556013.3226847012
   492258.4528170560
   440009.5929235840
   399352.9003892489
   372852.0149225366
   341204.9261768779
   482264.6953625637
   431054.4451747705
   388209.6558963140
   353028.7910116808
   314088.9473850010
   439501.9305659304
   399722.0042920350
   366115.2144798068
   337008.7519399501
   309529.2981853229
   274436.7552211332
   384178.6433371609
   339837.1579047900
   303210.8314274516
   275063.5620184938
   244247.8563644579
   347852.5019695711
   312853.7490819613
   283741.5944746427
   260854.7783779536
   238764.2422477393
   210316.7287278849
   291941.9508025941
   256327.7474324790
   231106.6055614175
   212592.3933427808
   188502.8088070655
   267045.9363357915
   243941.2327903129
   218891.8940375762
   201926.8311578147
   181912.6287461591
   159651.5594254935
   216382.2321107527
   191545.1877047761
   174320.0250917059
   159897.0094125404
   142094.2563062986
   197421.2685948689
   177410.2476661538
   160660.7914610272
   146804.1494172279
   131191.4360516717
   113900.6487359709
   154543.2730653336
   139676.2978552978
   130153.2737591148
   121492.8363285380
   109454.2743621935
    94634.0526905035
   128490.6771938356
   117096.8739632329
   108258.3849365357
    98057.8995659677
    85274.4254092484
   115962.0166539214
   104463.6286579522
    95112.3561804267
    85176.5020050749
    75432.5979082354
    64945.8345239851
    89430.6943919002
    81985.1096565636
    75138.6380440151
    67936.4241063509
    59546.5839324792
    80799.6595337977
    73659.0883197606
    67335.3004875315
    60539.6511496329
    53769.8157341826
    46804.2727062642
    62983.9045577024
    57676.1685264959
    52484.1819382839
    46886.5376315729
    41126.0294085383
    54736.7647701260
    50105.1280121334
    45155.6377578831
    40638.8286452438
    36176.4610918854
    31877.2345510271
    42604.5550690942
    39043.6451070623
    35455.2525206075
    31945.7458438257
    28331.8886633706
    36662.7746025090
    33656.0876550721
    30685.6347101346
    27759.5059681431
    24891.1742955658
    22202.6303125378
    28424.7450381300
    26128.1600582513
    23899.8793503767
    21696.7268011512
    19642.4475570881
    17799.7498268372
    23099.6082750630
    21660.8851854667
    20253.7594986089
    18864.9332091066
    17460.7944371809
    21812.9751272094
    20504.0033272457
    19184.7362380485
    17842.9105116068
    16459.2034192862
    15123.9628933945
    18460.4233538379
    17049.8815801849
    15625.9364946104
    14161.4959320427
    12726.4629866693
    15230.6443929287
    13944.3691373023
    12789.8551326054
    11739.3947206513
    10793.9427368315
     9969.5670194779
    12634.2639499702
    11822.0382248099
    10933.0846316688
    10036.6408113933
     9193.9164359051
    11108.2952966071
    10368.5203593258
     9671.5789325858
     9024.6075785813
     8464.6690015268
     7972.1013592188
     9663.6540112202
     9295.5842800096
     8905.3394414859
     8521.4108267375
     8036.0958957499
     9456.7653424609
     9064.9174288969
     8663.3983840661
     8259.8827002448
     7813.3499676596
     7297.2801004087
     8112.3098173968
     7807.8871864859
     7583.6258622599
     7285.4360392539
     6954.6693000353
     6578.1105402635
     7216.4424238816
     6642.1822288980
     6049.4147695033
     5566.6544829801
     5306.4687320949
     6358.5154302116
     6225.2001996283
     6022.3657539888
     5785.9118645417
     5591.0674793203
     5408.5050235931
     6369.7270941340
     5976.2467981792
     5536.7627113177
     5115.2486238219
     4816.8509202525
     5515.6941379956
     5099.1794172394
     4684.7493991282
     4437.1279590777
     4285.2880950153
     4103.1787522061
     4934.6426006862
     4752.1244713289
     4569.6068914629
     4387.0901923920
     4204.5736965685
     5036.0365355013
     4853.5183211636
     4671.0006353536
     4488.4837624184
     4305.9676295266
     4123.4522520454
     4954.9169606600
     4772.3988359338
     4589.8812339303
     4451.4392652969
     4224.8482238032
     5056.3101316423
     4873.7921116546
     4691.2751942588
     4508.7592818976
     4326.2441382867
     4143.7302614730
     4975.1910513509
     4792.6722156531
     4610.1557490802
     4427.6396244966
     4245.1255162459
     4062.6121172764
     4894.0684850526
     4711.5509339666
     4529.0352224337
     4346.5211262079
     4164.0068556791
     4995.4602175378
     4812.9447659196
     4630.4322410697
     4447.9192212705
     4265.4073419498
     4082.8942164796
        0.0000000000
        0.0000000000
        0.0000000000
     1392.2609771655
     4626.0836959414
     4624.0731334696
     4426.7605817463
     4260.3065343594
     4118.4063041136
    24428.5189023710
    21234.1204648618
    18964.9735588762
    16022.3019764805
    12195.6426430994
     8176.1623259690
    73581.1644126137
    48497.7411564604
    35150.6783139754
    26458.5344774093
    17996.5092302246
   133550.6344997390
    97742.4277392746
    74241.0513632749
    59188.8446760130
    47214.9299455873
    33836.1940701361
   199538.3825352103
   144667.3013726830
   107473.0098425907
    81108.9022311804
    57033.6610008078
   258782.1050747941
   196966.0031956728
   153002.9972840271
   124842.9586858490
   103808.5400639376
    84824.0060070342
   321291.7136559096
   257718.4165341161
   210108.5209765706
   168680.4089209954
   139901.7295587486
   112674.0242508987
   374901.1859696523
   304969.5510234890
   240150.5959502479
   194861.2846750220
   147941.0927085900
   447105.6343413725
   363066.9313434508
   303145.1139107986
   252234.2522365225
   219653.7645431938
   178233.2995613015
   500428.3679954873
   417665.7021141837
   339691.9420988493
   283193.3545735350
   224756.4648736425
   565071.4655188707
   477940.8966919294
   409728.4851042867
   347293.3624506611
   303706.6558655569
   251356.0305786906
   603294.0776391997
   521100.7210913802
   440313.0363558295
   368614.6880269259
   297039.5537629602
   657219.8655095174
   579200.1868955424
   500506.9473022798
   434668.9117689190
   372349.0381132812
   312433.6809779030
   673002.4726827001
   598413.1519786684
   521105.6967724890
   445483.5189239829
   365204.5190192825
   730084.4614826348
   647230.6219625402
   570773.1510638939
   504578.1456667707
   441155.8413091028
   380037.4943835059
   743041.9386161875
   677583.7628904181
   615290.7020367210
   541365.2647968301
   473296.6120308926
   403088.2103792641
   765470.1492239343
   695500.7444279509
   615810.2896546352
   544448.3372074674
   453326.9538263502
   839484.7587688614
   741006.1563935685
   667562.5411467707
   587529.9659929237
   522565.3732638090
   437810.9564159280
   815402.1957161651
   724092.8405460945
   642311.1965092082
   575599.8714926091
   482528.5254157434
   872038.4226924131
   769265.9528744075
   695211.8843663819
   615821.0666216669
   548042.7577414473
   459308.4559919126
   823061.5351018938
   727156.2995506382
   658979.0519122330
   587643.6836391209
   494691.1568055672
   882837.9889747907
   784521.9695712290
   700660.2841402780
   633267.1826869043
   562528.1584705343
   478656.1388142870
   835599.7971854727
   735623.9861780962
   664929.6949304739
   602840.0657117028
   513964.4976521129
   919092.4887746446
   814843.9829738524
   729826.8258751688
   655137.9109420294
   586408.8566391929
   513494.8209936182
   881250.9723368346
   787170.5274136644
   731631.3678054054
   666533.9170799098
   608529.5917538817
   536452.3540516736
   908909.2513607001
   809259.6678763706
   717403.4897064622
   649951.0287342229
   558750.4089464534
   978172.1837219448
   871039.4136053581
   800318.9387394412
   720335.3483008156
   656602.0724190680
   562029.2626546212
   941528.5494676579
   822413.1206425495
   729142.9472669143
   661853.3443315806
   578512.4421423862
   954895.9112635509
   850954.7148157854
   777432.0306125894
   696636.9443342389
   629790.6535587958
   535522.2119080581
   886563.1805400425
   762976.0515597091
   682025.2288133394
   616142.5475996318
   523550.2382302630
   887534.8675179214
   796690.9740945479
   707614.1746719183
   647063.5693269609
   586318.0157982724
   519689.5844451375
   862300.6434515010
   764105.8619490449
   685739.0323480312
   617126.8613119088
   539370.8776154785
   883689.7472144059
   785822.9724683797
   715178.4362654957
   658703.8688666947
   601403.1156594470
   541697.0221929013
   873870.5996603203
   785892.6486808846
   717810.3985046699
   657484.6602915634
   605022.0192166152
   550671.1075843840
   850322.4888616181
   755101.3226427319
   683352.5077083646
   628400.9573104215
   563279.5469318484
   846207.7860892060
   750307.3985793360
   689665.0515662193
   634398.2740425457
   589084.6420800892
   525662.6397043214
   797312.1629652061
   701900.2512589622
   624780.5936211613
   561651.5242708911
   490381.5264388176
   743479.2661568704
   644224.0912433411
   578987.9295255331
   525793.8545010093
   491806.4819414899
   443206.2915688388
   675783.0772923406
   594625.0241410627
   535561.0521506947
   480711.4211358298
   423882.3164968023
   630790.2184831513
   560000.6070037513
   507920.9547316944
   466061.0372578478
   428043.4407784340
   389428.9507484468
   578407.3839451154
   518411.8969171531
   464420.8577509373
   417562.5293082641
   363515.1677768314
   537582.0362740470
   479088.2218491593
   429777.9822118241
   392623.6687055780
   361552.4906958115
   327878.4493927431
   482433.7211150871
   429544.1734040576
   384755.9063104334
   347802.0547058113
   320735.4946055431
   292900.5214178694
   417900.8526897672
   376718.2928979913
   341685.7358878391
   314691.1880703302
   280567.2133333037
   399024.2184559051
   361659.7208477077
   333199.4451496593
   305730.7863493289
   283689.5694597200
   252711.0338794845
   356035.4363044741
   318780.1748516227
   283399.8276862991
   258760.1251652510
   228227.3808200450
   324579.6785208094
   290344.5346265449
   264137.5894678363
   240975.3160430582
   222363.5981110850
   197443.1865606043
   277271.1111289784
   245451.1399919165
   223986.6999968118
   208589.5602136358
   183892.2611906276
   259854.9028701684
   241160.7653436702
   215586.7940622040
   199480.7502280765
   182075.1189642826
   162138.2030272120
   221893.7794777921
   198882.9253915198
   180568.3434167736
   165818.9894463463
   147521.2530801827
   205868.0040755861
   186423.7966953175
   169890.1156390293
   156281.1312434644
   141140.0418727593
   124488.6189875422
   171234.2509166364
   155263.4480863759
   144267.1503286711
   134154.7454564650
   123002.2272803627
   109231.0628817284
   149749.0520160529
   136730.3367283592
   126370.7583807204
   115956.4256464645
   102922.7465593156
   143230.3617636601
   130784.8552094651
   120278.5965336371
   109780.9592908727
    98380.9650818617
    85651.0899254629
   117975.4613691523
   107300.2324529875
    98140.8123150812
    89552.2432945017
    79278.6520677881
   108717.6271929461
    98499.2226954228
    89934.4507819581
    80998.8898180805
    72766.7881913530
    63214.9507757500
    86784.4976706007
    78739.7479430599
    72611.8491872736
    66336.7419048903
    58547.4554385396
    79947.4755565345
    73868.3850449386
    67339.9748555082
    61622.4870802794
    55697.1299449501
    49423.3302264083
    67203.5610619853
    62247.2763486995
    57332.2122709300
    52036.4185140295
    46308.2220485592
    61673.7901263304
    56499.5466458606
    51496.0812681207
    46448.1243391808
    41299.8957426092
    36413.5210476821
    48917.5074020580
    44964.2912393741
    41204.4142113762
    37189.3461194453
    33435.0776018219
    29915.0530813786
    40098.1992487788
    37211.1248610770
    34107.7325955944
    31263.1646248612
    28349.3876775817
    37601.2628286106
    35107.7583752078
    32888.7569945115
    30366.1554582972
    27980.7753107442
    25297.8511992651
    32882.2615868820
    30408.7519794099
    27818.4094738994
    25371.8280579495
    22783.8066972104
    29072.6736112807
    26817.5472650560
    24858.9021758146
    22753.7861816713
    20956.0710961867
    18989.5264682685
    24405.6551869025
    22638.1258609102
    21088.5373564090
    19559.1561005897
    17787.2952086475
    22096.0599313595
    20784.1415193449
    19281.4527518613
    17981.0946238773
    16701.0440741883
    15483.4555412502
    18549.6033988192
    17470.3602144415
    16394.4381674634
    15337.6064537679
    14230.4153958960
    16030.0348192515
    15141.8522575629
    14275.0916686546
    13391.2763093076
    12520.9882012845
    11667.7069557198
    12631.9629853673
    11903.2987831697
    11106.6911819602
    10283.2333461726
     9499.1900381866
     8636.0291839669
     9240.3404635039
     8638.3974207143
     8267.8935034866
     8070.1397153410
     7779.4327250566
     8600.8717332493
     8193.6857557522
     7789.8864431427
     7591.8983294736
     7915.0446574844
     7865.2608878561
        0.0000000000
        0.0000000000
        0.0000000000
     1392.2609771655
     4700.5454624917
     4643.6453190029
     4474.2008601789
     4303.9867871231
     4125.3030508372
    14000.8211110598
    11569.1587113511
     9836.0747071094
     8189.8792994250
     6470.0251067040
     5030.2667786915
    25787.7835919540
    17591.0068181796
    13354.3606969298
    10558.3769423658
     7907.7244060386
    49890.8769802194
    36749.9460047856
    28591.8781214202
    23287.9277446947
    18938.2211616680
    13684.8892221285
    83646.2579298095
    59961.3871905493
    44624.3728719979
    33587.9471498292
    23553.9149334508
   125195.1876700697
    92800.4913324947
    71250.2562793034
    57524.6863684181
    47116.4860779106
    37811.8721790390
   173041.3265296447
   133195.4014469864
   106024.8859410283
    83519.3834850588
    67988.6328687079
    53959.4192289431
   217488.8588948924
   169817.5047232751
   129451.2657245940
   102590.6780182092
    75109.0943533073
   271335.1264458135
   212241.4310372569
   172537.7254469443
   139121.0891941152
   117739.6063727438
    91375.3383353801
   312597.4034915932
   249574.1348406720
   196771.6704120690
   159092.8003978771
   120405.2129444698
   359329.6744240675
   290862.9363657681
   240848.5821079261
   197240.1987999437
   167849.2035945182
   132237.6993838191
   380876.0092596690
   313206.3836406209
   253777.1578968766
   205905.5228652313
   158305.4214004271
   418869.3168218017
   352352.8508795431
   287331.8605341300
   239157.6683703161
   198545.7651371448
   159682.1029300700
   427851.8093669957
   363177.6203407046
   296551.9426908593
   238975.7275793629
   185913.4709972114
   469831.7319043066
   400387.2730174321
   335128.6119027495
   284178.6186949263
   239836.9294457085
   200392.7090183049
   495752.7319120766
   436336.7151559143
   376588.0587588860
   316088.4410153825
   265261.3904803490
   218820.9143458105
   518716.2780155406
   456877.2607188417
   384603.8845147822
   319227.0050694562
   252610.9022549040
   580789.7345516881
   502579.2483010842
   437662.1137740680
   372827.9368311723
   319433.6400109403
   263587.2294610735
   582710.5604600919
   518853.9280197995
   450176.4161504801
   383326.3172787732
   307201.9302981767
   637733.8978994553
   562903.7973769677
   497845.9902103869
   428186.8874434895
   365904.6395529046
   303119.3378732047
   613667.0131245889
   551957.2526965087
   495104.7277906136
   426027.7927073105
   343506.0865349863
   677783.1787982722
   598173.5048555017
   530442.7355447992
   467478.1635101221
   398698.4730187941
   333604.9947174327
   645684.5409641913
   578341.4020177022
   524062.7888382342
   463239.0552446514
   380734.9425710902
   724078.8516822009
   639667.2665016764
   574219.1211879975
   514984.2054006275
   453607.0560372612
   392743.3915009276
   722018.1433469112
   657992.2873131948
   615030.6541864199
   550923.2478005856
   488226.8815353498
   416516.5240161534
   730424.3364675123
   658110.1484860707
   590452.2304709934
   534698.8622597664
   450675.1922553849
   803706.7525369093
   705845.5103094818
   636500.8072712818
   558201.4532070898
   497100.7266375029
   419301.0195252798
   747950.6254495867
   660159.6393151198
   597001.2466642329
   543388.1270168225
   465647.7268681076
   818870.5607731709
   715523.2958608648
   647430.9125150052
   569617.6540833038
   511060.3657755027
   430212.7319589691
   736113.2106823338
   642018.6249086068
   587771.0176476641
   532157.8567821364
   456280.7700611043
   791781.5056928881
   708609.4667064134
   633068.4504731109
   572474.0019719057
   507460.1190629664
   431176.8532431874
   721902.5080182145
   631556.1602538461
   574264.7752848865
   524742.7378361997
   458058.8729496511
   790545.8038357930
   700248.9037033662
   630006.9480889736
   570383.3764844020
   509381.1536105169
   440630.9988363398
   731350.0556571295
   648049.9066575376
   598790.6912872870
   549243.3674006616
   494283.3342681877
   427658.7759221336
   704401.5746770788
   611525.2245076704
   542829.3838781203
   491148.2392428532
   424511.5696755510
   753048.9568090758
   658966.0703185460
   593828.1884427055
   532275.1513330245
   479110.4785362362
   406550.3648569061
   694982.3363381509
   594394.7351337682
   533416.8573832194
   489721.0784133844
   430574.2032023023
   725016.7441179767
   630820.6425935597
   566096.2993700544
   510048.5138561139
   462099.7115917123
   394145.7357531211
   664446.8227012339
   564572.6860366039
   510192.9176958333
   464064.5448885518
   401418.2732614083
   675193.0481882568
   589649.6397903876
   519703.3760598665
   474163.6986875386
   428798.3655193999
   377113.4191654488
   641340.2724510890
   553577.8802766192
   497242.2986670185
   453475.0156329644
   394109.2797273897
   651088.2142467086
   567041.1762878805
   507578.3333444577
   462787.4402081225
   418287.4110933463
   373660.1094751800
   610414.4049443777
   536102.6150464563
   487293.0299366426
   445152.6098411830
   408823.9348249905
   370191.0460068397
   589259.8132899900
   515885.2054896068
   457786.7609427627
   418108.8236465046
   364063.7999086124
   593849.2820761832
   517735.4830115087
   467471.7120683918
   422662.2265790347
   389934.9924047898
   341263.1720152409
   554669.9922374409
   477794.5106407256
   425503.7079029848
   389891.8759207152
   343827.0897772490
   528421.2544429917
   462688.9719224095
   421130.4553033271
   383487.0860359519
   359801.9206403721
   319321.4060666353
   488243.8065346988
   425965.2332036732
   389465.7473071966
   355927.5675315227
   314091.3704670027
   463315.1307004920
   420417.4247356984
   378403.6056723782
   349386.5108028226
   323567.8804355841
   293064.2725947010
   439659.1564135812
   392571.3313986182
   353574.9629241571
   319412.9037585141
   280615.1382063180
   417742.7414295230
   371593.4741331400
   336350.3621785992
   310916.1951834690
   285043.6168471476
   256811.8929618715
   381182.6502290714
   339559.6039552751
   307485.8382603900
   283484.0432271337
   263173.2473668326
   241832.1574537379
   345031.3675595860
   314728.5074005494
   285697.6570479004
   263980.9801955063
   237345.6338686982
   342169.2444914051
   313174.1771118027
   290237.4372132542
   267425.5670962477
   248004.4589349389
   219996.3378196340
   314332.7252122811
   279968.8422024926
   252315.6968688302
   230852.3242913703
   206648.8249996630
   298843.0215398752
   270594.6308715150
   248575.7043516076
   228663.2852866522
   210621.4172669906
   188070.6207962270
   261076.2057291781
   234674.8718904504
   213830.0695702921
   195300.7809956012
   174609.0984144633
   247490.6352599482
   227347.4311678654
   205072.6302167245
   188717.6151313494
   171988.1291531622
   153328.0511283957
   215975.6291660888
   196054.7286206478
   180254.1441646445
   167074.4500617643
   150286.1090495245
   215262.9516177263
   197366.1369756749
   181425.4578518314
   167705.9260513941
   152335.2582338448
   135676.2801479897
   187887.7815205271
   170722.8408479229
   157799.8013484981
   147340.6190272208
   135944.4411556488
   121764.1036695280
   166028.7338522142
   150790.2110395580
   138621.4831767133
   127967.0787917120
   114511.0547351328
   158577.0459844491
   144097.1843708071
   132306.3017827791
   120984.3780330264
   109398.7077266407
    95906.5620328687
   132222.4744877272
   120341.7185931713
   111136.7554181626
   102818.5997623684
    92073.2178025768
   128548.3656368576
   117630.0203963586
   109026.3156978236
   100282.6453819998
    91609.8778042904
    81000.6790955295
   111437.2226921310
   101902.9151558741
    94904.9705363727
    88004.9349970947
    78920.9902092014
   107667.7517170441
    99408.2602939033
    91095.8624938384
    83636.0499870139
    75621.3662845912
    66826.0551071104
    89064.7671387584
    81387.7782874005
    74796.0694020695
    68481.5728147690
    61108.0995710500
    82270.9530393337
    75943.4494829135
    70484.3966245828
    65636.1700861938
    60882.8429916858
    56406.5705424797
    75449.8727802370
    71764.3458693641
    68721.0211187684
    66024.6115670492
    64143.1668840092
    62257.7531341500
    73631.1602616885
    72730.6015292413
    71777.0992476989
    71181.1160126513
    65386.0586315275
    66949.9361952258
    59802.7669243998
    56439.2031579738
    58761.8428239545
    69595.2864742432
    91811.0117014394
        0.0000000000
        0.0000000000
