!------------------------------------------------------------!
  Date: 20191112
  Simulation name: AWY4 
  Filename:slice_halfl.txt                                                                                                                                       
  Produced in mod-subroutine:  column.mod/slice                                                                                                                                      
  Written by AK September 2019
  Description:Veritcal column at x150_z606                                                                                                                          
  Data format: t  YYY  EPP   U_G   DPU   T_G   Ri                                                                                                                   
!------------------------------------------------------------!
  1      213.000000000000       14.000347260752        0.000000000000        0.000000000000      273.000000000000        0.000000000000
  1      216.000000000000       14.000347260752        0.000000000000        0.000000000000      273.000000000000        0.000000000000
  1      219.000000000000       14.000347260752        0.000000000000        0.000000000000      273.000000000000        0.000000000000
  1      222.000000000000       14.000347260752        0.000000000000        0.000000000000      273.000000000000        0.000000000000
  1      225.000000000000       14.000347260752        0.000000000000        0.000000000000      273.000000000000        0.000000000000
  1      228.000000000000       14.000347260752        0.000000000000        0.000000000000      273.000000000000        0.000000000000
  1      231.000000000000       14.000347260752        0.000000000000        0.000000000000      273.000000000000        0.000000000000
  1      234.000000000000       14.000347260752        0.000000000000        0.000000000000      273.000000000000        0.000000000000
  1      237.000000000000       14.000347260752        0.000000000000        0.000000000000      273.000000000000        0.000000000000
  1      240.000000000000       14.000347260752        0.000000000000        0.000000000000      273.000000000000        0.000000000000
  1      243.000000000000       14.000347260752        0.000000000000        0.000000000000      273.000000000000        0.000000000000
  1      246.000000000000       14.000347260752        0.000000000000        0.000000000000      273.000000000000        0.000000000000
  1      249.000000000000       14.000347260752        0.000000000000        0.000000000000      273.000000000000        0.000000000000
  1      252.000000000000       14.000347260752        0.000000000000        0.000000000000      273.000000000000        0.000000000000
  1      255.000000000000       14.000347260752        0.000000000000        0.000000000000      273.000000000000        0.000000000000
  1      258.000000000000       14.000347260752        0.000000000000        0.000000000000      273.000000000000        0.000000000000
  1      261.000000000000       14.000347260752        0.000000000000        0.000000000000      273.000000000000        0.000000000000
  1      264.000000000000       14.000347260752        0.000000000000        0.000000000000      273.000000000000        0.000000000000
  1      267.000000000000       14.000347260752        0.000000000000        0.000000000000      273.000000000000        0.000000000000
  1      270.000000000000       14.000347260752        0.000000000000        0.000000000000      273.000000000000        0.000000000000
  1      273.000000000000       14.000347260752        0.000000000000        0.000000000000      273.000000000000        0.000000000000
  1      276.000000000000       14.000347260752        0.000000000000        0.000000000000      273.000000000000        0.000000000000
  1      279.000000000000       14.000347260752        0.000000000000        0.000000000000      273.000000000000        0.000000000000
  1      282.000000000000       14.000347260752        0.000000000000        0.000000000000      273.000000000000        0.000000000000
  1      285.000000000000       14.000347260752        0.000000000000        0.000000000000      273.000000000000        0.000000000000
  1      288.000000000000       14.000347260752        0.000000000000        0.000000000000      273.000000000000        0.000000000000
  1      291.000000000000       14.000347260752        0.000000000000        0.000000000000      273.000000000000        0.000000000000
  1      294.000000000000       14.000347260752        0.000000000000        0.000000000000      273.000000000000        0.000000000000
  1      297.000000000000       14.000347260752        0.000000000000        0.000000000000      273.000000000000        0.000000000000
  1      300.000000000000       14.000347260752        0.000000000000        0.000000000000      273.000000000000        0.000000000000
  1      303.000000000000       14.000347260752        0.000000000000        0.000000000000      273.000000000000        0.000000000000
  1      306.000000000000       14.000347260752        0.000000000000        0.000000000000      273.000000000000        0.000000000000
  1      309.000000000000       14.000347260752        0.000000000000        0.000000000000      273.000000000000        0.000000000000
  1      312.000000000000       14.000347260752        0.000000000000        0.000000000000      273.000000000000        0.000000000000
  1      315.000000000000       14.000347260752        0.000000000000        0.000000000000      273.000000000000        0.000000000000
  1      318.000000000000       14.000347260752        0.000000000000        0.000000000000      273.000000000000        0.000000000000
  1      321.000000000000       14.000347260752        0.000000000000        0.000000000000      273.000000000000        0.000000000000
  1      324.000000000000       14.000347260752        0.000000000000        0.000000000000      273.000000000000        0.000000000000
  1      327.000000000000       14.000347260752        0.000000000000        0.000000000000      273.000000000000        0.000000000000
  1      330.000000000000       14.000347260752        0.000000000000        0.000000000000      273.000000000000        0.000000000000
  1      333.000000000000       14.000347260752        0.000000000000        0.000000000000      273.000000000000        0.000000000000
  1      336.000000000000       14.000347260752        0.000000000000        0.000000000000      273.000000000000        0.000000000000
  1      339.000000000000       14.000347260752        0.000000000000        0.000000000000      273.000000000000        0.000000000000
  1      342.000000000000       14.000347260752        0.000000000000        0.000000000000      273.000000000000        0.000000000000
  1      345.000000000000       14.000347260752        0.000000000000        0.000000000000      273.000000000000        0.000000000000
  1      348.000000000000       14.000347260752        0.000000000000        0.000000000000      273.000000000000        0.000000000000
  1      351.000000000000       14.000347260752        0.000000000000        0.000000000000      273.000000000000        0.000000000000
  1      354.000000000000       14.000347260752        0.000000000000        0.000000000000      273.000000000000        0.000000000000
  1      357.000000000000       14.000347260752        0.000000000000        0.000000000000      273.000000000000        0.000000000000
  1      360.000000000000       14.000347260752        0.000000000000        0.000000000000      273.000000000000        0.000000000000
  1      363.000000000000       14.000347260752        0.000000000000        0.000000000000      273.000000000000        0.000000000000
  1      366.000000000000       14.000347260752        0.000000000000        0.000000000000      273.000000000000        0.000000000000
  1      369.000000000000       14.000347260752        0.000000000000        0.000000000000      273.000000000000        0.000000000000
  1      372.000000000000       14.000347260752        0.000000000000        0.000000000000      273.000000000000        0.000000000000
  1      375.000000000000       14.000347260752        0.000000000000        0.000000000000      273.000000000000        0.000000000000
  1      378.000000000000       14.000347260752        0.000000000000        0.000000000000      273.000000000000        0.000000000000
  1      381.000000000000       14.000347260752        0.000000000000        0.000000000000      273.000000000000        0.000000000000
  1      384.000000000000       14.000347260752        0.000000000000        0.000000000000      273.000000000000        0.000000000000
  1      387.000000000000       14.000347260752        0.000000000000        0.000000000000      273.000000000000        0.000000000000
  1      390.000000000000       14.000347260752        0.000000000000        0.000000000000      273.000000000000        0.000000000000
  1      393.000000000000       14.000347260752        0.000000000000        0.000000000000      273.000000000000        0.000000000000
  1      396.000000000000       14.000347260752        0.000000000000        0.000000000000      273.000000000000        0.000000000000
  1      399.000000000000       14.000347260752        0.000000000000        0.000000000000      273.000000000000        0.000000000000
  1      402.000000000000       14.000347260752        0.000000000000        0.000000000000      273.000000000000        0.000000000000
  1      405.000000000000       14.000347260752        0.000000000000        0.000000000000      273.000000000000        0.000000000000
  1      408.000000000000       14.000347260752        0.000000000000        0.000000000000      273.000000000000        0.000000000000
  1      411.000000000000       14.000347260752        0.000000000000        0.000000000000      273.000000000000        0.000000000000
  1      414.000000000000       14.000347260752        0.000000000000        0.000000000000      273.000000000000        0.000000000000
  1      417.000000000000       14.000347260752        0.000000000000        0.000000000000      273.000000000000        0.000000000000
  1      420.000000000000       14.000347260752        0.000000000000        0.000000000000      273.000000000000        0.000000000000
  1      423.000000000000       14.000347260752        0.000000000000        0.000000000000      273.000000000000        0.000000000000
  1      426.000000000000       14.000347260752        0.000000000000        0.000000000000      273.000000000000        0.000000000000
  1      429.000000000000       14.000347260752        0.000000000000        0.000000000000      273.000000000000        0.000000000000
  1      432.000000000000       14.000347260752        0.000000000000        0.000000000000      273.000000000000        0.000000000000
  1      435.000000000000       14.000347260752        0.000000000000        0.000000000000      273.000000000000        0.000000000000
  1      438.000000000000       14.000347260752        0.000000000000        0.000000000000      273.000000000000        0.000000000000
  1      441.000000000000       14.000347260752        0.000000000000        0.000000000000      273.000000000000        0.000000000000
  1      444.000000000000       14.000347260752        0.000000000000        0.000000000000      273.000000000000        0.000000000000
  1      447.000000000000       14.000347260752        0.000000000000        0.000000000000      273.000000000000        0.000000000000
  1      450.000000000000       14.000347260752        0.000000000000        0.000000000000      273.000000000000        0.000000000000
  1      453.000000000000       14.000347260752        0.000000000000        0.000000000000      273.000000000000        0.000000000000
  1      456.000000000000       14.000347260752        0.000000000000        0.000000000000      273.000000000000        0.000000000000
  2      213.000000000000       14.000347260752        6.969890611716        0.000000000000      272.998065987590        0.000000000000
  2      216.000000000000       14.000347260752        7.196450010262        0.000000000000      272.999823501562        0.000000000000
  2      219.000000000000       14.000347260752        7.160086076344        0.000000000000      272.999984238235        0.000000000000
  2      222.000000000000       14.000347260752        7.037063457785        0.000000000000      272.999997703883        0.000000000000
  2      225.000000000000       14.000347260752        6.808161199565        0.000000000000      272.999999548763        0.000000000000
  2      228.000000000000       14.000347260752        6.414837274373        0.000000000000      272.999999896789        0.000000000000
  2      231.000000000000       14.000347260752        5.887011800375        0.000000000000      272.999999975533        0.000000000000
  2      234.000000000000       14.000347260752        5.262347049300        0.000000000000      272.999999994482        0.000000000000
  2      237.000000000000       14.000347260752        4.580483183779        0.000000000000      272.999999998883        0.000000000000
  2      240.000000000000       14.000347260752        3.886565900836        0.000000000000      272.999999999807        0.000000000000
  2      243.000000000000       14.000347260752        3.222059609431        0.000000000000      272.999999999976        0.000000000000
  2      246.000000000000       14.000347260752        2.593127512333        0.000000000000      273.000000000003        0.000000000000
  2      249.000000000000       14.000347260752        2.031611905988        0.000000000000      273.000000000006        0.000000000000
  2      252.000000000000       14.000347260752        1.537256531995        0.000000000000      273.000000000007        0.000000000000
  2      255.000000000000       14.000347260752        1.116048994085        0.000000000000      273.000000000007        0.000000000000
  2      258.000000000000       14.000347260752        0.763473589934        0.000000000000      273.000000000007        0.000000000000
  2      261.000000000000       14.000347260752        0.472601061488        0.000000000000      273.000000000006        0.000000000000
  2      264.000000000000       14.000347260752        0.235514032647        0.000000000000      273.000000000006        0.000000000000
  2      267.000000000000       14.000347260752        0.044162411668        0.000000000000      273.000000000007        0.000000000000
  2      270.000000000000       14.000347260752       -0.109144963817        0.000000000000      273.000000000006        0.000000000000
  2      273.000000000000       14.000347260752       -0.231007733304        0.000000000000      273.000000000006        0.000000000000
  2      276.000000000000       14.000347260752       -0.327041786600        0.000000000000      273.000000000006        0.000000000000
  2      279.000000000000       14.000347260752       -0.402040207393        0.000000000000      273.000000000006        0.000000000000
  2      282.000000000000       14.000347260752       -0.459903024884        0.000000000000      273.000000000006        0.000000000000
  2      285.000000000000       14.000347260752       -0.503852216756        0.000000000000      273.000000000006        0.000000000000
  2      288.000000000000       14.000347260752       -0.536586101032        0.000000000000      273.000000000006        0.000000000000
  2      291.000000000000       14.000347260752       -0.560341051375        0.000000000000      273.000000000007        0.000000000000
  2      294.000000000000       14.000347260752       -0.576936623255        0.000000000000      273.000000000006        0.000000000000
  2      297.000000000000       14.000347260752       -0.587831248953        0.000000000000      273.000000000006        0.000000000000
  2      300.000000000000       14.000347260752       -0.594235557363        0.000000000000      273.000000000006        0.000000000000
  2      303.000000000000       14.000347260752       -0.597140980916        0.000000000000      273.000000000006        0.000000000000
  2      306.000000000000       14.000347260752       -0.597338409358        0.000000000000      273.000000000006        0.000000000000
  2      309.000000000000       14.000347260752       -0.595411601439        0.000000000000      273.000000000006        0.000000000000
  2      312.000000000000       14.000347260752       -0.591857016408        0.000000000000      273.000000000007        0.000000000000
  2      315.000000000000       14.000347260752       -0.587022531978        0.000000000000      273.000000000006        0.000000000000
  2      318.000000000000       14.000347260752       -0.581236147435        0.000000000000      273.000000000006        0.000000000000
  2      321.000000000000       14.000347260752       -0.574753547320        0.000000000000      273.000000000005        0.000000000000
  2      324.000000000000       14.000347260752       -0.567747178170        0.000000000000      273.000000000006        0.000000000000
  2      327.000000000000       14.000347260752       -0.560361157934        0.000000000000      273.000000000005        0.000000000000
  2      330.000000000000       14.000347260752       -0.552713512635        0.000000000000      273.000000000005        0.000000000000
  2      333.000000000000       14.000347260752       -0.544886855363        0.000000000000      273.000000000006        0.000000000000
  2      336.000000000000       14.000347260752       -0.537035174064        0.000000000000      273.000000000006        0.000000000000
  2      339.000000000000       14.000347260752       -0.529228819359        0.000000000000      273.000000000006        0.000000000000
  2      342.000000000000       14.000347260752       -0.521500265458        0.000000000000      273.000000000006        0.000000000000
  2      345.000000000000       14.000347260752       -0.513929218265        0.000000000000      273.000000000006        0.000000000000
  2      348.000000000000       14.000347260752       -0.506556693190        0.000000000000      273.000000000006        0.000000000000
  2      351.000000000000       14.000347260752       -0.499384070665        0.000000000000      273.000000000005        0.000000000000
  2      354.000000000000       14.000347260752       -0.492426614554        0.000000000000      273.000000000005        0.000000000000
  2      357.000000000000       14.000347260752       -0.485735617237        0.000000000000      273.000000000005        0.000000000000
  2      360.000000000000       14.000347260752       -0.479313264919        0.000000000000      273.000000000006        0.000000000000
  2      363.000000000000       14.000347260752       -0.473119852336        0.000000000000      273.000000000006        0.000000000000
  2      366.000000000000       14.000347260752       -0.467179138570        0.000000000000      273.000000000006        0.000000000000
  2      369.000000000000       14.000347260752       -0.461528627566        0.000000000000      273.000000000006        0.000000000000
  2      372.000000000000       14.000347260752       -0.456143305714        0.000000000000      273.000000000005        0.000000000000
  2      375.000000000000       14.000347260752       -0.451020237597        0.000000000000      273.000000000006        0.000000000000
  2      378.000000000000       14.000347260752       -0.446173520442        0.000000000000      273.000000000006        0.000000000000
  2      381.000000000000       14.000347260752       -0.441593477269        0.000000000000      273.000000000006        0.000000000000
  2      384.000000000000       14.000347260752       -0.437298490623        0.000000000000      273.000000000005        0.000000000000
  2      387.000000000000       14.000347260752       -0.433266482322        0.000000000000      273.000000000007        0.000000000000
  2      390.000000000000       14.000347260752       -0.429510249747        0.000000000000      273.000000000006        0.000000000000
  2      393.000000000000       14.000347260752       -0.426043032721        0.000000000000      273.000000000007        0.000000000000
  2      396.000000000000       14.000347260752       -0.422842829168        0.000000000000      273.000000000008        0.000000000000
  2      399.000000000000       14.000347260752       -0.419900565303        0.000000000000      273.000000000006        0.000000000000
  2      402.000000000000       14.000347260752       -0.417225703798        0.000000000000      273.000000000006        0.000000000000
  2      405.000000000000       14.000347260752       -0.414815142239        0.000000000000      273.000000000006        0.000000000000
  2      408.000000000000       14.000347260752       -0.412645374779        0.000000000000      273.000000000006        0.000000000000
  2      411.000000000000       14.000347260752       -0.410692010082        0.000000000000      273.000000000005        0.000000000000
  2      414.000000000000       14.000347260752       -0.408954608352        0.000000000000      273.000000000006        0.000000000000
  2      417.000000000000       14.000347260752       -0.407401291412        0.000000000000      273.000000000005        0.000000000000
  2      420.000000000000       14.000347260752       -0.406008196736        0.000000000000      273.000000000006        0.000000000000
  2      423.000000000000       14.000347260752       -0.404758033867        0.000000000000      273.000000000005        0.000000000000
  2      426.000000000000       14.000347260752       -0.403598298018        0.000000000000      273.000000000006        0.000000000000
  2      429.000000000000       14.000347260752       -0.402563813299        0.000000000000      273.000000000007        0.000000000000
  2      432.000000000000       14.000347260752       -0.401537285076        0.000000000000      273.000000000007        0.000000000000
  2      435.000000000000       14.000347260752       -0.400556568300        0.000000000000      273.000000000006        0.000000000000
  2      438.000000000000       14.000347260752       -0.399654348764        0.000000000000      273.000000000006        0.000000000000
  2      441.000000000000       14.000347260752       -0.398812668333        0.000000000000      273.000000000007        0.000000000000
  2      444.000000000000       14.000347260752       -0.398056487196        0.000000000000      273.000000000006        0.000000000000
  2      447.000000000000       14.000347260752       -0.397399607604        0.000000000000      273.000000000007        0.000000000000
  2      450.000000000000       14.000347260752       -0.396830187977        0.000000000000      273.000000000005        0.000000000000
  2      453.000000000000       14.000347260752       -0.396693655361        0.000000000000      273.000000000007        0.000000000000
  2      456.000000000000       14.000347260752       -0.412061917975        0.000000000000      273.000000000006        0.000000000000
  3      213.000000000000        1.091624887147       18.870436783813    31149.856226423053      799.869476321826        0.000000000000
  3      216.000000000000        1.153934772067       26.895669258438    51549.114213984947      799.925082811978       42.602756597702
  3      219.000000000000        1.900163734434       28.505303361646    10203.123252812371      792.908624821048    17443.935004842308
  3      222.000000000000        3.281234874739       24.604231385156      315.401678432610      450.339439233356        4.301575425125
  3      225.000000000000        5.235996000461       12.714487980818        1.147153913965      277.302522343902        0.114693957114
  3      228.000000000000        5.374860732445       10.720037783185        0.693258845757      276.017518470340        0.002261553168
  3      231.000000000000        4.993798317383        7.149101916807        1.085300903149      280.666014974737        0.004760418368
  3      234.000000000000        4.939516853830        3.821898114757        0.747325393724      281.947950385487        0.000957464254
  3      237.000000000000        5.465008926942        2.649881695148        0.173939147197      276.087119722597       -0.043485236697
  3      240.000000000000        6.085557076643        2.263938727907        0.034633641113      273.663582040502       -0.270465814491
  3      243.000000000000        6.682100578316        2.157699145359        0.007455618924      273.163560617888       -0.199436721521
  3      246.000000000000        7.508408880009        2.126167588905        0.000154693398      273.027597327200       -0.035330449477
  3      249.000000000000       14.000347260752        2.045591619949        0.000000000000      273.002568372591        0.000000000000
  3      252.000000000000       14.000347260752        1.571175199054        0.000000000000      273.000155778812        0.000000000000
  3      255.000000000000       14.000347260752        1.101355817150        0.000000000000      272.999999802577        0.000000000000
  3      258.000000000000       14.000347260752        0.820729883039        0.000000000000      272.999999884419        0.000000000000
  3      261.000000000000       14.000347260752        0.629665964742        0.000000000000      272.999999946812        0.000000000000
  3      264.000000000000       14.000347260752        0.463137378355        0.000000000000      272.999999979505        0.000000000000
  3      267.000000000000       14.000347260752        0.311870799014        0.000000000000      272.999999993400        0.000000000000
  3      270.000000000000       14.000347260752        0.176012654517        0.000000000000      272.999999998226        0.000000000000
  3      273.000000000000       14.000347260752        0.058317606320        0.000000000000      272.999999999605        0.000000000000
  3      276.000000000000       14.000347260752       -0.038413876733        0.000000000000      272.999999999933        0.000000000000
  3      279.000000000000       14.000347260752       -0.119975606151        0.000000000000      272.999999999999        0.000000000000
  3      282.000000000000       14.000347260752       -0.187696608945        0.000000000000      273.000000000010        0.000000000000
  3      285.000000000000       14.000347260752       -0.242804175702        0.000000000000      273.000000000011        0.000000000000
  3      288.000000000000       14.000347260752       -0.287321925119        0.000000000000      273.000000000012        0.000000000000
  3      291.000000000000       14.000347260752       -0.322172901330        0.000000000000      273.000000000011        0.000000000000
  3      294.000000000000       14.000347260752       -0.348891090398        0.000000000000      273.000000000011        0.000000000000
  3      297.000000000000       14.000347260752       -0.368427819813        0.000000000000      273.000000000011        0.000000000000
  3      300.000000000000       14.000347260752       -0.381809613630        0.000000000000      273.000000000011        0.000000000000
  3      303.000000000000       14.000347260752       -0.389908395252        0.000000000000      273.000000000011        0.000000000000
  3      306.000000000000       14.000347260752       -0.393520320020        0.000000000000      273.000000000011        0.000000000000
  3      309.000000000000       14.000347260752       -0.393334661388        0.000000000000      273.000000000011        0.000000000000
  3      312.000000000000       14.000347260752       -0.389920937999        0.000000000000      273.000000000010        0.000000000000
  3      315.000000000000       14.000347260752       -0.383781035709        0.000000000000      273.000000000011        0.000000000000
  3      318.000000000000       14.000347260752       -0.375347512362        0.000000000000      273.000000000011        0.000000000000
  3      321.000000000000       14.000347260752       -0.365018411941        0.000000000000      273.000000000011        0.000000000000
  3      324.000000000000       14.000347260752       -0.353112380075        0.000000000000      273.000000000011        0.000000000000
  3      327.000000000000       14.000347260752       -0.339907745777        0.000000000000      273.000000000010        0.000000000000
  3      330.000000000000       14.000347260752       -0.325650180206        0.000000000000      273.000000000010        0.000000000000
  3      333.000000000000       14.000347260752       -0.310527132807        0.000000000000      273.000000000010        0.000000000000
  3      336.000000000000       14.000347260752       -0.294729097037        0.000000000000      273.000000000010        0.000000000000
  3      339.000000000000       14.000347260752       -0.278428622609        0.000000000000      273.000000000009        0.000000000000
  3      342.000000000000       14.000347260752       -0.261751970459        0.000000000000      273.000000000010        0.000000000000
  3      345.000000000000       14.000347260752       -0.244811089659        0.000000000000      273.000000000011        0.000000000000
  3      348.000000000000       14.000347260752       -0.227723173701        0.000000000000      273.000000000011        0.000000000000
  3      351.000000000000       14.000347260752       -0.210553946133        0.000000000000      273.000000000011        0.000000000000
  3      354.000000000000       14.000347260752       -0.193359709305        0.000000000000      273.000000000010        0.000000000000
  3      357.000000000000       14.000347260752       -0.176221442526        0.000000000000      273.000000000011        0.000000000000
  3      360.000000000000       14.000347260752       -0.159197783508        0.000000000000      273.000000000011        0.000000000000
  3      363.000000000000       14.000347260752       -0.142313319902        0.000000000000      273.000000000010        0.000000000000
  3      366.000000000000       14.000347260752       -0.125607232508        0.000000000000      273.000000000009        0.000000000000
  3      369.000000000000       14.000347260752       -0.109126335789        0.000000000000      273.000000000010        0.000000000000
  3      372.000000000000       14.000347260752       -0.092906335532        0.000000000000      273.000000000010        0.000000000000
  3      375.000000000000       14.000347260752       -0.076965527187        0.000000000000      273.000000000011        0.000000000000
  3      378.000000000000       14.000347260752       -0.061358522661        0.000000000000      273.000000000011        0.000000000000
  3      381.000000000000       14.000347260752       -0.046100487574        0.000000000000      273.000000000010        0.000000000000
  3      384.000000000000       14.000347260752       -0.031223690057        0.000000000000      273.000000000010        0.000000000000
  3      387.000000000000       14.000347260752       -0.016746475945        0.000000000000      273.000000000011        0.000000000000
  3      390.000000000000       14.000347260752       -0.002700634063        0.000000000000      273.000000000010        0.000000000000
  3      393.000000000000       14.000347260752        0.010884102406        0.000000000000      273.000000000012        0.000000000000
  3      396.000000000000       14.000347260752        0.023998415110        0.000000000000      273.000000000011        0.000000000000
  3      399.000000000000       14.000347260752        0.036622925209        0.000000000000      273.000000000011        0.000000000000
  3      402.000000000000       14.000347260752        0.048733260086        0.000000000000      273.000000000010        0.000000000000
  3      405.000000000000       14.000347260752        0.060307682341        0.000000000000      273.000000000011        0.000000000000
  3      408.000000000000       14.000347260752        0.071333598708        0.000000000000      273.000000000011        0.000000000000
  3      411.000000000000       14.000347260752        0.081805966693        0.000000000000      273.000000000010        0.000000000000
  3      414.000000000000       14.000347260752        0.091713052606        0.000000000000      273.000000000010        0.000000000000
  3      417.000000000000       14.000347260752        0.101049882961        0.000000000000      273.000000000010        0.000000000000
  3      420.000000000000       14.000347260752        0.109815939759        0.000000000000      273.000000000011        0.000000000000
  3      423.000000000000       14.000347260752        0.118003941804        0.000000000000      273.000000000011        0.000000000000
  3      426.000000000000       14.000347260752        0.125629613598        0.000000000000      273.000000000011        0.000000000000
  3      429.000000000000       14.000347260752        0.132654168071        0.000000000000      273.000000000011        0.000000000000
  3      432.000000000000       14.000347260752        0.139131354312        0.000000000000      273.000000000012        0.000000000000
  3      435.000000000000       14.000347260752        0.145034122491        0.000000000000      273.000000000013        0.000000000000
  3      438.000000000000       14.000347260752        0.150305458065        0.000000000000      273.000000000010        0.000000000000
  3      441.000000000000       14.000347260752        0.154925215822        0.000000000000      273.000000000011        0.000000000000
  3      444.000000000000       14.000347260752        0.158863168549        0.000000000000      273.000000000011        0.000000000000
  3      447.000000000000       14.000347260752        0.162077768485        0.000000000000      273.000000000012        0.000000000000
  3      450.000000000000       14.000347260752        0.164564755893        0.000000000000      273.000000000010        0.000000000000
  3      453.000000000000       14.000347260752        0.165933204335        0.000000000000      273.000000000011        0.000000000000
  3      456.000000000000       14.000347260752        0.156532801110        0.000000000000      273.000000000012        0.000000000000
  4      213.000000000000        0.435115576526       12.775881298478    69982.079460462366      799.993857468467        0.000000000000
  4      216.000000000000        0.650500811810       23.374468940569   124813.728048285266      799.996926241669      123.935679847648
  4      219.000000000000        1.261757192499       26.308651837348    38100.968045195594      799.998220166871     1076.870140921937
  4      222.000000000000        2.092567470147       26.539521392837     5796.026242221545      789.143038411949      609.464123825587
  4      225.000000000000        3.038890907234       19.890316224926      365.397483176380      569.153614467768        2.923223822630
  4      228.000000000000        4.971457195550        4.693149028412        0.306890071371      365.284961526023        0.128842456879
  4      231.000000000000        6.423347884474        0.335958537999        0.000188412292      273.409924065113       -0.088602202921
  4      234.000000000000        6.643871877476        0.842415454588        0.000208602163      273.099541284492       -0.020560646993
  4      237.000000000000       14.000347260752        1.271746915754        0.000000000000      273.012752080143        0.000000000000
  4      240.000000000000       14.000347260752        1.366696517592        0.000000000000      273.005373255984        0.000000000000
  4      243.000000000000       14.000347260752        1.194720096245        0.000000000000      273.002275532083        0.000000000000
  4      246.000000000000       14.000347260752        1.009488835701        0.000000000000      273.000690380604        0.000000000000
  4      249.000000000000       14.000347260752        0.910848533291        0.000000000000      273.000134146538        0.000000000000
  4      252.000000000000       14.000347260752        0.897275566572        0.000000000000      273.000012173908        0.000000000000
  4      255.000000000000       14.000347260752        0.892067829890        0.000000000000      272.999999971099        0.000000000000
  4      258.000000000000       14.000347260752        0.857030285476        0.000000000000      272.999999986414        0.000000000000
  4      261.000000000000       14.000347260752        0.818731575932        0.000000000000      272.999999994498        0.000000000000
  4      264.000000000000       14.000347260752        0.779640740352        0.000000000000      272.999999998064        0.000000000000
  4      267.000000000000       14.000347260752        0.742386029442        0.000000000000      272.999999999416        0.000000000000
  4      270.000000000000       14.000347260752        0.704829386024        0.000000000000      272.999999999857        0.000000000000
  4      273.000000000000       14.000347260752        0.671968672416        0.000000000000      272.999999999980        0.000000000000
  4      276.000000000000       14.000347260752        0.636264436278        0.000000000000      273.000000000009        0.000000000000
  4      279.000000000000       14.000347260752        0.602346290322        0.000000000000      273.000000000016        0.000000000000
  4      282.000000000000       14.000347260752        0.569880484824        0.000000000000      273.000000000017        0.000000000000
  4      285.000000000000       14.000347260752        0.537680825484        0.000000000000      273.000000000016        0.000000000000
  4      288.000000000000       14.000347260752        0.506999583899        0.000000000000      273.000000000017        0.000000000000
  4      291.000000000000       14.000347260752        0.477300859505        0.000000000000      273.000000000016        0.000000000000
  4      294.000000000000       14.000347260752        0.448538698453        0.000000000000      273.000000000017        0.000000000000
  4      297.000000000000       14.000347260752        0.421017761200        0.000000000000      273.000000000017        0.000000000000
  4      300.000000000000       14.000347260752        0.394461922179        0.000000000000      273.000000000017        0.000000000000
  4      303.000000000000       14.000347260752        0.369018007274        0.000000000000      273.000000000017        0.000000000000
  4      306.000000000000       14.000347260752        0.344555573516        0.000000000000      273.000000000017        0.000000000000
  4      309.000000000000       14.000347260752        0.321148158070        0.000000000000      273.000000000017        0.000000000000
  4      312.000000000000       14.000347260752        0.298739710636        0.000000000000      273.000000000016        0.000000000000
  4      315.000000000000       14.000347260752        0.277308451419        0.000000000000      273.000000000017        0.000000000000
  4      318.000000000000       14.000347260752        0.256824372654        0.000000000000      273.000000000017        0.000000000000
  4      321.000000000000       14.000347260752        0.237246601825        0.000000000000      273.000000000017        0.000000000000
  4      324.000000000000       14.000347260752        0.218569057398        0.000000000000      273.000000000016        0.000000000000
  4      327.000000000000       14.000347260752        0.200704054402        0.000000000000      273.000000000016        0.000000000000
  4      330.000000000000       14.000347260752        0.183740601236        0.000000000000      273.000000000015        0.000000000000
  4      333.000000000000       14.000347260752        0.167512201643        0.000000000000      273.000000000016        0.000000000000
  4      336.000000000000       14.000347260752        0.152087798796        0.000000000000      273.000000000016        0.000000000000
  4      339.000000000000       14.000347260752        0.137345443556        0.000000000000      273.000000000017        0.000000000000
  4      342.000000000000       14.000347260752        0.123273142178        0.000000000000      273.000000000016        0.000000000000
  4      345.000000000000       14.000347260752        0.109867347802        0.000000000000      273.000000000016        0.000000000000
  4      348.000000000000       14.000347260752        0.097096739834        0.000000000000      273.000000000015        0.000000000000
  4      351.000000000000       14.000347260752        0.084931145578        0.000000000000      273.000000000017        0.000000000000
  4      354.000000000000       14.000347260752        0.073350171721        0.000000000000      273.000000000016        0.000000000000
  4      357.000000000000       14.000347260752        0.062323962918        0.000000000000      273.000000000016        0.000000000000
  4      360.000000000000       14.000347260752        0.051842391314        0.000000000000      273.000000000016        0.000000000000
  4      363.000000000000       14.000347260752        0.041891337871        0.000000000000      273.000000000016        0.000000000000
  4      366.000000000000       14.000347260752        0.032441941574        0.000000000000      273.000000000016        0.000000000000
  4      369.000000000000       14.000347260752        0.023476967874        0.000000000000      273.000000000016        0.000000000000
  4      372.000000000000       14.000347260752        0.014985017764        0.000000000000      273.000000000016        0.000000000000
  4      375.000000000000       14.000347260752        0.006942883952        0.000000000000      273.000000000016        0.000000000000
  4      378.000000000000       14.000347260752       -0.000671743734        0.000000000000      273.000000000016        0.000000000000
  4      381.000000000000       14.000347260752       -0.007866875654        0.000000000000      273.000000000017        0.000000000000
  4      384.000000000000       14.000347260752       -0.014666363004        0.000000000000      273.000000000017        0.000000000000
  4      387.000000000000       14.000347260752       -0.021080403782        0.000000000000      273.000000000016        0.000000000000
  4      390.000000000000       14.000347260752       -0.027135887155        0.000000000000      273.000000000016        0.000000000000
  4      393.000000000000       14.000347260752       -0.032844480651        0.000000000000      273.000000000016        0.000000000000
  4      396.000000000000       14.000347260752       -0.038219667719        0.000000000000      273.000000000017        0.000000000000
  4      399.000000000000       14.000347260752       -0.043271868451        0.000000000000      273.000000000017        0.000000000000
  4      402.000000000000       14.000347260752       -0.048013696744        0.000000000000      273.000000000016        0.000000000000
  4      405.000000000000       14.000347260752       -0.052461217074        0.000000000000      273.000000000016        0.000000000000
  4      408.000000000000       14.000347260752       -0.056616137552        0.000000000000      273.000000000016        0.000000000000
  4      411.000000000000       14.000347260752       -0.060480789326        0.000000000000      273.000000000016        0.000000000000
  4      414.000000000000       14.000347260752       -0.064057376202        0.000000000000      273.000000000016        0.000000000000
  4      417.000000000000       14.000347260752       -0.067345555493        0.000000000000      273.000000000016        0.000000000000
  4      420.000000000000       14.000347260752       -0.070341482283        0.000000000000      273.000000000016        0.000000000000
  4      423.000000000000       14.000347260752       -0.073045336066        0.000000000000      273.000000000016        0.000000000000
  4      426.000000000000       14.000347260752       -0.075424736983        0.000000000000      273.000000000017        0.000000000000
  4      429.000000000000       14.000347260752       -0.077521750521        0.000000000000      273.000000000017        0.000000000000
  4      432.000000000000       14.000347260752       -0.079277245783        0.000000000000      273.000000000016        0.000000000000
  4      435.000000000000       14.000347260752       -0.080722376869        0.000000000000      273.000000000017        0.000000000000
  4      438.000000000000       14.000347260752       -0.081901797654        0.000000000000      273.000000000016        0.000000000000
  4      441.000000000000       14.000347260752       -0.082831638840        0.000000000000      273.000000000017        0.000000000000
  4      444.000000000000       14.000347260752       -0.083529089478        0.000000000000      273.000000000017        0.000000000000
  4      447.000000000000       14.000347260752       -0.084023117886        0.000000000000      273.000000000016        0.000000000000
  4      450.000000000000       14.000347260752       -0.084351966973        0.000000000000      273.000000000016        0.000000000000
  4      453.000000000000       14.000347260752       -0.084592546642        0.000000000000      273.000000000017        0.000000000000
  4      456.000000000000       14.000347260752       -0.062960731203        0.000000000000      273.000000000017        0.000000000000
  5      213.000000000000        0.396602349293       11.565333766626    60440.121339935882      799.999586132274        0.000000000000
  5      216.000000000000        0.607249113125       22.592578738547   127607.877992482929      799.999830172705      124.028600189298
  5      219.000000000000        1.176465427830       25.533856046010    43896.881925100672      799.999898477565     1221.667816436820
  5      222.000000000000        2.015010336215       25.646296794007     6569.710804344332      797.775960467459      274.005142789825
  5      225.000000000000        3.082531481809       17.218655031638      247.386379661855      563.480588570951        1.553046049316
  5      228.000000000000        4.919072170308        0.808523207342        0.041495062453      278.809552448347        0.120230461748
  5      231.000000000000        6.741120004722       -1.113803524720        0.000466397361      273.117852457195        0.034005782670
  5      234.000000000000        7.845813120056       -0.952428469224        0.000000000000      273.012501429214        0.005955000212
  5      237.000000000000       14.000347260752       -0.953623371073        0.000000000000      273.003632144109        0.000000000000
  5      240.000000000000       14.000347260752       -1.068903601746        0.000000000000      273.001664027285        0.000000000000
  5      243.000000000000       14.000347260752       -1.132066230199        0.000000000000      273.000529202599        0.000000000000
  5      246.000000000000       14.000347260752       -1.118937328452        0.000000000000      273.000122087294        0.000000000000
  5      249.000000000000       14.000347260752       -1.066841909457        0.000000000000      273.000018266403        0.000000000000
  5      252.000000000000       14.000347260752       -1.022551013931        0.000000000000      273.000001309176        0.000000000000
  5      255.000000000000       14.000347260752       -0.999986073473        0.000000000000      272.999999995343        0.000000000000
  5      258.000000000000       14.000347260752       -0.982187573564        0.000000000000      272.999999992154        0.000000000000
  5      261.000000000000       14.000347260752       -0.964415728004        0.000000000000      272.999999995761        0.000000000000
  5      264.000000000000       14.000347260752       -0.949085792198        0.000000000000      272.999999998457        0.000000000000
  5      267.000000000000       14.000347260752       -0.934685800523        0.000000000000      272.999999999538        0.000000000000
  5      270.000000000000       14.000347260752       -0.921843397716        0.000000000000      272.999999999895        0.000000000000
  5      273.000000000000       14.000347260752       -0.911339623547        0.000000000000      272.999999999994        0.000000000000
  5      276.000000000000       14.000347260752       -0.902499450385        0.000000000000      273.000000000017        0.000000000000
  5      279.000000000000       14.000347260752       -0.894730793488        0.000000000000      273.000000000022        0.000000000000
  5      282.000000000000       14.000347260752       -0.888278173718        0.000000000000      273.000000000023        0.000000000000
  5      285.000000000000       14.000347260752       -0.883161456729        0.000000000000      273.000000000023        0.000000000000
  5      288.000000000000       14.000347260752       -0.878896985798        0.000000000000      273.000000000022        0.000000000000
  5      291.000000000000       14.000347260752       -0.875706353870        0.000000000000      273.000000000023        0.000000000000
  5      294.000000000000       14.000347260752       -0.873331870803        0.000000000000      273.000000000023        0.000000000000
  5      297.000000000000       14.000347260752       -0.871754515342        0.000000000000      273.000000000023        0.000000000000
  5      300.000000000000       14.000347260752       -0.870888226159        0.000000000000      273.000000000023        0.000000000000
  5      303.000000000000       14.000347260752       -0.870634284576        0.000000000000      273.000000000022        0.000000000000
  5      306.000000000000       14.000347260752       -0.870973455076        0.000000000000      273.000000000023        0.000000000000
  5      309.000000000000       14.000347260752       -0.871814719135        0.000000000000      273.000000000022        0.000000000000
  5      312.000000000000       14.000347260752       -0.873126722596        0.000000000000      273.000000000023        0.000000000000
  5      315.000000000000       14.000347260752       -0.874852952501        0.000000000000      273.000000000023        0.000000000000
  5      318.000000000000       14.000347260752       -0.876941194125        0.000000000000      273.000000000023        0.000000000000
  5      321.000000000000       14.000347260752       -0.879349204865        0.000000000000      273.000000000023        0.000000000000
  5      324.000000000000       14.000347260752       -0.882033191496        0.000000000000      273.000000000022        0.000000000000
  5      327.000000000000       14.000347260752       -0.884957672076        0.000000000000      273.000000000022        0.000000000000
  5      330.000000000000       14.000347260752       -0.888091269734        0.000000000000      273.000000000022        0.000000000000
  5      333.000000000000       14.000347260752       -0.891444566434        0.000000000000      273.000000000022        0.000000000000
  5      336.000000000000       14.000347260752       -0.894958065537        0.000000000000      273.000000000022        0.000000000000
  5      339.000000000000       14.000347260752       -0.898624548628        0.000000000000      273.000000000022        0.000000000000
  5      342.000000000000       14.000347260752       -0.902401341037        0.000000000000      273.000000000022        0.000000000000
  5      345.000000000000       14.000347260752       -0.906276004878        0.000000000000      273.000000000022        0.000000000000
  5      348.000000000000       14.000347260752       -0.910227233732        0.000000000000      273.000000000022        0.000000000000
  5      351.000000000000       14.000347260752       -0.914233164413        0.000000000000      273.000000000023        0.000000000000
  5      354.000000000000       14.000347260752       -0.918273940423        0.000000000000      273.000000000023        0.000000000000
  5      357.000000000000       14.000347260752       -0.922328793853        0.000000000000      273.000000000021        0.000000000000
  5      360.000000000000       14.000347260752       -0.926375519671        0.000000000000      273.000000000021        0.000000000000
  5      363.000000000000       14.000347260752       -0.930399254505        0.000000000000      273.000000000022        0.000000000000
  5      366.000000000000       14.000347260752       -0.934386725930        0.000000000000      273.000000000022        0.000000000000
  5      369.000000000000       14.000347260752       -0.938319810421        0.000000000000      273.000000000022        0.000000000000
  5      372.000000000000       14.000347260752       -0.942184591233        0.000000000000      273.000000000021        0.000000000000
  5      375.000000000000       14.000347260752       -0.945970089079        0.000000000000      273.000000000021        0.000000000000
  5      378.000000000000       14.000347260752       -0.949667759284        0.000000000000      273.000000000022        0.000000000000
  5      381.000000000000       14.000347260752       -0.953267167047        0.000000000000      273.000000000022        0.000000000000
  5      384.000000000000       14.000347260752       -0.956756915348        0.000000000000      273.000000000022        0.000000000000
  5      387.000000000000       14.000347260752       -0.960131421052        0.000000000000      273.000000000023        0.000000000000
  5      390.000000000000       14.000347260752       -0.963388461409        0.000000000000      273.000000000022        0.000000000000
  5      393.000000000000       14.000347260752       -0.966522398775        0.000000000000      273.000000000022        0.000000000000
  5      396.000000000000       14.000347260752       -0.969532364257        0.000000000000      273.000000000022        0.000000000000
  5      399.000000000000       14.000347260752       -0.972409054274        0.000000000000      273.000000000022        0.000000000000
  5      402.000000000000       14.000347260752       -0.975149082057        0.000000000000      273.000000000022        0.000000000000
  5      405.000000000000       14.000347260752       -0.977752613215        0.000000000000      273.000000000021        0.000000000000
  5      408.000000000000       14.000347260752       -0.980210776488        0.000000000000      273.000000000022        0.000000000000
  5      411.000000000000       14.000347260752       -0.982516509382        0.000000000000      273.000000000022        0.000000000000
  5      414.000000000000       14.000347260752       -0.984663278488        0.000000000000      273.000000000022        0.000000000000
  5      417.000000000000       14.000347260752       -0.986642153087        0.000000000000      273.000000000021        0.000000000000
  5      420.000000000000       14.000347260752       -0.988445825969        0.000000000000      273.000000000022        0.000000000000
  5      423.000000000000       14.000347260752       -0.990060890969        0.000000000000      273.000000000022        0.000000000000
  5      426.000000000000       14.000347260752       -0.991460263815        0.000000000000      273.000000000022        0.000000000000
  5      429.000000000000       14.000347260752       -0.992670721200        0.000000000000      273.000000000023        0.000000000000
  5      432.000000000000       14.000347260752       -0.993644632244        0.000000000000      273.000000000022        0.000000000000
  5      435.000000000000       14.000347260752       -0.994417992873        0.000000000000      273.000000000022        0.000000000000
  5      438.000000000000       14.000347260752       -0.995022157446        0.000000000000      273.000000000023        0.000000000000
  5      441.000000000000       14.000347260752       -0.995469717349        0.000000000000      273.000000000022        0.000000000000
  5      444.000000000000       14.000347260752       -0.995772365122        0.000000000000      273.000000000023        0.000000000000
  5      447.000000000000       14.000347260752       -0.995961888255        0.000000000000      273.000000000022        0.000000000000
  5      450.000000000000       14.000347260752       -0.996066221926        0.000000000000      273.000000000022        0.000000000000
  5      453.000000000000       14.000347260752       -0.995310186956        0.000000000000      273.000000000023        0.000000000000
  5      456.000000000000       14.000347260752       -0.951083187101        0.000000000000      273.000000000023        0.000000000000
  6      213.000000000000        0.520992884132       10.246252135818    33805.070246313975      799.999676793868        0.000000000000
  6      216.000000000000        0.942941719764       19.823201963499    44989.218524139607      799.999679900020      140.465100871950
  6      219.000000000000        1.758892456015       22.296500861035     8703.603978296986      799.999597461381      955.190742624072
  6      222.000000000000        2.851374926030       21.398694295283      637.073478709078      693.309874403203        5.612564322671
  6      225.000000000000        4.124837137791        3.006303167443        0.768366075574      289.285717326976        0.218152946924
  6      228.000000000000        6.188097079578       -0.020122532431        0.000029728617      273.204260831273        0.147294434833
  6      231.000000000000       14.000347260752       -0.354648493225        0.000000000000      273.003830472989        0.000000000000
  6      234.000000000000       14.000347260752       -0.466670985897        0.000000000000      273.001594572974        0.000000000000
  6      237.000000000000       14.000347260752       -0.558331269581        0.000000000000      273.000674947896        0.000000000000
  6      240.000000000000       14.000347260752       -0.576452340601        0.000000000000      273.000228394389        0.000000000000
  6      243.000000000000       14.000347260752       -0.570822365474        0.000000000000      273.000059507815        0.000000000000
  6      246.000000000000       14.000347260752       -0.561615417303        0.000000000000      273.000011989077        0.000000000000
  6      249.000000000000       14.000347260752       -0.564692373929        0.000000000000      273.000001821787        0.000000000000
  6      252.000000000000       14.000347260752       -0.570654832555        0.000000000000      273.000000203358        0.000000000000
  6      255.000000000000       14.000347260752       -0.575506388831        0.000000000000      272.999999995257        0.000000000000
  6      258.000000000000       14.000347260752       -0.578838541026        0.000000000000      272.999999976613        0.000000000000
  6      261.000000000000       14.000347260752       -0.582269550465        0.000000000000      272.999999986637        0.000000000000
  6      264.000000000000       14.000347260752       -0.585676133716        0.000000000000      272.999999994948        0.000000000000
  6      267.000000000000       14.000347260752       -0.589332448436        0.000000000000      272.999999998405        0.000000000000
  6      270.000000000000       14.000347260752       -0.593356637306        0.000000000000      272.999999999578        0.000000000000
  6      273.000000000000       14.000347260752       -0.597458591517        0.000000000000      272.999999999921        0.000000000000
  6      276.000000000000       14.000347260752       -0.601488362335        0.000000000000      273.000000000007        0.000000000000
  6      279.000000000000       14.000347260752       -0.605501597291        0.000000000000      273.000000000025        0.000000000000
  6      282.000000000000       14.000347260752       -0.609590068312        0.000000000000      273.000000000028        0.000000000000
  6      285.000000000000       14.000347260752       -0.613648895544        0.000000000000      273.000000000029        0.000000000000
  6      288.000000000000       14.000347260752       -0.617586074359        0.000000000000      273.000000000029        0.000000000000
  6      291.000000000000       14.000347260752       -0.621564668915        0.000000000000      273.000000000029        0.000000000000
  6      294.000000000000       14.000347260752       -0.625453880746        0.000000000000      273.000000000030        0.000000000000
  6      297.000000000000       14.000347260752       -0.629347223718        0.000000000000      273.000000000029        0.000000000000
  6      300.000000000000       14.000347260752       -0.633212698101        0.000000000000      273.000000000029        0.000000000000
  6      303.000000000000       14.000347260752       -0.637079638592        0.000000000000      273.000000000029        0.000000000000
  6      306.000000000000       14.000347260752       -0.640961274790        0.000000000000      273.000000000029        0.000000000000
  6      309.000000000000       14.000347260752       -0.644867011390        0.000000000000      273.000000000028        0.000000000000
  6      312.000000000000       14.000347260752       -0.648808959348        0.000000000000      273.000000000028        0.000000000000
  6      315.000000000000       14.000347260752       -0.652788737010        0.000000000000      273.000000000028        0.000000000000
  6      318.000000000000       14.000347260752       -0.656811639703        0.000000000000      273.000000000028        0.000000000000
  6      321.000000000000       14.000347260752       -0.660882392653        0.000000000000      273.000000000029        0.000000000000
  6      324.000000000000       14.000347260752       -0.665004231720        0.000000000000      273.000000000029        0.000000000000
  6      327.000000000000       14.000347260752       -0.669187089371        0.000000000000      273.000000000029        0.000000000000
  6      330.000000000000       14.000347260752       -0.673444837581        0.000000000000      273.000000000029        0.000000000000
  6      333.000000000000       14.000347260752       -0.677777545843        0.000000000000      273.000000000028        0.000000000000
  6      336.000000000000       14.000347260752       -0.682172250207        0.000000000000      273.000000000029        0.000000000000
  6      339.000000000000       14.000347260752       -0.686627051450        0.000000000000      273.000000000029        0.000000000000
  6      342.000000000000       14.000347260752       -0.691134670122        0.000000000000      273.000000000029        0.000000000000
  6      345.000000000000       14.000347260752       -0.695692734542        0.000000000000      273.000000000029        0.000000000000
  6      348.000000000000       14.000347260752       -0.700291859825        0.000000000000      273.000000000028        0.000000000000
  6      351.000000000000       14.000347260752       -0.704922915233        0.000000000000      273.000000000028        0.000000000000
  6      354.000000000000       14.000347260752       -0.709574620406        0.000000000000      273.000000000029        0.000000000000
  6      357.000000000000       14.000347260752       -0.714234242339        0.000000000000      273.000000000029        0.000000000000
  6      360.000000000000       14.000347260752       -0.718890299899        0.000000000000      273.000000000029        0.000000000000
  6      363.000000000000       14.000347260752       -0.723535411035        0.000000000000      273.000000000029        0.000000000000
  6      366.000000000000       14.000347260752       -0.728159777976        0.000000000000      273.000000000029        0.000000000000
  6      369.000000000000       14.000347260752       -0.732750301630        0.000000000000      273.000000000028        0.000000000000
  6      372.000000000000       14.000347260752       -0.737297469642        0.000000000000      273.000000000028        0.000000000000
  6      375.000000000000       14.000347260752       -0.741791641243        0.000000000000      273.000000000028        0.000000000000
  6      378.000000000000       14.000347260752       -0.746225463886        0.000000000000      273.000000000028        0.000000000000
  6      381.000000000000       14.000347260752       -0.750588994337        0.000000000000      273.000000000029        0.000000000000
  6      384.000000000000       14.000347260752       -0.754867824959        0.000000000000      273.000000000028        0.000000000000
  6      387.000000000000       14.000347260752       -0.759057503722        0.000000000000      273.000000000028        0.000000000000
  6      390.000000000000       14.000347260752       -0.763153124793        0.000000000000      273.000000000029        0.000000000000
  6      393.000000000000       14.000347260752       -0.767146598182        0.000000000000      273.000000000028        0.000000000000
  6      396.000000000000       14.000347260752       -0.771032012754        0.000000000000      273.000000000028        0.000000000000
  6      399.000000000000       14.000347260752       -0.774795786953        0.000000000000      273.000000000028        0.000000000000
  6      402.000000000000       14.000347260752       -0.778430885445        0.000000000000      273.000000000028        0.000000000000
  6      405.000000000000       14.000347260752       -0.781929485602        0.000000000000      273.000000000028        0.000000000000
  6      408.000000000000       14.000347260752       -0.785277646552        0.000000000000      273.000000000027        0.000000000000
  6      411.000000000000       14.000347260752       -0.788463550767        0.000000000000      273.000000000029        0.000000000000
  6      414.000000000000       14.000347260752       -0.791472786309        0.000000000000      273.000000000028        0.000000000000
  6      417.000000000000       14.000347260752       -0.794292061455        0.000000000000      273.000000000027        0.000000000000
  6      420.000000000000       14.000347260752       -0.796906215174        0.000000000000      273.000000000029        0.000000000000
  6      423.000000000000       14.000347260752       -0.799294247537        0.000000000000      273.000000000028        0.000000000000
  6      426.000000000000       14.000347260752       -0.801434797821        0.000000000000      273.000000000028        0.000000000000
  6      429.000000000000       14.000347260752       -0.803332112656        0.000000000000      273.000000000029        0.000000000000
  6      432.000000000000       14.000347260752       -0.804947996580        0.000000000000      273.000000000029        0.000000000000
  6      435.000000000000       14.000347260752       -0.806318113472        0.000000000000      273.000000000029        0.000000000000
  6      438.000000000000       14.000347260752       -0.807460657220        0.000000000000      273.000000000029        0.000000000000
  6      441.000000000000       14.000347260752       -0.808380720386        0.000000000000      273.000000000029        0.000000000000
  6      444.000000000000       14.000347260752       -0.809089494854        0.000000000000      273.000000000028        0.000000000000
  6      447.000000000000       14.000347260752       -0.809616747729        0.000000000000      273.000000000029        0.000000000000
  6      450.000000000000       14.000347260752       -0.809960246393        0.000000000000      273.000000000029        0.000000000000
  6      453.000000000000       14.000347260752       -0.808448686564        0.000000000000      273.000000000029        0.000000000000
  6      456.000000000000       14.000347260752       -0.756260968122        0.000000000000      273.000000000029        0.000000000000
  7      213.000000000000        0.675147099249        9.590675765963    19910.237938770882      799.999092241689        0.000000000000
  7      216.000000000000        1.139815108954       18.835536991326    25732.711012336222      799.999055045218      105.074527213269
  7      219.000000000000        1.999219270115       21.315300628043     4563.478178560241      799.075993232731     1079.776531811861
  7      222.000000000000        3.155522941985       19.101284999258      252.611261546906      584.240476693837        3.131987203804
  7      225.000000000000        4.618326868682        2.263776033802        0.183517769899      286.465420281084        0.108141933039
  7      228.000000000000        6.816756429296       -0.067657939171        0.000011777655      273.043170683130        0.023670469521
  7      231.000000000000       14.000347260752       -0.183490364346        0.000000000000      273.000752614925        0.000000000000
  7      234.000000000000       14.000347260752       -0.193601632822        0.000000000000      273.000405152241        0.000000000000
  7      237.000000000000       14.000347260752       -0.188094638337        0.000000000000      273.000132480409        0.000000000000
  7      240.000000000000       14.000347260752       -0.173919667733        0.000000000000      273.000037542640        0.000000000000
  7      243.000000000000       14.000347260752       -0.165051234345        0.000000000000      273.000009285897        0.000000000000
  7      246.000000000000       14.000347260752       -0.161020575911        0.000000000000      273.000002166709        0.000000000000
  7      249.000000000000       14.000347260752       -0.153823562433        0.000000000000      273.000000483222        0.000000000000
  7      252.000000000000       14.000347260752       -0.144336607939        0.000000000000      273.000000052134        0.000000000000
  7      255.000000000000       14.000347260752       -0.134289108615        0.000000000000      272.999999954202        0.000000000000
  7      258.000000000000       14.000347260752       -0.125780111362        0.000000000000      272.999999962350        0.000000000000
  7      261.000000000000       14.000347260752       -0.118645053434        0.000000000000      272.999999981836        0.000000000000
  7      264.000000000000       14.000347260752       -0.112917040604        0.000000000000      272.999999993248        0.000000000000
  7      267.000000000000       14.000347260752       -0.108681361732        0.000000000000      272.999999997850        0.000000000000
  7      270.000000000000       14.000347260752       -0.105023502141        0.000000000000      272.999999999417        0.000000000000
  7      273.000000000000       14.000347260752       -0.101722188046        0.000000000000      272.999999999883        0.000000000000
  7      276.000000000000       14.000347260752       -0.098726438308        0.000000000000      273.000000000001        0.000000000000
  7      279.000000000000       14.000347260752       -0.095792420430        0.000000000000      273.000000000029        0.000000000000
  7      282.000000000000       14.000347260752       -0.092907616480        0.000000000000      273.000000000033        0.000000000000
  7      285.000000000000       14.000347260752       -0.090032980132        0.000000000000      273.000000000035        0.000000000000
  7      288.000000000000       14.000347260752       -0.087284852895        0.000000000000      273.000000000034        0.000000000000
  7      291.000000000000       14.000347260752       -0.084661270894        0.000000000000      273.000000000034        0.000000000000
  7      294.000000000000       14.000347260752       -0.082125364293        0.000000000000      273.000000000034        0.000000000000
  7      297.000000000000       14.000347260752       -0.079764305409        0.000000000000      273.000000000035        0.000000000000
  7      300.000000000000       14.000347260752       -0.077549852529        0.000000000000      273.000000000034        0.000000000000
  7      303.000000000000       14.000347260752       -0.075504727141        0.000000000000      273.000000000034        0.000000000000
  7      306.000000000000       14.000347260752       -0.073620718065        0.000000000000      273.000000000034        0.000000000000
  7      309.000000000000       14.000347260752       -0.071900579358        0.000000000000      273.000000000034        0.000000000000
  7      312.000000000000       14.000347260752       -0.070332043949        0.000000000000      273.000000000035        0.000000000000
  7      315.000000000000       14.000347260752       -0.068914286860        0.000000000000      273.000000000034        0.000000000000
  7      318.000000000000       14.000347260752       -0.067645478465        0.000000000000      273.000000000033        0.000000000000
  7      321.000000000000       14.000347260752       -0.066528145488        0.000000000000      273.000000000035        0.000000000000
  7      324.000000000000       14.000347260752       -0.065567181794        0.000000000000      273.000000000034        0.000000000000
  7      327.000000000000       14.000347260752       -0.064774392936        0.000000000000      273.000000000034        0.000000000000
  7      330.000000000000       14.000347260752       -0.064153603476        0.000000000000      273.000000000034        0.000000000000
  7      333.000000000000       14.000347260752       -0.063700985012        0.000000000000      273.000000000034        0.000000000000
  7      336.000000000000       14.000347260752       -0.063415921348        0.000000000000      273.000000000035        0.000000000000
  7      339.000000000000       14.000347260752       -0.063297690766        0.000000000000      273.000000000034        0.000000000000
  7      342.000000000000       14.000347260752       -0.063349379744        0.000000000000      273.000000000033        0.000000000000
  7      345.000000000000       14.000347260752       -0.063564646200        0.000000000000      273.000000000035        0.000000000000
  7      348.000000000000       14.000347260752       -0.063939457505        0.000000000000      273.000000000034        0.000000000000
  7      351.000000000000       14.000347260752       -0.064465203856        0.000000000000      273.000000000035        0.000000000000
  7      354.000000000000       14.000347260752       -0.065131918491        0.000000000000      273.000000000035        0.000000000000
  7      357.000000000000       14.000347260752       -0.065931940937        0.000000000000      273.000000000035        0.000000000000
  7      360.000000000000       14.000347260752       -0.066855370334        0.000000000000      273.000000000034        0.000000000000
  7      363.000000000000       14.000347260752       -0.067894474999        0.000000000000      273.000000000034        0.000000000000
  7      366.000000000000       14.000347260752       -0.069037371009        0.000000000000      273.000000000034        0.000000000000
  7      369.000000000000       14.000347260752       -0.070271353110        0.000000000000      273.000000000034        0.000000000000
  7      372.000000000000       14.000347260752       -0.071585410049        0.000000000000      273.000000000033        0.000000000000
  7      375.000000000000       14.000347260752       -0.072969150824        0.000000000000      273.000000000034        0.000000000000
  7      378.000000000000       14.000347260752       -0.074411735230        0.000000000000      273.000000000034        0.000000000000
  7      381.000000000000       14.000347260752       -0.075899058783        0.000000000000      273.000000000034        0.000000000000
  7      384.000000000000       14.000347260752       -0.077415919662        0.000000000000      273.000000000034        0.000000000000
  7      387.000000000000       14.000347260752       -0.078956765230        0.000000000000      273.000000000034        0.000000000000
  7      390.000000000000       14.000347260752       -0.080512812315        0.000000000000      273.000000000034        0.000000000000
  7      393.000000000000       14.000347260752       -0.082074560085        0.000000000000      273.000000000035        0.000000000000
  7      396.000000000000       14.000347260752       -0.083632508432        0.000000000000      273.000000000034        0.000000000000
  7      399.000000000000       14.000347260752       -0.085172985814        0.000000000000      273.000000000033        0.000000000000
  7      402.000000000000       14.000347260752       -0.086687661914        0.000000000000      273.000000000032        0.000000000000
  7      405.000000000000       14.000347260752       -0.088166697641        0.000000000000      273.000000000033        0.000000000000
  7      408.000000000000       14.000347260752       -0.089595759523        0.000000000000      273.000000000032        0.000000000000
  7      411.000000000000       14.000347260752       -0.090963174607        0.000000000000      273.000000000035        0.000000000000
  7      414.000000000000       14.000347260752       -0.092253894423        0.000000000000      273.000000000035        0.000000000000
  7      417.000000000000       14.000347260752       -0.093456171778        0.000000000000      273.000000000033        0.000000000000
  7      420.000000000000       14.000347260752       -0.094554432993        0.000000000000      273.000000000034        0.000000000000
  7      423.000000000000       14.000347260752       -0.095530235284        0.000000000000      273.000000000035        0.000000000000
  7      426.000000000000       14.000347260752       -0.096371164861        0.000000000000      273.000000000035        0.000000000000
  7      429.000000000000       14.000347260752       -0.097068995200        0.000000000000      273.000000000035        0.000000000000
  7      432.000000000000       14.000347260752       -0.097603468328        0.000000000000      273.000000000034        0.000000000000
  7      435.000000000000       14.000347260752       -0.098012905856        0.000000000000      273.000000000036        0.000000000000
  7      438.000000000000       14.000347260752       -0.098310225015        0.000000000000      273.000000000035        0.000000000000
  7      441.000000000000       14.000347260752       -0.098503621728        0.000000000000      273.000000000034        0.000000000000
  7      444.000000000000       14.000347260752       -0.098607159664        0.000000000000      273.000000000034        0.000000000000
  7      447.000000000000       14.000347260752       -0.098648781717        0.000000000000      273.000000000034        0.000000000000
  7      450.000000000000       14.000347260752       -0.098617918861        0.000000000000      273.000000000033        0.000000000000
  7      453.000000000000       14.000347260752       -0.095886787094        0.000000000000      273.000000000036        0.000000000000
  7      456.000000000000       14.000347260752       -0.033062316647        0.000000000000      273.000000000035        0.000000000000
  8      213.000000000000        0.837491696083        9.223392997985    12449.373728959590      799.998663279785        0.000000000000
  8      216.000000000000        1.351821275115       17.844090065793    14183.471693460662      799.998736180807       90.562145732370
  8      219.000000000000        2.224681332804       19.740842073772     2349.027828310470      793.284373856962     5266.614205917753
  8      222.000000000000        3.326313264058       17.074412645660      136.457571305329      494.572900397750        2.111296676911
  8      225.000000000000        4.957162840887        1.333666472228        0.043219813834      277.689524662354        0.086632652960
  8      228.000000000000       14.000347260752        0.123847092777        0.000000000000      273.001451130645        0.000000000000
  8      231.000000000000       14.000347260752        0.034729780553        0.000000000000      273.000211574597        0.000000000000
  8      234.000000000000       14.000347260752       -0.021166206377        0.000000000000      273.000073692035        0.000000000000
  8      237.000000000000       14.000347260752       -0.052567740639        0.000000000000      273.000022229547        0.000000000000
  8      240.000000000000       14.000347260752       -0.075062379916        0.000000000000      273.000007922181        0.000000000000
  8      243.000000000000       14.000347260752       -0.086054203847        0.000000000000      273.000003327733        0.000000000000
  8      246.000000000000       14.000347260752       -0.090231259181        0.000000000000      273.000001443087        0.000000000000
  8      249.000000000000       14.000347260752       -0.083709360525        0.000000000000      273.000000443380        0.000000000000
  8      252.000000000000       14.000347260752       -0.074085349881        0.000000000000      272.999999999819        0.000000000000
  8      255.000000000000       14.000347260752       -0.060242510026        0.000000000000      272.999999915797        0.000000000000
  8      258.000000000000       14.000347260752       -0.045165994825        0.000000000000      272.999999950751        0.000000000000
  8      261.000000000000       14.000347260752       -0.029358816230        0.000000000000      272.999999978210        0.000000000000
  8      264.000000000000       14.000347260752       -0.019174855135        0.000000000000      272.999999992085        0.000000000000
  8      267.000000000000       14.000347260752       -0.010753429895        0.000000000000      272.999999997503        0.000000000000
  8      270.000000000000       14.000347260752       -0.005067609596        0.000000000000      272.999999999329        0.000000000000
  8      273.000000000000       14.000347260752       -0.001693069361        0.000000000000      272.999999999864        0.000000000000
  8      276.000000000000       14.000347260752        0.000537645037        0.000000000000      272.999999999998        0.000000000000
  8      279.000000000000       14.000347260752        0.002251208971        0.000000000000      273.000000000028        0.000000000000
  8      282.000000000000       14.000347260752        0.004035658113        0.000000000000      273.000000000034        0.000000000000
  8      285.000000000000       14.000347260752        0.006155046287        0.000000000000      273.000000000034        0.000000000000
  8      288.000000000000       14.000347260752        0.008688279777        0.000000000000      273.000000000035        0.000000000000
  8      291.000000000000       14.000347260752        0.011645169495        0.000000000000      273.000000000035        0.000000000000
  8      294.000000000000       14.000347260752        0.014904846894        0.000000000000      273.000000000036        0.000000000000
  8      297.000000000000       14.000347260752        0.018309491067        0.000000000000      273.000000000036        0.000000000000
  8      300.000000000000       14.000347260752        0.021784543934        0.000000000000      273.000000000035        0.000000000000
  8      303.000000000000       14.000347260752        0.025235518056        0.000000000000      273.000000000036        0.000000000000
  8      306.000000000000       14.000347260752        0.028612490822        0.000000000000      273.000000000035        0.000000000000
  8      309.000000000000       14.000347260752        0.031882786272        0.000000000000      273.000000000035        0.000000000000
  8      312.000000000000       14.000347260752        0.035032377430        0.000000000000      273.000000000035        0.000000000000
  8      315.000000000000       14.000347260752        0.038046412192        0.000000000000      273.000000000035        0.000000000000
  8      318.000000000000       14.000347260752        0.040917306924        0.000000000000      273.000000000035        0.000000000000
  8      321.000000000000       14.000347260752        0.043635579356        0.000000000000      273.000000000034        0.000000000000
  8      324.000000000000       14.000347260752        0.046192930255        0.000000000000      273.000000000036        0.000000000000
  8      327.000000000000       14.000347260752        0.048582946519        0.000000000000      273.000000000036        0.000000000000
  8      330.000000000000       14.000347260752        0.050802663820        0.000000000000      273.000000000036        0.000000000000
  8      333.000000000000       14.000347260752        0.052848881019        0.000000000000      273.000000000035        0.000000000000
  8      336.000000000000       14.000347260752        0.054714590549        0.000000000000      273.000000000035        0.000000000000
  8      339.000000000000       14.000347260752        0.056386329965        0.000000000000      273.000000000035        0.000000000000
  8      342.000000000000       14.000347260752        0.057865517340        0.000000000000      273.000000000036        0.000000000000
  8      345.000000000000       14.000347260752        0.059144073473        0.000000000000      273.000000000035        0.000000000000
  8      348.000000000000       14.000347260752        0.060216767986        0.000000000000      273.000000000036        0.000000000000
  8      351.000000000000       14.000347260752        0.061091651839        0.000000000000      273.000000000035        0.000000000000
  8      354.000000000000       14.000347260752        0.061756488580        0.000000000000      273.000000000036        0.000000000000
  8      357.000000000000       14.000347260752        0.062216591184        0.000000000000      273.000000000035        0.000000000000
  8      360.000000000000       14.000347260752        0.062485775113        0.000000000000      273.000000000034        0.000000000000
  8      363.000000000000       14.000347260752        0.062553167630        0.000000000000      273.000000000035        0.000000000000
  8      366.000000000000       14.000347260752        0.062437206118        0.000000000000      273.000000000035        0.000000000000
  8      369.000000000000       14.000347260752        0.062138593015        0.000000000000      273.000000000035        0.000000000000
  8      372.000000000000       14.000347260752        0.061674755334        0.000000000000      273.000000000034        0.000000000000
  8      375.000000000000       14.000347260752        0.061055009218        0.000000000000      273.000000000034        0.000000000000
  8      378.000000000000       14.000347260752        0.060293510510        0.000000000000      273.000000000033        0.000000000000
  8      381.000000000000       14.000347260752        0.059408486719        0.000000000000      273.000000000033        0.000000000000
  8      384.000000000000       14.000347260752        0.058414651573        0.000000000000      273.000000000035        0.000000000000
  8      387.000000000000       14.000347260752        0.057322970585        0.000000000000      273.000000000036        0.000000000000
  8      390.000000000000       14.000347260752        0.056148078481        0.000000000000      273.000000000035        0.000000000000
  8      393.000000000000       14.000347260752        0.054905870885        0.000000000000      273.000000000035        0.000000000000
  8      396.000000000000       14.000347260752        0.053613273643        0.000000000000      273.000000000035        0.000000000000
  8      399.000000000000       14.000347260752        0.052287003224        0.000000000000      273.000000000033        0.000000000000
  8      402.000000000000       14.000347260752        0.050941672197        0.000000000000      273.000000000033        0.000000000000
  8      405.000000000000       14.000347260752        0.049593886637        0.000000000000      273.000000000033        0.000000000000
  8      408.000000000000       14.000347260752        0.048263269978        0.000000000000      273.000000000033        0.000000000000
  8      411.000000000000       14.000347260752        0.046967030426        0.000000000000      273.000000000033        0.000000000000
  8      414.000000000000       14.000347260752        0.045725256919        0.000000000000      273.000000000034        0.000000000000
  8      417.000000000000       14.000347260752        0.044553621205        0.000000000000      273.000000000034        0.000000000000
  8      420.000000000000       14.000347260752        0.043474054650        0.000000000000      273.000000000035        0.000000000000
  8      423.000000000000       14.000347260752        0.042505101306        0.000000000000      273.000000000034        0.000000000000
  8      426.000000000000       14.000347260752        0.041655181844        0.000000000000      273.000000000036        0.000000000000
  8      429.000000000000       14.000347260752        0.040953514851        0.000000000000      273.000000000035        0.000000000000
  8      432.000000000000       14.000347260752        0.040398366915        0.000000000000      273.000000000035        0.000000000000
  8      435.000000000000       14.000347260752        0.039960123602        0.000000000000      273.000000000035        0.000000000000
  8      438.000000000000       14.000347260752        0.039634208494        0.000000000000      273.000000000036        0.000000000000
  8      441.000000000000       14.000347260752        0.039411683650        0.000000000000      273.000000000034        0.000000000000
  8      444.000000000000       14.000347260752        0.039278892330        0.000000000000      273.000000000035        0.000000000000
  8      447.000000000000       14.000347260752        0.039216254431        0.000000000000      273.000000000035        0.000000000000
  8      450.000000000000       14.000347260752        0.039236082137        0.000000000000      273.000000000036        0.000000000000
  8      453.000000000000       14.000347260752        0.043161722168        0.000000000000      273.000000000035        0.000000000000
  8      456.000000000000       14.000347260752        0.120418172410        0.000000000000      273.000000000036        0.000000000000
