!------------------------------------------------------------!
  Date: 20191113
  Simulation name: AWZ4 
  Filename:slice_halfl.txt                                                                                                                                       
  Produced in mod-subroutine:  column.mod/slice                                                                                                                                      
  Written by AK September 2019
  Description:Veritcal column at x150_z606                                                                                                                          
  Data format: t  YYY  EPP   U_G   DPU   T_G   Ri                                                                                                                   
!------------------------------------------------------------!
  1        213.0000000000         14.0003472608          0.0000000000          0.0000000000        273.0000000000          0.0000000000
  1        216.0000000000         14.0003472608          0.0000000000          0.0000000000        273.0000000000          0.0000000000
  1        219.0000000000         14.0003472608          0.0000000000          0.0000000000        273.0000000000          0.0000000000
  1        222.0000000000         14.0003472608          0.0000000000          0.0000000000        273.0000000000          0.0000000000
  1        225.0000000000         14.0003472608          0.0000000000          0.0000000000        273.0000000000          0.0000000000
  1        228.0000000000         14.0003472608          0.0000000000          0.0000000000        273.0000000000          0.0000000000
  1        231.0000000000         14.0003472608          0.0000000000          0.0000000000        273.0000000000          0.0000000000
  1        234.0000000000         14.0003472608          0.0000000000          0.0000000000        273.0000000000          0.0000000000
  1        237.0000000000         14.0003472608          0.0000000000          0.0000000000        273.0000000000          0.0000000000
  1        240.0000000000         14.0003472608          0.0000000000          0.0000000000        273.0000000000          0.0000000000
  1        243.0000000000         14.0003472608          0.0000000000          0.0000000000        273.0000000000          0.0000000000
  1        246.0000000000         14.0003472608          0.0000000000          0.0000000000        273.0000000000          0.0000000000
  1        249.0000000000         14.0003472608          0.0000000000          0.0000000000        273.0000000000          0.0000000000
  1        252.0000000000         14.0003472608          0.0000000000          0.0000000000        273.0000000000          0.0000000000
  1        255.0000000000         14.0003472608          0.0000000000          0.0000000000        273.0000000000          0.0000000000
  1        258.0000000000         14.0003472608          0.0000000000          0.0000000000        273.0000000000          0.0000000000
  1        261.0000000000         14.0003472608          0.0000000000          0.0000000000        273.0000000000          0.0000000000
  1        264.0000000000         14.0003472608          0.0000000000          0.0000000000        273.0000000000          0.0000000000
  1        267.0000000000         14.0003472608          0.0000000000          0.0000000000        273.0000000000          0.0000000000
  1        270.0000000000         14.0003472608          0.0000000000          0.0000000000        273.0000000000          0.0000000000
  1        273.0000000000         14.0003472608          0.0000000000          0.0000000000        273.0000000000          0.0000000000
  1        276.0000000000         14.0003472608          0.0000000000          0.0000000000        273.0000000000          0.0000000000
  1        279.0000000000         14.0003472608          0.0000000000          0.0000000000        273.0000000000          0.0000000000
  1        282.0000000000         14.0003472608          0.0000000000          0.0000000000        273.0000000000          0.0000000000
  1        285.0000000000         14.0003472608          0.0000000000          0.0000000000        273.0000000000          0.0000000000
  1        288.0000000000         14.0003472608          0.0000000000          0.0000000000        273.0000000000          0.0000000000
  1        291.0000000000         14.0003472608          0.0000000000          0.0000000000        273.0000000000          0.0000000000
  1        294.0000000000         14.0003472608          0.0000000000          0.0000000000        273.0000000000          0.0000000000
  1        297.0000000000         14.0003472608          0.0000000000          0.0000000000        273.0000000000          0.0000000000
  1        300.0000000000         14.0003472608          0.0000000000          0.0000000000        273.0000000000          0.0000000000
  1        303.0000000000         14.0003472608          0.0000000000          0.0000000000        273.0000000000          0.0000000000
  1        306.0000000000         14.0003472608          0.0000000000          0.0000000000        273.0000000000          0.0000000000
  1        309.0000000000         14.0003472608          0.0000000000          0.0000000000        273.0000000000          0.0000000000
  1        312.0000000000         14.0003472608          0.0000000000          0.0000000000        273.0000000000          0.0000000000
  1        315.0000000000         14.0003472608          0.0000000000          0.0000000000        273.0000000000          0.0000000000
  1        318.0000000000         14.0003472608          0.0000000000          0.0000000000        273.0000000000          0.0000000000
  1        321.0000000000         14.0003472608          0.0000000000          0.0000000000        273.0000000000          0.0000000000
  1        324.0000000000         14.0003472608          0.0000000000          0.0000000000        273.0000000000          0.0000000000
  1        327.0000000000         14.0003472608          0.0000000000          0.0000000000        273.0000000000          0.0000000000
  1        330.0000000000         14.0003472608          0.0000000000          0.0000000000        273.0000000000          0.0000000000
  1        333.0000000000         14.0003472608          0.0000000000          0.0000000000        273.0000000000          0.0000000000
  1        336.0000000000         14.0003472608          0.0000000000          0.0000000000        273.0000000000          0.0000000000
  1        339.0000000000         14.0003472608          0.0000000000          0.0000000000        273.0000000000          0.0000000000
  1        342.0000000000         14.0003472608          0.0000000000          0.0000000000        273.0000000000          0.0000000000
  1        345.0000000000         14.0003472608          0.0000000000          0.0000000000        273.0000000000          0.0000000000
  1        348.0000000000         14.0003472608          0.0000000000          0.0000000000        273.0000000000          0.0000000000
  1        351.0000000000         14.0003472608          0.0000000000          0.0000000000        273.0000000000          0.0000000000
  1        354.0000000000         14.0003472608          0.0000000000          0.0000000000        273.0000000000          0.0000000000
  1        357.0000000000         14.0003472608          0.0000000000          0.0000000000        273.0000000000          0.0000000000
  1        360.0000000000         14.0003472608          0.0000000000          0.0000000000        273.0000000000          0.0000000000
  1        363.0000000000         14.0003472608          0.0000000000          0.0000000000        273.0000000000          0.0000000000
  1        366.0000000000         14.0003472608          0.0000000000          0.0000000000        273.0000000000          0.0000000000
  1        369.0000000000         14.0003472608          0.0000000000          0.0000000000        273.0000000000          0.0000000000
  1        372.0000000000         14.0003472608          0.0000000000          0.0000000000        273.0000000000          0.0000000000
  1        375.0000000000         14.0003472608          0.0000000000          0.0000000000        273.0000000000          0.0000000000
  1        378.0000000000         14.0003472608          0.0000000000          0.0000000000        273.0000000000          0.0000000000
  1        381.0000000000         14.0003472608          0.0000000000          0.0000000000        273.0000000000          0.0000000000
  1        384.0000000000         14.0003472608          0.0000000000          0.0000000000        273.0000000000          0.0000000000
  1        387.0000000000         14.0003472608          0.0000000000          0.0000000000        273.0000000000          0.0000000000
  1        390.0000000000         14.0003472608          0.0000000000          0.0000000000        273.0000000000          0.0000000000
  1        393.0000000000         14.0003472608          0.0000000000          0.0000000000        273.0000000000          0.0000000000
  1        396.0000000000         14.0003472608          0.0000000000          0.0000000000        273.0000000000          0.0000000000
  1        399.0000000000         14.0003472608          0.0000000000          0.0000000000        273.0000000000          0.0000000000
  1        402.0000000000         14.0003472608          0.0000000000          0.0000000000        273.0000000000          0.0000000000
  1        405.0000000000         14.0003472608          0.0000000000          0.0000000000        273.0000000000          0.0000000000
  1        408.0000000000         14.0003472608          0.0000000000          0.0000000000        273.0000000000          0.0000000000
  1        411.0000000000         14.0003472608          0.0000000000          0.0000000000        273.0000000000          0.0000000000
  1        414.0000000000         14.0003472608          0.0000000000          0.0000000000        273.0000000000          0.0000000000
  1        417.0000000000         14.0003472608          0.0000000000          0.0000000000        273.0000000000          0.0000000000
  1        420.0000000000         14.0003472608          0.0000000000          0.0000000000        273.0000000000          0.0000000000
  1        423.0000000000         14.0003472608          0.0000000000          0.0000000000        273.0000000000          0.0000000000
  1        426.0000000000         14.0003472608          0.0000000000          0.0000000000        273.0000000000          0.0000000000
  1        429.0000000000         14.0003472608          0.0000000000          0.0000000000        273.0000000000          0.0000000000
  1        432.0000000000         14.0003472608          0.0000000000          0.0000000000        273.0000000000          0.0000000000
  1        435.0000000000         14.0003472608          0.0000000000          0.0000000000        273.0000000000          0.0000000000
  1        438.0000000000         14.0003472608          0.0000000000          0.0000000000        273.0000000000          0.0000000000
  1        441.0000000000         14.0003472608          0.0000000000          0.0000000000        273.0000000000          0.0000000000
  1        444.0000000000         14.0003472608          0.0000000000          0.0000000000        273.0000000000          0.0000000000
  1        447.0000000000         14.0003472608          0.0000000000          0.0000000000        273.0000000000          0.0000000000
  1        450.0000000000         14.0003472608          0.0000000000          0.0000000000        273.0000000000          0.0000000000
  1        453.0000000000         14.0003472608          0.0000000000          0.0000000000        273.0000000000          0.0000000000
  1        456.0000000000         14.0003472608          0.0000000000          0.0000000000        273.0000000000          0.0000000000
  2        213.0000000000         14.0003472608          4.3723122722          0.0000000000        272.9977278118          0.0000000000
  2        216.0000000000         14.0003472608          4.4020127972          0.0000000000        272.9996939716          0.0000000000
  2        219.0000000000         14.0003472608          4.4709541562          0.0000000000        272.9999436661          0.0000000000
  2        222.0000000000         14.0003472608          4.4011579749          0.0000000000        272.9999876866          0.0000000000
  2        225.0000000000         14.0003472608          4.2446532020          0.0000000000        272.9999969898          0.0000000000
  2        228.0000000000         14.0003472608          3.9458378045          0.0000000000        272.9999992111          0.0000000000
  2        231.0000000000         14.0003472608          3.5422708498          0.0000000000        272.9999997867          0.0000000000
  2        234.0000000000         14.0003472608          3.1385252440          0.0000000000        272.9999999422          0.0000000000
  2        237.0000000000         14.0003472608          2.7958361183          0.0000000000        272.9999999845          0.0000000000
  2        240.0000000000         14.0003472608          2.5727685439          0.0000000000        272.9999999959          0.0000000000
  2        243.0000000000         14.0003472608          2.5089436378          0.0000000000        272.9999999990          0.0000000000
  2        246.0000000000         14.0003472608          2.5982020610          0.0000000000        272.9999999997          0.0000000000
  2        249.0000000000         14.0003472608          2.5071092951          0.0000000000        272.9999999999          0.0000000000
  2        252.0000000000         14.0003472608          2.3130008036          0.0000000000        273.0000000000          0.0000000000
  2        255.0000000000         14.0003472608          1.9897218922          0.0000000000        273.0000000000          0.0000000000
  2        258.0000000000         14.0003472608          1.6498229920          0.0000000000        273.0000000000          0.0000000000
  2        261.0000000000         14.0003472608          1.3270800001          0.0000000000        273.0000000000          0.0000000000
  2        264.0000000000         14.0003472608          1.0341698559          0.0000000000        273.0000000000          0.0000000000
  2        267.0000000000         14.0003472608          0.7788549096          0.0000000000        273.0000000000          0.0000000000
  2        270.0000000000         14.0003472608          0.5643874017          0.0000000000        273.0000000000          0.0000000000
  2        273.0000000000         14.0003472608          0.3877899096          0.0000000000        273.0000000000          0.0000000000
  2        276.0000000000         14.0003472608          0.2436822858          0.0000000000        273.0000000000          0.0000000000
  2        279.0000000000         14.0003472608          0.1267945369          0.0000000000        273.0000000000          0.0000000000
  2        282.0000000000         14.0003472608          0.0323284671          0.0000000000        273.0000000000          0.0000000000
  2        285.0000000000         14.0003472608         -0.0439206229          0.0000000000        273.0000000000          0.0000000000
  2        288.0000000000         14.0003472608         -0.1054865820          0.0000000000        273.0000000000          0.0000000000
  2        291.0000000000         14.0003472608         -0.1553115798          0.0000000000        273.0000000000          0.0000000000
  2        294.0000000000         14.0003472608         -0.1958018747          0.0000000000        273.0000000000          0.0000000000
  2        297.0000000000         14.0003472608         -0.2288648349          0.0000000000        273.0000000000          0.0000000000
  2        300.0000000000         14.0003472608         -0.2560096169          0.0000000000        273.0000000000          0.0000000000
  2        303.0000000000         14.0003472608         -0.2783647523          0.0000000000        273.0000000000          0.0000000000
  2        306.0000000000         14.0003472608         -0.2967469817          0.0000000000        273.0000000000          0.0000000000
  2        309.0000000000         14.0003472608         -0.3117706837          0.0000000000        273.0000000000          0.0000000000
  2        312.0000000000         14.0003472608         -0.3239239214          0.0000000000        273.0000000000          0.0000000000
  2        315.0000000000         14.0003472608         -0.3336028593          0.0000000000        273.0000000000          0.0000000000
  2        318.0000000000         14.0003472608         -0.3411199574          0.0000000000        273.0000000000          0.0000000000
  2        321.0000000000         14.0003472608         -0.3467837760          0.0000000000        273.0000000000          0.0000000000
  2        324.0000000000         14.0003472608         -0.3508935630          0.0000000000        273.0000000000          0.0000000000
  2        327.0000000000         14.0003472608         -0.3537387729          0.0000000000        273.0000000000          0.0000000000
  2        330.0000000000         14.0003472608         -0.3555665586          0.0000000000        273.0000000000          0.0000000000
  2        333.0000000000         14.0003472608         -0.3566384420          0.0000000000        273.0000000000          0.0000000000
  2        336.0000000000         14.0003472608         -0.3571562950          0.0000000000        273.0000000000          0.0000000000
  2        339.0000000000         14.0003472608         -0.3573258149          0.0000000000        273.0000000000          0.0000000000
  2        342.0000000000         14.0003472608         -0.3573094262          0.0000000000        273.0000000000          0.0000000000
  2        345.0000000000         14.0003472608         -0.3571891380          0.0000000000        273.0000000000          0.0000000000
  2        348.0000000000         14.0003472608         -0.3570971198          0.0000000000        273.0000000000          0.0000000000
  2        351.0000000000         14.0003472608         -0.3571505963          0.0000000000        273.0000000000          0.0000000000
  2        354.0000000000         14.0003472608         -0.3573470451          0.0000000000        273.0000000000          0.0000000000
  2        357.0000000000         14.0003472608         -0.3577559130          0.0000000000        273.0000000000          0.0000000000
  2        360.0000000000         14.0003472608         -0.3584864199          0.0000000000        273.0000000000          0.0000000000
  2        363.0000000000         14.0003472608         -0.3595427887          0.0000000000        273.0000000000          0.0000000000
  2        366.0000000000         14.0003472608         -0.3609562977          0.0000000000        273.0000000000          0.0000000000
  2        369.0000000000         14.0003472608         -0.3627839039          0.0000000000        273.0000000000          0.0000000000
  2        372.0000000000         14.0003472608         -0.3650357737          0.0000000000        273.0000000000          0.0000000000
  2        375.0000000000         14.0003472608         -0.3676889417          0.0000000000        273.0000000000          0.0000000000
  2        378.0000000000         14.0003472608         -0.3707537807          0.0000000000        273.0000000000          0.0000000000
  2        381.0000000000         14.0003472608         -0.3742217501          0.0000000000        273.0000000000          0.0000000000
  2        384.0000000000         14.0003472608         -0.3780373276          0.0000000000        273.0000000000          0.0000000000
  2        387.0000000000         14.0003472608         -0.3821669353          0.0000000000        273.0000000000          0.0000000000
  2        390.0000000000         14.0003472608         -0.3865888443          0.0000000000        273.0000000000          0.0000000000
  2        393.0000000000         14.0003472608         -0.3912484325          0.0000000000        273.0000000000          0.0000000000
  2        396.0000000000         14.0003472608         -0.3960889480          0.0000000000        273.0000000000          0.0000000000
  2        399.0000000000         14.0003472608         -0.4010626511          0.0000000000        273.0000000000          0.0000000000
  2        402.0000000000         14.0003472608         -0.4061141246          0.0000000000        273.0000000000          0.0000000000
  2        405.0000000000         14.0003472608         -0.4111820999          0.0000000000        273.0000000000          0.0000000000
  2        408.0000000000         14.0003472608         -0.4162333517          0.0000000000        273.0000000000          0.0000000000
  2        411.0000000000         14.0003472608         -0.4212037061          0.0000000000        273.0000000000          0.0000000000
  2        414.0000000000         14.0003472608         -0.4260534333          0.0000000000        273.0000000000          0.0000000000
  2        417.0000000000         14.0003472608         -0.4307278237          0.0000000000        273.0000000000          0.0000000000
  2        420.0000000000         14.0003472608         -0.4351880063          0.0000000000        273.0000000000          0.0000000000
  2        423.0000000000         14.0003472608         -0.4393804555          0.0000000000        273.0000000000          0.0000000000
  2        426.0000000000         14.0003472608         -0.4432503800          0.0000000000        273.0000000000          0.0000000000
  2        429.0000000000         14.0003472608         -0.4467880351          0.0000000000        273.0000000000          0.0000000000
  2        432.0000000000         14.0003472608         -0.4499206282          0.0000000000        273.0000000000          0.0000000000
  2        435.0000000000         14.0003472608         -0.4526658828          0.0000000000        273.0000000000          0.0000000000
  2        438.0000000000         14.0003472608         -0.4550406448          0.0000000000        273.0000000000          0.0000000000
  2        441.0000000000         14.0003472608         -0.4570091587          0.0000000000        273.0000000000          0.0000000000
  2        444.0000000000         14.0003472608         -0.4585967715          0.0000000000        273.0000000000          0.0000000000
  2        447.0000000000         14.0003472608         -0.4598424055          0.0000000000        273.0000000000          0.0000000000
  2        450.0000000000         14.0003472608         -0.4606913024          0.0000000000        273.0000000000          0.0000000000
  2        453.0000000000         14.0003472608         -0.4615958762          0.0000000000        273.0000000000          0.0000000000
  2        456.0000000000         14.0003472608         -0.4817889218          0.0000000000        273.0000000000          0.0000000000
  3        213.0000000000          2.1712549695          1.5983306608        418.8745093760        782.7778976800          0.0000000000
  3        216.0000000000          0.9328722568         17.2817522140      35136.3003884678        799.8450617471        -12.8243535805
  3        219.0000000000          0.9714258668         24.6718115169      64659.0723951673        799.9624828553        148.2284062465
  3        222.0000000000          1.6903604035         23.5613364690      11515.6437729336        796.5263447220        331.5314950713
  3        225.0000000000          3.3274355027         16.2414113477        203.9437370019        561.2207564022          6.6598485899
  3        228.0000000000          4.6934572626         11.9327666651          8.5217670727        509.3832901582          0.2044541156
  3        231.0000000000          6.2488758087          9.3709540657          0.1495783296        556.8753016793         -0.4771343139
  3        234.0000000000          3.4327260374          7.0160348804         65.6595530500        710.1903261928        -83.3018437576
  3        237.0000000000          2.4674606335          8.3092271972        761.3892201217        764.7189082707         -2.2751687685
  3        240.0000000000          2.6665743070          9.6647046792        559.9134948861        716.9384008265         19.2768031544
  3        243.0000000000          3.3530315418         10.6725688179        122.9770351508        584.3122105836       5764.8635112310
  3        246.0000000000          4.1713807718         10.7407282703         25.5075332506        493.8737913688         10.2056956514
  3        249.0000000000          4.1592506805         10.3470036671         34.9746594421        487.9850824414         -0.1221429943
  3        252.0000000000          4.1426575299          9.5677914830         46.9072227923        494.8677141613          0.2560106582
  3        255.0000000000          4.1646845959          9.2435632064         48.4860246859        511.4962954111          0.1645094433
  3        258.0000000000          4.0125137988         10.3654245946         67.0275462148        565.6330978475         -3.8483252172
  3        261.0000000000          3.6876597889         11.1086272221        143.4930838001        606.5918071593         -3.1418860840
  3        264.0000000000          3.4053350070         10.8612620210        262.9532902787        605.9811332918        -20.8635051316
  3        267.0000000000          3.2584597981          9.9881140751        329.3657958261        613.3305762303       -551.1222817337
  3        270.0000000000          3.1794737146          8.7385562322        342.5891946220        636.8121427990        -48.7659308084
  3        273.0000000000          3.1757534990          7.7454910231        316.9930027762        681.7423868042         65.1988047833
  3        276.0000000000          3.2015232254          7.1340107251        299.8496247527        678.5651715625          8.7629013278
  3        279.0000000000          3.2401360444          6.7850103973        265.5707850254        679.7981822464         -5.8596582272
  3        282.0000000000          3.1793260013          6.5459796286        307.4194146871        695.0426670197        -12.0939485129
  3        285.0000000000          3.0378473212          5.8477735198        433.4552136021        723.0717410453         -3.0626639033
  3        288.0000000000          2.9322494225          4.2075182348        555.8034002838        742.2288759493         -2.0395339384
  3        291.0000000000          2.8643994146          2.2808991998        633.9848726324        755.0198875754         -1.3848882775
  3        294.0000000000          2.8226196402          0.3260680711        698.8894164115        763.5440139011         -0.2984751895
  3        297.0000000000          2.8463035318         -0.0336292734        644.3342579789        769.5208366635          9.3482100910
  3        300.0000000000          2.9434282510          0.6039733948        518.3638550677        762.0732864509       1154.3652131421
  3        303.0000000000          3.3234856876          2.2263520526        260.5080265466        685.6193107533         64.2247676753
  3        306.0000000000          3.6357933131          2.8113305279        146.7639840127        586.5158089613          4.4024791712
  3        309.0000000000          3.4933320816          4.2071087807        202.6636055064        616.9197171427         -6.2014381891
  3        312.0000000000          3.2445580284          5.8227182879        304.6591171860        677.6184971885        -47.1359687021
  3        315.0000000000          3.3121069877          5.7122135029        163.7150083080        642.8742933488          1.7802017023
  3        318.0000000000          3.8440216737          3.3204615976         32.8115422703        407.0965741285          1.0688389192
  3        321.0000000000         14.0003472608          0.3752633938          0.0000000000        273.5923156760          0.0000000000
  3        324.0000000000         14.0003472608         -0.0017255757          0.0000000000        273.0000000294          0.0000000000
  3        327.0000000000         14.0003472608         -0.0706776373          0.0000000000        273.0000000092          0.0000000000
  3        330.0000000000         14.0003472608         -0.0609326783          0.0000000000        273.0000000030          0.0000000000
  3        333.0000000000         14.0003472608         -0.0262548708          0.0000000000        273.0000000007          0.0000000000
  3        336.0000000000         14.0003472608          0.0143231431          0.0000000000        273.0000000001          0.0000000000
  3        339.0000000000         14.0003472608          0.0531266590          0.0000000000        273.0000000000          0.0000000000
  3        342.0000000000         14.0003472608          0.0894078555          0.0000000000        273.0000000000          0.0000000000
  3        345.0000000000         14.0003472608          0.1228794397          0.0000000000        273.0000000000          0.0000000000
  3        348.0000000000         14.0003472608          0.1535062494          0.0000000000        273.0000000000          0.0000000000
  3        351.0000000000         14.0003472608          0.1814933102          0.0000000000        273.0000000000          0.0000000000
  3        354.0000000000         14.0003472608          0.2070902663          0.0000000000        273.0000000000          0.0000000000
  3        357.0000000000         14.0003472608          0.2305704879          0.0000000000        273.0000000000          0.0000000000
  3        360.0000000000         14.0003472608          0.2522002339          0.0000000000        273.0000000000          0.0000000000
  3        363.0000000000         14.0003472608          0.2721983268          0.0000000000        273.0000000000          0.0000000000
  3        366.0000000000         14.0003472608          0.2907435010          0.0000000000        273.0000000000          0.0000000000
  3        369.0000000000         14.0003472608          0.3079819492          0.0000000000        273.0000000000          0.0000000000
  3        372.0000000000         14.0003472608          0.3240383246          0.0000000000        273.0000000000          0.0000000000
  3        375.0000000000         14.0003472608          0.3389963288          0.0000000000        273.0000000000          0.0000000000
  3        378.0000000000         14.0003472608          0.3529407753          0.0000000000        273.0000000000          0.0000000000
  3        381.0000000000         14.0003472608          0.3659284989          0.0000000000        273.0000000000          0.0000000000
  3        384.0000000000         14.0003472608          0.3780247106          0.0000000000        273.0000000000          0.0000000000
  3        387.0000000000         14.0003472608          0.3892846242          0.0000000000        273.0000000000          0.0000000000
  3        390.0000000000         14.0003472608          0.3997521763          0.0000000000        273.0000000000          0.0000000000
  3        393.0000000000         14.0003472608          0.4094354242          0.0000000000        273.0000000000          0.0000000000
  3        396.0000000000         14.0003472608          0.4183925257          0.0000000000        273.0000000000          0.0000000000
  3        399.0000000000         14.0003472608          0.4266543304          0.0000000000        273.0000000000          0.0000000000
  3        402.0000000000         14.0003472608          0.4342552595          0.0000000000        273.0000000000          0.0000000000
  3        405.0000000000         14.0003472608          0.4412296146          0.0000000000        273.0000000000          0.0000000000
  3        408.0000000000         14.0003472608          0.4476101286          0.0000000000        273.0000000000          0.0000000000
  3        411.0000000000         14.0003472608          0.4534325608          0.0000000000        273.0000000000          0.0000000000
  3        414.0000000000         14.0003472608          0.4587319116          0.0000000000        273.0000000000          0.0000000000
  3        417.0000000000         14.0003472608          0.4635469017          0.0000000000        273.0000000000          0.0000000000
  3        420.0000000000         14.0003472608          0.4679171022          0.0000000000        273.0000000000          0.0000000000
  3        423.0000000000         14.0003472608          0.4718789906          0.0000000000        273.0000000000          0.0000000000
  3        426.0000000000         14.0003472608          0.4754994460          0.0000000000        273.0000000000          0.0000000000
  3        429.0000000000         14.0003472608          0.4787995385          0.0000000000        273.0000000000          0.0000000000
  3        432.0000000000         14.0003472608          0.4818240952          0.0000000000        273.0000000000          0.0000000000
  3        435.0000000000         14.0003472608          0.4845859134          0.0000000000        273.0000000000          0.0000000000
  3        438.0000000000         14.0003472608          0.4870572571          0.0000000000        273.0000000000          0.0000000000
  3        441.0000000000         14.0003472608          0.4892476879          0.0000000000        273.0000000000          0.0000000000
  3        444.0000000000         14.0003472608          0.4911427906          0.0000000000        273.0000000000          0.0000000000
  3        447.0000000000         14.0003472608          0.4927074762          0.0000000000        273.0000000000          0.0000000000
  3        450.0000000000         14.0003472608          0.4939584435          0.0000000000        273.0000000000          0.0000000000
  3        453.0000000000         14.0003472608          0.4944567383          0.0000000000        273.0000000000          0.0000000000
  3        456.0000000000         14.0003472608          0.4703300202          0.0000000000        273.0000000000          0.0000000000
  4        213.0000000000          0.6268760425         -4.1489199696      43040.9382987852        799.8475364256          0.0000000000
  4        216.0000000000          0.8080180824          3.5104140833       2763.8609256616        799.7256920610         87.3237813520
  4        219.0000000000          0.8697079254          3.2794982968       2743.7585099830        799.6216483213        -31.4940971636
  4        222.0000000000          0.6638022509         12.9251822416      47409.6154370958        799.8934617651          0.3501253182
  4        225.0000000000          0.8722087489         18.6594804376      51541.9247277845        799.7296651150       5413.1520015812
  4        228.0000000000          1.2904076763         18.8908500620      19579.8146775674        798.7056267111        667.2872862234
  4        231.0000000000          1.5999817589         15.5134172707      10813.0378358866        798.6710634954         25.9605449322
  4        234.0000000000          1.4865263853         10.8595059174      15295.2770410194        799.0451204201        -47.9579253361
  4        237.0000000000          1.2077528177          7.0291106750      22899.6325293538        799.4246199504        -76.2839111691
  4        240.0000000000          1.0429753038          3.3286977874      22129.2873972955        799.6472453514        -78.0448064794
  4        243.0000000000          0.9375485005          0.1521539555      14426.7651515837        799.7227865794       -100.6174398862
  4        246.0000000000          0.9256843984         -1.4491892503       8408.5503319812        799.6918245923        518.7669768210
  4        249.0000000000          1.0932182521         -1.3981594722       5925.3888306695        799.6106953450       1624.7035906675
  4        252.0000000000          1.8432165549         -0.4479232872       1538.7900501983        795.8546774250       3291.1003113332
  4        255.0000000000          3.0028199824          1.5780222932        124.2634559637        717.5032490815         47.4105593534
  4        258.0000000000          3.2314621860          1.4254837527         86.3220140467        696.7839252250          7.7091542450
  4        261.0000000000          3.3282252700         -1.0694781477         57.5602141382        673.5948109944        226.8391298044
  4        264.0000000000          3.4190434759         -1.9219429414         35.6615265340        645.3071774297         20.0073234618
  4        267.0000000000          3.4581597231         -2.0544198458         22.1107068524        630.8452878218          0.6887282071
  4        270.0000000000          3.4849574007         -1.1280331699         10.9779098526        624.7747146409          0.3293611076
  4        273.0000000000          3.5404144101          0.8924394138          4.4859405003        594.9968181885          0.4557402350
  4        276.0000000000          3.6354786030          3.8590317127          4.0322907090        550.8914970801          0.5551433148
  4        279.0000000000          3.7840309155          6.6645983018          7.4252611355        490.6825774201          0.6329793675
  4        282.0000000000          4.0284273882          9.1059433103          8.5369927437        410.8043968658          0.4341435492
  4        285.0000000000          4.2832365982         10.4755890927          6.6576412930        352.6876937532         -0.5672111926
  4        288.0000000000          4.4308826852         11.7830628306          6.3366269714        325.5532464470         -0.7549479515
  4        291.0000000000          4.3788520604         12.7296219797          9.1468359171        324.4039242584         -0.4169987160
  4        294.0000000000          4.2887897919         13.6766172059         15.1093812452        328.8831068623         -0.5624275267
  4        297.0000000000          4.2216152795         14.6780756880         22.2999994492        333.9497590061         -4.0677710642
  4        300.0000000000          4.1708201621         15.7426256373         27.6420617816        339.1983926772        -41.2273772906
  4        303.0000000000          4.0522367031         16.3540229289         34.8404137963        359.8302589545          1.0672796690
  4        306.0000000000          3.9697511462         16.5735085205         40.8821528955        398.2701887855          0.4954895368
  4        309.0000000000          3.9500794261         16.6231569456         44.2346153713        415.1777740548          1.8484488704
  4        312.0000000000          3.9858992331         16.3167698261         40.4042355748        406.4159447896         -0.1567473181
  4        315.0000000000          4.0193725897         15.0732067214         33.4319090399        388.2982063921         -0.0355672121
  4        318.0000000000          3.9592705548         10.9103796522         23.0302204112        408.4720592774         -0.0031515251
  4        321.0000000000          3.9205572371          4.0936466732          7.2230423416        419.9916384896         -0.0057601559
  4        324.0000000000          3.8684863052         -0.6681781806          3.6736034349        434.7107683563         -0.0087009709
  4        327.0000000000          3.8740327273         -2.5389123471          6.6038576186        427.5201048983         -0.0109250269
  4        330.0000000000          3.9311170804         -2.7893667230          9.5491082640        402.2405672571         -0.3439466623
  4        333.0000000000          4.0025355576         -3.0429838929         12.9122578575        376.2983412382         -0.0225719029
  4        336.0000000000          4.0089083099         -2.9008612556         16.3051537510        375.9626775458          0.1308942571
  4        339.0000000000          3.9962356767         -2.0593152554         17.4504039646        383.0722642798          0.0608494398
  4        342.0000000000          3.9801178404         -0.6266502038         15.4186475840        394.8270862906          0.0798457660
  4        345.0000000000          3.9511094844          1.2783350025         13.5306816380        416.7423576592          0.0259167554
  4        348.0000000000          3.8797451418          3.0991502673         17.8786667916        439.6336835764         -2.2852540304
  4        351.0000000000          3.9263852717          3.5817976841         11.2098337838        410.5152576397         -1.8276599170
  4        354.0000000000          4.5057273571          2.4617723596          0.6148777215        295.3694326637         -0.4638495256
  4        357.0000000000         14.0003472608          0.6351456344          0.0000000000        273.0000597316          0.0000000000
  4        360.0000000000         14.0003472608         -0.3996672326          0.0000000000        273.0000009271          0.0000000000
  4        363.0000000000         14.0003472608         -0.7605133807          0.0000000000        273.0000002849          0.0000000000
  4        366.0000000000         14.0003472608         -0.8670624974          0.0000000000        273.0000000645          0.0000000000
  4        369.0000000000         14.0003472608         -0.8814652679          0.0000000000        273.0000000072          0.0000000000
  4        372.0000000000         14.0003472608         -0.8289081127          0.0000000000        273.0000000007          0.0000000000
  4        375.0000000000         14.0003472608         -0.7265311651          0.0000000000        273.0000000001          0.0000000000
  4        378.0000000000         14.0003472608         -0.6081497279          0.0000000000        273.0000000000          0.0000000000
  4        381.0000000000         14.0003472608         -0.4921621677          0.0000000000        273.0000000000          0.0000000000
  4        384.0000000000         14.0003472608         -0.3848052166          0.0000000000        273.0000000000          0.0000000000
  4        387.0000000000         14.0003472608         -0.2896529182          0.0000000000        273.0000000000          0.0000000000
  4        390.0000000000         14.0003472608         -0.2070777446          0.0000000000        273.0000000000          0.0000000000
  4        393.0000000000         14.0003472608         -0.1362388035          0.0000000000        273.0000000000          0.0000000000
  4        396.0000000000         14.0003472608         -0.0758974333          0.0000000000        273.0000000000          0.0000000000
  4        399.0000000000         14.0003472608         -0.0247014187          0.0000000000        273.0000000000          0.0000000000
  4        402.0000000000         14.0003472608          0.0186625179          0.0000000000        273.0000000000          0.0000000000
  4        405.0000000000         14.0003472608          0.0554009430          0.0000000000        273.0000000000          0.0000000000
  4        408.0000000000         14.0003472608          0.0866234046          0.0000000000        273.0000000000          0.0000000000
  4        411.0000000000         14.0003472608          0.1131831275          0.0000000000        273.0000000000          0.0000000000
  4        414.0000000000         14.0003472608          0.1358561805          0.0000000000        273.0000000000          0.0000000000
  4        417.0000000000         14.0003472608          0.1552127480          0.0000000000        273.0000000000          0.0000000000
  4        420.0000000000         14.0003472608          0.1718035835          0.0000000000        273.0000000000          0.0000000000
  4        423.0000000000         14.0003472608          0.1860420097          0.0000000000        273.0000000000          0.0000000000
  4        426.0000000000         14.0003472608          0.1982760652          0.0000000000        273.0000000000          0.0000000000
  4        429.0000000000         14.0003472608          0.2088002338          0.0000000000        273.0000000000          0.0000000000
  4        432.0000000000         14.0003472608          0.2178652469          0.0000000000        273.0000000000          0.0000000000
  4        435.0000000000         14.0003472608          0.2256547148          0.0000000000        273.0000000000          0.0000000000
  4        438.0000000000         14.0003472608          0.2322814772          0.0000000000        273.0000000000          0.0000000000
  4        441.0000000000         14.0003472608          0.2378442187          0.0000000000        273.0000000000          0.0000000000
  4        444.0000000000         14.0003472608          0.2424250851          0.0000000000        273.0000000000          0.0000000000
  4        447.0000000000         14.0003472608          0.2460588849          0.0000000000        273.0000000000          0.0000000000
  4        450.0000000000         14.0003472608          0.2488018851          0.0000000000        273.0000000000          0.0000000000
  4        453.0000000000         14.0003472608          0.2502671694          0.0000000000        273.0000000000          0.0000000000
  4        456.0000000000         14.0003472608          0.2481014151          0.0000000000        273.0000000000          0.0000000000
  5        213.0000000000          0.3961203489         -0.5167725872      75237.0311033316        799.9688856621          0.0000000000
  5        216.0000000000          0.4424654222          2.0499495867      17389.6912432406        799.9715821697         74.4047800616
  5        219.0000000000          0.4618691252          7.2636393036      18625.5822326789        799.9639352134         91.1486124624
  5        222.0000000000          0.5658670961         11.7473075393      41020.1823393068        799.8849837611     118223.4325717935
  5        225.0000000000          0.8543624609          9.2299207115      24193.0346227851        799.7331950025        881.6845756920
  5        228.0000000000          0.7899963268          9.2622448165      34129.4253883558        799.8304248285        299.4472527830
  5        231.0000000000          0.9288035700          8.2294723718      24460.3081802311        799.8826006912        115.6468968269
  5        234.0000000000          0.9419878650          6.1547418015      26917.7481656962        799.8751220634        -13.0495955152
  5        237.0000000000          0.9026829208         -1.4588213586      26148.0612401133        799.8609703321        123.9809286276
  5        240.0000000000          1.2304915120         -4.7397049656      12261.7958738947        799.7420559708      57048.0566075749
  5        243.0000000000          2.0856926877         -5.1845858975        738.3325984889        773.7955884366         73.6613449164
  5        246.0000000000          4.2360623060         -6.8747054684          2.7917672118        423.9908684030          6.0015963962
  5        249.0000000000          5.9637134407          9.0809084061          0.0943367183        277.8175259724         -0.6204201528
  5        252.0000000000         14.0003472608          9.5185727644          0.0000000000        273.0061684326          0.0000000000
  5        255.0000000000         14.0003472608          8.8688523695          0.0000000000        273.0019012469          0.0000000000
  5        258.0000000000         14.0003472608          8.5906661299          0.0000000000        273.0057724341          0.0000000000
  5        261.0000000000          5.8167175163          7.9942942413          0.1888295036        274.1316886119          0.1330736331
  5        264.0000000000          5.1834864398          7.1237118187          0.8202472017        278.8173090732          0.3057746835
  5        267.0000000000          4.9402709808          6.4309421849          1.3872154241        284.7839608284          0.3860049550
  5        270.0000000000          4.8877023137          6.2147360958          1.5234571118        286.4280667595         -0.3975052458
  5        273.0000000000          5.0187477203          6.0747745771          1.0719931997        282.5575124128         -6.9557859904
  5        276.0000000000          5.2983563213          5.8502121003          0.4907341994        277.6471660641        -11.6095197437
  5        279.0000000000          5.3143920112          5.5554074411          0.4282133082        277.2254734295         -0.0068620994
  5        282.0000000000          5.1939383264          5.0907160073          0.5247157457        278.5884759279          0.1429734996
  5        285.0000000000          5.0735912152          4.4813687039          0.6697313414        280.5960074145          0.0725420071
  5        288.0000000000          5.0526673827          3.8592690286          0.6686414268        280.9992863109          0.0463961043
  5        291.0000000000          5.0735511285          3.2954271539          0.5723006455        280.8662114923          0.0327874370
  5        294.0000000000          5.1045698263          2.8757984955          0.4629860016        280.3532798107         -0.1778130582
  5        297.0000000000          5.1512245214          2.6016895053          0.3619375957        279.6807303428         -0.9726951903
  5        300.0000000000          5.1850546041          2.4566698034          0.2920718272        279.1455530470         -1.2564629818
  5        303.0000000000          5.2966429784          2.4197644343          0.2018457874        277.9318921198         -0.5254133838
  5        306.0000000000          5.3449048117          2.3720143069          0.1756963269        277.1085251949         -2.1267924501
  5        309.0000000000          5.3301566474          2.4079065253          0.1962810417        277.1360562684          0.0980459179
  5        312.0000000000          5.2502830167          2.3435675066          0.2521719513        277.9950527850          0.0899551901
  5        315.0000000000          5.0331894792          2.3241369463          0.3936506941        281.1575149568          0.1854053703
  5        318.0000000000          4.6287786027          2.4022133626          0.7639016304        294.0322828712          6.5067896213
  5        321.0000000000          4.2664095861          3.2126151126          1.4388570092        323.5193797571          0.0453119469
  5        324.0000000000          4.2602783774          4.0479139386          2.1742115240        324.5986604894         -0.0667817577
  5        327.0000000000          4.3516129921          4.0198695905          1.8939257529        312.8358106164         -0.5507416764
  5        330.0000000000          4.4759355068          3.5581055150          1.1827791410        300.9852902250         -0.5752277489
  5        333.0000000000          4.5651845117          3.0722207102          0.8556902351        294.5149558320        -54.4067363424
  5        336.0000000000          4.5366988191          2.5849606829          0.9837243710        295.4250413332         -0.5545119497
  5        339.0000000000          4.4751296913          2.0475509483          1.4978130863        299.1618579386          3.4876716528
  5        342.0000000000          4.4265456986          1.5827206700          2.3428925495        304.2013345207        582.9336874977
  5        345.0000000000          4.3782482625          1.3303958383          3.4722366622        309.6385511175        291.9367710236
  5        348.0000000000          4.3012489683          1.3639086339          5.4567753096        320.1354016886          2.4390542140
  5        351.0000000000          4.2914597183          1.7611211966          7.3925976788        322.0625744094          2.2676561336
  5        354.0000000000          4.2895722610          2.4537574760          7.5870935981        321.9486210950         -0.0088183870
  5        357.0000000000          4.2720491800          2.1588927906          5.9858742791        324.0398879724          0.0043279241
  5        360.0000000000          4.2005950354          1.2055308513          1.7734101852        334.6681227062          0.0072705662
  5        363.0000000000          4.1798395950         -1.6270784138          0.3874583420        339.6458327908          0.0347101249
  5        366.0000000000          4.2206336896         -3.6238901908          3.4606819190        333.1162496671          0.0888733260
  5        369.0000000000          4.1937323648         -1.2067401751          6.4528060437        338.2946569554          1.5569708752
  5        372.0000000000          4.0684949709         -1.2083666112          7.5607836940        371.4833116337          0.0874950125
  5        375.0000000000          4.0318347613         -3.3948980588          6.2256079777        388.1219360504          0.0212976028
  5        378.0000000000          4.0537924843         -6.4194576089          6.9312481194        381.1964017909         -0.4854085034
  5        381.0000000000          4.2479562966         -6.6490856191          3.5610562002        330.4858208278         -0.2545594744
  5        384.0000000000          5.0454292126         -4.7946060800          0.3122002195        277.2567519888         -0.0732153515
  5        387.0000000000         14.0003472608         -3.4394097444          0.0000000000        273.0000005774          0.0000000000
  5        390.0000000000         14.0003472608         -3.1472965698          0.0000000000        273.0000000017          0.0000000000
  5        393.0000000000         14.0003472608         -2.9552094135          0.0000000000        273.0000000007          0.0000000000
  5        396.0000000000         14.0003472608         -2.7789856925          0.0000000000        273.0000000002          0.0000000000
  5        399.0000000000         14.0003472608         -2.6271282929          0.0000000000        273.0000000001          0.0000000000
  5        402.0000000000         14.0003472608         -2.4980977779          0.0000000000        273.0000000000          0.0000000000
  5        405.0000000000         14.0003472608         -2.3842992616          0.0000000000        273.0000000000          0.0000000000
  5        408.0000000000         14.0003472608         -2.2826589982          0.0000000000        273.0000000000          0.0000000000
  5        411.0000000000         14.0003472608         -2.1916000757          0.0000000000        273.0000000000          0.0000000000
  5        414.0000000000         14.0003472608         -2.1103260302          0.0000000000        273.0000000000          0.0000000000
  5        417.0000000000         14.0003472608         -2.0381111966          0.0000000000        273.0000000000          0.0000000000
  5        420.0000000000         14.0003472608         -1.9742731359          0.0000000000        273.0000000000          0.0000000000
  5        423.0000000000         14.0003472608         -1.9181222295          0.0000000000        273.0000000000          0.0000000000
  5        426.0000000000         14.0003472608         -1.8690114724          0.0000000000        273.0000000000          0.0000000000
  5        429.0000000000         14.0003472608         -1.8263371488          0.0000000000        273.0000000000          0.0000000000
  5        432.0000000000         14.0003472608         -1.7894986844          0.0000000000        273.0000000000          0.0000000000
  5        435.0000000000         14.0003472608         -1.7579538246          0.0000000000        273.0000000000          0.0000000000
  5        438.0000000000         14.0003472608         -1.7312553077          0.0000000000        273.0000000000          0.0000000000
  5        441.0000000000         14.0003472608         -1.7090270927          0.0000000000        273.0000000000          0.0000000000
  5        444.0000000000         14.0003472608         -1.6909571945          0.0000000000        273.0000000000          0.0000000000
  5        447.0000000000         14.0003472608         -1.6767815013          0.0000000000        273.0000000000          0.0000000000
  5        450.0000000000         14.0003472608         -1.6662952284          0.0000000000        273.0000000000          0.0000000000
  5        453.0000000000         14.0003472608         -1.6597584377          0.0000000000        273.0000000000          0.0000000000
  5        456.0000000000         14.0003472608         -1.6274271541          0.0000000000        273.0000000000          0.0000000000
  6        213.0000000000          0.4344615542         -0.7260830479       6142.1522383202        799.9497373156          0.0000000000
  6        216.0000000000          0.5186709652          1.6180720296      18879.9013176110        799.9160923028        493.7754101995
  6        219.0000000000          0.6047703754          3.7871260794      23114.9987020136        799.8509787618       6999.6518833980
  6        222.0000000000          0.7243284711          4.1692257876      17375.4086587211        799.8010208064       7051.7410839649
  6        225.0000000000          0.8916971926          3.8449745062       8935.0884417589        799.7692358092     149870.0231083947
  6        228.0000000000          1.0381035676          2.7276920831       4026.2482212272        799.7815270851       3384.5664033781
  6        231.0000000000          1.1304684019          2.6375918551       1788.5275955874        799.8919507688        658.0291317713
  6        234.0000000000          1.3657157256          1.1730740941        428.5648571688        798.6215013559       1400.3247036295
  6        237.0000000000          2.0212902828          2.0118973923        180.0810692144        788.3389927144      24357.1052148696
  6        240.0000000000          4.0237202885          3.5344245248          3.1088143033        430.8392001355        217.0519411794
  6        243.0000000000          4.6157498671          3.5625872287          0.8920573077        295.5946811574        -12.3641789592
  6        246.0000000000          4.1833603878          2.9166366238          2.1516501612        336.6637919708          0.8537953594
  6        249.0000000000          4.1148472060          2.9730667409          2.5457618300        352.9445374743          3.5718364668
  6        252.0000000000          4.2987818037          2.9322798627          1.6680686898        327.6869348798         -2.4415673135
  6        255.0000000000          4.7847920646          2.1319720200          0.5538540171        290.5815438060         -1.0937088428
  6        258.0000000000          4.8875188232          1.0364271458          0.3636226785        286.8126154643          0.1158886394
  6        261.0000000000          4.6576125676          0.0552353301          0.5681102614        295.7668040865          0.7584159671
  6        264.0000000000          4.5667956299         -0.2614249166          0.7019044902        301.6547505121          0.8884094127
  6        267.0000000000          4.5174840357          0.2511093388          0.9079750199        305.5005604745          1.2800649309
  6        270.0000000000          4.4232515922          0.8092779007          0.9441297278        313.5534402934         -5.9671524712
  6        273.0000000000          4.6102740251          1.3107708766          0.3310355850        297.8071811649         -5.2117612496
  6        276.0000000000          5.7227415710          1.1698190983          0.0165832318        274.7685357668         -1.8905103935
  6        279.0000000000          5.4707515685          0.9711423592          0.0278517406        275.9529270455          7.1722894650
  6        282.0000000000          5.3432373712          0.9263396673          0.0338874895        276.9503805730          6.2481005975
  6        285.0000000000          5.3123588180          0.9359054724          0.0330662346        277.3114664557        367.9653693221
  6        288.0000000000          5.3241036020          1.0202049072          0.0289611409        277.2355016428       -155.0516901533
  6        291.0000000000          5.3467284245          1.1184234167          0.0252598702        276.8465774990        -45.7276140179
  6        294.0000000000          5.3486722135          1.2021877462          0.0221031852        276.7715894509         -0.4524586730
  6        297.0000000000          5.3105134752          1.3077889089          0.0210085469        277.0311844800          0.0111051825
  6        300.0000000000          5.2207763633          1.5639407666          0.0261223407        277.8563510841          0.0327487725
  6        303.0000000000          5.0517180317          1.9686829382          0.0526223283        279.9883961125          0.0920157126
  6        306.0000000000          4.8874050296          2.5651873849          0.1296374556        283.4251521215          0.1056868347
  6        309.0000000000          4.8203804572          3.0758826915          0.2379112923        285.0774681448          0.0076696819
  6        312.0000000000          4.7808775038          3.4441941542          0.3652033829        286.0711057503          0.2349679146
  6        315.0000000000          4.7873295807          3.5181130555          0.4667695744        285.9829003520          0.0996148441
  6        318.0000000000          4.8176857170          3.2853063764          0.5358929462        285.1205004762          0.0886123042
  6        321.0000000000          4.8139845747          2.8193839853          0.6103685561        285.4566924335          0.1061875049
  6        324.0000000000          4.7935751274          2.2353883651          0.6856585173        286.2738020283          0.0889467219
  6        327.0000000000          4.7542591013          1.6875722157          0.7798259745        287.6228903500          0.0779462723
  6        330.0000000000          4.7070703154          1.0948984013          0.8466357915        289.5646844330          0.0413376269
  6        333.0000000000          4.6532422210          0.2451110813          0.8490303812        292.1035525863          0.0365573120
  6        336.0000000000          4.5631644589         -1.0070513411          0.9383035491        297.1340230978          0.1104812494
  6        339.0000000000          4.4676326954         -1.3998354105          1.0766258938        302.7408036973         -0.0849307511
  6        342.0000000000          4.4190753069         -0.7843642341          0.9532922301        305.0030999532         -0.0174287350
  6        345.0000000000          4.4630530292          1.5740101524          0.7102260856        301.4657153417         -0.0355429109
  6        348.0000000000          4.8154211435          2.5334477761          0.2419161819        284.5470527294         -0.3914284758
  6        351.0000000000          4.9865299300          1.1854355058          0.1000702143        280.5011497331          1.1347091219
  6        354.0000000000          4.8498582791          0.4916482049          0.2697971301        283.9722834765          3.6451118855
  6        357.0000000000          4.6927320040          1.0198240958          0.8285601946        289.9298256251        216.6697016442
  6        360.0000000000          4.6087803998          1.8223681068          1.6310467085        294.0435119225          1.4740579428
  6        363.0000000000          4.5573605657          1.8470639092          2.6895501564        296.8033478857          0.0719951039
  6        366.0000000000          4.5423433440          1.3647160889          3.5050803831        297.9129028577          0.0127462282
  6        369.0000000000          4.5509954185          0.2248791123          4.0449814629        297.3980611645         -0.0116416789
  6        372.0000000000          4.5600972048         -0.8390713614          4.5625577726        296.7826070954         -0.0305389854
  6        375.0000000000          4.5566620824         -1.4863599562          5.1341358322        296.9101660373         -0.8636278295
  6        378.0000000000          4.5403442959         -1.7230522100          5.9111798786        297.7262469360          0.0096527270
  6        381.0000000000          4.5060593607         -1.7081696195          7.0999393202        299.6781254014          0.1281975388
  6        384.0000000000          4.4643806859         -1.6640535805          8.4609709161        302.3459380573          0.3636629528
  6        387.0000000000          4.4233983112         -1.7012568382          9.9426139862        305.2332615045          0.0113960241
  6        390.0000000000          4.3862864570         -1.8257785545         10.8737521096        308.0786622849         -0.0078100223
  6        393.0000000000          4.3538979447         -1.9844312859         11.3815742906        310.7253491494         -0.0348735394
  6        396.0000000000          4.3260220822         -1.8952665318         11.0428891303        313.1369726557         -0.1316737474
  6        399.0000000000          4.3101033962         -1.6290172747          9.6640537410        314.6140870011         -0.1031687606
  6        402.0000000000          4.3131737559         -1.5246992450          7.7514805640        314.2854598249         -0.1911294471
  6        405.0000000000          4.3368002317         -1.3879736799          5.7821305394        311.7522509985          0.5165834927
  6        408.0000000000          4.3719816890         -1.0414255593          4.2420906232        309.0883154654        454.7678603722
  6        411.0000000000          4.3872088938         -0.8316670869          3.0330200568        309.0800988964          0.2319922643
  6        414.0000000000          4.4325117422         -1.2479057885          1.9301500747        305.9416561350         -0.0511786527
  6        417.0000000000          4.7400063250         -3.0000497416          0.6988879213        288.5098541662         -0.3020682837
  6        420.0000000000          6.0454033065         -4.0295455188          0.0301285378        273.5951679734         -1.0351065508
  6        423.0000000000         14.0003472608         -3.6912929561          0.0000000000        273.0000002085          0.0000000000
  6        426.0000000000         14.0003472608         -3.2020525160          0.0000000000        273.0000000022          0.0000000000
  6        429.0000000000         14.0003472608         -2.9012689124          0.0000000000        273.0000000004          0.0000000000
  6        432.0000000000         14.0003472608         -2.7088951888          0.0000000000        273.0000000001          0.0000000000
  6        435.0000000000         14.0003472608         -2.5512334834          0.0000000000        273.0000000000          0.0000000000
  6        438.0000000000         14.0003472608         -2.4213403948          0.0000000000        273.0000000000          0.0000000000
  6        441.0000000000         14.0003472608         -2.3178486174          0.0000000000        273.0000000000          0.0000000000
  6        444.0000000000         14.0003472608         -2.2363441733          0.0000000000        273.0000000000          0.0000000000
  6        447.0000000000         14.0003472608         -2.1734296345          0.0000000000        273.0000000000          0.0000000000
  6        450.0000000000         14.0003472608         -2.1274471878          0.0000000000        273.0000000000          0.0000000000
  6        453.0000000000         14.0003472608         -2.0984631715          0.0000000000        273.0000000000          0.0000000000
  6        456.0000000000         14.0003472608         -2.0003562281          0.0000000000        273.0000000000          0.0000000000
  7        213.0000000000          0.4697122209          6.6439377613      32988.3713193312        799.9383279091          0.0000000000
  7        216.0000000000          0.5380871763          7.3874372525      37370.1177218057        799.9239924340       6240.6951204027
  7        219.0000000000          0.6951350140          6.2359378869      23346.9985072768        799.9177582941    8945643.7812849469
  7        222.0000000000          0.9379311901          5.7711997293      12437.3643009040        799.9363327760    2749081.0990868681
  7        225.0000000000          1.3535683934          5.5164067217       3538.6860164008        799.9307844474      68583.4320543818
  7        228.0000000000          1.8684390103          5.0916317742        351.3676418418        799.8577434094      16570.1324960452
  7        231.0000000000          2.6205657604          4.9598311202         68.4476029263        768.5085543646        398.2692785056
  7        234.0000000000          3.4446562622          2.9081400132          8.6962072445        540.9047157519         62.0974456071
  7        237.0000000000          3.9853042658          3.7047198610          2.9155969675        440.6859276836       1064.0403365097
  7        240.0000000000          5.6936530369          5.0035670330          0.0774134856        324.1130196963        -39.4670920136
  7        243.0000000000          5.8506999057          4.4242767724          0.0545087713        274.7102540836         -4.3322117806
  7        246.0000000000          5.3070350450          2.5984235916          0.2001540333        279.4467525206          0.5136989112
  7        249.0000000000          4.1745033361          0.5315590686          3.0743022210        366.8954935102          0.5285384505
  7        252.0000000000          4.0899343273         -0.7076399517          3.8925855463        383.8407956638         -0.1983761167
  7        255.0000000000          4.1628381482          0.1000337757          2.5223197873        362.9030337020         -0.4902188660
  7        258.0000000000          4.3949463065          0.6926957789          1.1638704429        319.6790549721         -3.5769258281
  7        261.0000000000          5.0641348815          0.3679082153          0.1889266353        281.0933821659         -6.5923645328
  7        264.0000000000          7.8819143989          0.1314625669          0.0000060528        273.0320728448         -0.5199313765
  7        267.0000000000          7.7004386606          0.0180925776          0.0000111235        273.0342411687         -0.0080320466
  7        270.0000000000          7.7334142095         -0.0254022411          0.0000000047        273.0307811937         -0.1587641610
  7        273.0000000000         14.0003472608          0.0070722639          0.0000000000        273.0067658985          0.0000000000
  7        276.0000000000         14.0003472608          0.0508858209          0.0000000000        273.0044935890          0.0000000000
  7        279.0000000000         14.0003472608          0.0871946669          0.0000000000        273.0081399246          0.0000000000
  7        282.0000000000         14.0003472608          0.1115950944          0.0000000000        273.0122767848          0.0000000000
  7        285.0000000000          7.9223358289          0.1419906511          0.0000026711        273.0160660307          0.1629404572
  7        288.0000000000          7.0180917300          0.2056316841          0.0011965392        273.0898001245          0.5478634838
  7        291.0000000000          5.8429969475          0.2917166568          0.0182070592        274.2062104893          0.6583423205
  7        294.0000000000          5.6196401569          0.3447548414          0.0358027901        274.9953598066          1.5879526318
  7        297.0000000000          5.6641094428          0.3691103807          0.0391319510        274.7881749954          0.1940140695
  7        300.0000000000          5.5105123393          0.4229257133          0.0510482264        275.5097684639          0.4140578935
  7        303.0000000000          5.1819364444          0.4816272506          0.0643573110        278.3202159845          2.4764241186
  7        306.0000000000          5.0295334494          0.6142031022          0.0439839882        280.5454278817    3773736.7693794696
  7        309.0000000000          5.0028212642          0.6861779267          0.0281275053        281.1685096889         13.0750346271
  7        312.0000000000          4.9712193299          0.8340485347          0.0244594483        282.1292231233          3.9787547392
  7        315.0000000000          4.9669311810          0.9897972010          0.0311211305        282.4512307498          0.7574254597
  7        318.0000000000          4.8887620426          1.2411669980          0.0631195676        284.5479870772          0.1436629017
  7        321.0000000000          4.7246731969          1.8160124967          0.2108352715        290.2543592255          0.0489218986
  7        324.0000000000          4.6054750886          2.9182493085          0.6135844969        295.8962327697          0.0250333127
  7        327.0000000000          4.6082406925          4.2609008904          1.1216069926        296.4332945129          0.0005020001
  7        330.0000000000          4.7008833573          5.5103581045          1.1569355470        292.1242323082         -0.0605360913
  7        333.0000000000          4.9491894309          6.1639742271          0.7148892680        283.4713742249         -0.1480810918
  7        336.0000000000          4.9180543925          6.2816648997          0.7165257498        284.0755335085          0.1712558476
  7        339.0000000000          4.8628543440          5.7785122137          0.6292222753        285.4605527907          0.0083010753
  7        342.0000000000          4.7977531147          4.2728078179          0.4365882093        287.2467922810          0.0172053688
  7        345.0000000000          4.6675924393          3.6998623325          0.5939080996        291.8672809631          1.1558455292
  7        348.0000000000          4.5814920186          4.2823000422          1.3122923601        296.4085980908          1.1878287820
  7        351.0000000000          4.5503475470          4.7784238343          2.4828713929        298.1753481497          0.0260219289
  7        354.0000000000          4.5329611445          4.2311359367          4.0585479558        299.2571580211          0.0097172961
  7        357.0000000000          4.5187174839          2.8841816430          4.7180134463        300.1215061657         -0.0080389328
  7        360.0000000000          4.5439781010          0.0855089660          4.0141384723        298.3944940618         -0.0030672152
  7        363.0000000000          4.5708786012         -3.8611009367          3.7000530097        296.8091875439         -0.0007570343
  7        366.0000000000          4.5779373515         -4.3778237899          3.2629460587        296.5620180413         10.7214126993
  7        369.0000000000          4.5422726578         -2.8598492517          2.7622706379        298.8001332700          0.0037567801
  7        372.0000000000          4.5330221610          0.8468355866          1.7020971194        299.3780706689         -0.0057652860
  7        375.0000000000          4.6873269720          2.5237851685          0.9635291154        290.8706975226         -0.0583245526
  7        378.0000000000          5.1203722227          2.2879758344          0.3261548498        279.1805952239      -1488.0979306439
  7        381.0000000000          5.2613471964          1.9181098574          0.2308637870        277.5060374475         -0.0469232913
  7        384.0000000000          5.2458682628          1.1625094656          0.2645105033        277.6846053108          0.0126090148
  7        387.0000000000          5.1945431889          0.2516858522          0.3536278746        278.3016340141          0.0110730370
  7        390.0000000000          5.1440787385         -0.6123506708          0.4749360720        278.9340526342          0.0131656914
  7        393.0000000000          5.1027407090         -1.4077309927          0.6177737152        279.5219570036          0.1133395973
  7        396.0000000000          5.0250815488         -1.7789813884          0.8543505301        280.7519652771          0.6228232941
  7        399.0000000000          4.9166782386         -1.5856089636          1.2300970373        283.1278833792          0.1574066608
  7        402.0000000000          4.8283214615         -1.0543942979          1.6719520981        285.5927800984          0.0879145543
  7        405.0000000000          4.7542027864          0.2480283760          2.1730277275        288.3696924641          0.1605825742
  7        408.0000000000          4.6877844073          1.4733686181          2.7250637871        291.5360430373         61.6519041948
  7        411.0000000000          4.6640406557          1.5980808609          2.9719849060        292.3604886651         -0.0201025641
  7        414.0000000000          4.6841972916          1.3223057801          2.7406296554        291.3236847517         -0.0237353598
  7        417.0000000000          4.7596017223          0.5980009951          1.5997935451        287.7879395686         -0.0169179766
  7        420.0000000000          4.7585242085         -0.7832551197          0.7619565744        287.3415933507          0.0000881330
  7        423.0000000000          4.6160096213         -5.2179845779          1.4947386269        292.9735962328          0.0088090707
  7        426.0000000000          4.5165628833         -5.9379313553          2.7812254247        298.4483791891          1.8440184934
  7        429.0000000000          4.4455496961         -5.4592570118          3.6369113466        303.3069396418          0.0228246884
  7        432.0000000000          4.3764196491         -4.1169320261          3.0981918833        308.9456547803          0.0698066086
  7        435.0000000000          4.3780992478         -3.6591608222          1.4163103322        309.3991942381          0.8718112300
  7        438.0000000000          4.4298573697         -3.0115939334          0.5807289678        305.0095461630         -0.0657054744
  7        441.0000000000          4.8003489126         -2.1515294475          0.2336439530        285.9065952526         -0.0838722495
  7        444.0000000000          6.2575259017         -2.2771074222          0.0084491067        273.3301538894        -42.8468753316
  7        447.0000000000         14.0003472608         -2.5288337172          0.0000000000        273.0000007638          0.0000000000
  7        450.0000000000         14.0003472608         -2.7148580390          0.0000000000        273.0000001674          0.0000000000
  7        453.0000000000         14.0003472608         -2.8367086558          0.0000000000        273.0000000299          0.0000000000
  7        456.0000000000         14.0003472608         -2.6030135351          0.0000000000        273.0000000019          0.0000000000
  8        213.0000000000          0.4923631111          5.9463234626      23970.5061369620        799.9432299314          0.0000000000
  8        216.0000000000          0.6179323637          6.4011813228      18657.2425331048        799.9149408632       5290.7626663923
  8        219.0000000000          0.7980874717          6.4045881543      10400.2962012708        799.8194134944      75686.6648308166
  8        222.0000000000          0.9482554470          6.2921888912       6599.4687082991        799.7410894933      11920.6440313851
  8        225.0000000000          1.0875972999          6.1844074177       4130.0744279096        799.7977037946    1667783.4112899099
  8        228.0000000000          1.3789595278          5.7482211782       1792.8487331258        799.5433516610       1664.3422236554
  8        231.0000000000          1.8090679147          1.4220504150        172.9787257488        796.5377940214        276.1061326715
  8        234.0000000000          2.1756452896          1.1519096736         43.3586619386        783.7101057465        565.6238258159
  8        237.0000000000          2.6561109015          2.4380533252         14.9248048916        739.2736997515     220118.6290095931
  8        240.0000000000          4.0789989221          3.4892830550          3.2843527754        448.9319485842        212.6305282847
  8        243.0000000000          7.8543591387          4.1561769043          0.0002342572        315.4407806156         -0.5720813053
  8        246.0000000000          6.4205562936          5.9102459497          0.0140122470        273.4577109581         -0.6741169751
  8        249.0000000000          5.1672188570          5.1098529956          0.2128085288        281.4431570027          0.1003428562
  8        252.0000000000          4.3692609433         -0.1431447294          1.4186861069        340.1216567389          0.0437481354
  8        255.0000000000          4.2965456250         -1.7021380698          1.8945477720        347.7632101533         -0.5733529394
  8        258.0000000000          4.8045137247         -1.0157683302          0.4627380949        290.2462082490         -4.5942676551
  8        261.0000000000          7.3101537451         -0.4273565037          0.0000110681        273.0533867870         -0.4631854991
  8        264.0000000000          7.0092523421         -0.0445316751          0.0000896351        273.0963937555         -0.0000177607
  8        267.0000000000          7.2000618121          0.4013552289          0.0000094907        273.0625937779         -0.0019718983
  8        270.0000000000         14.0003472608          0.7792917789          0.0000000000        273.0005580253          0.0000000000
  8        273.0000000000         14.0003472608          0.9472196875          0.0000000000        273.0006284402          0.0000000000
  8        276.0000000000         14.0003472608          0.9767737942          0.0000000000        273.0008615876          0.0000000000
  8        279.0000000000         14.0003472608          0.9691681141          0.0000000000        273.0012258281          0.0000000000
  8        282.0000000000         14.0003472608          1.0130356489          0.0000000000        273.0015963038          0.0000000000
  8        285.0000000000         14.0003472608          1.1752342027          0.0000000000        273.0019795172          0.0000000000
  8        288.0000000000         14.0003472608          1.4587573475          0.0000000000        273.0932332214          0.0000000000
  8        291.0000000000         14.0003472608          1.8871862055          0.0000000000        273.2272597737          0.0000000000
  8        294.0000000000          7.0026011411          2.3056692929          0.0032607032        273.2749830089         -0.0088789886
  8        297.0000000000          7.2969324650          2.7323847926          0.0017582754        273.1633819916         -0.0062486213
  8        300.0000000000          6.8682882827          3.2225132277          0.0050368941        273.2077263135          0.0008424843
  8        303.0000000000          6.3650367029          3.8040541187          0.0174936461        273.4362443072          0.0250336073
  8        306.0000000000          5.8192551197          4.2721508153          0.0659480634        274.4535642050          0.5188857550
  8        309.0000000000          5.5459489898          4.3433456174          0.1213317356        275.7681073025          2.5560765657
  8        312.0000000000          5.4253491612          4.2800656192          0.1506656268        276.6902781789          0.0762167771
  8        315.0000000000          5.4193499411          4.0925087935          0.1326023790        276.7936477269         -0.0039690500
  8        318.0000000000          5.5384503188          3.9990432892          0.0903769487        276.0209425245         -0.0247962596
  8        321.0000000000          5.3099334242          3.6877663719          0.1804576981        277.0746654970         -0.0075856579
  8        324.0000000000          5.2028015611          3.4127288714          0.2707081950        278.3261453694          0.1387104706
  8        327.0000000000          5.4248029671          3.6796481022          0.1694237296        276.4967560448          0.0209028896
  8        330.0000000000          5.3247964755          4.4273449842          0.2268146547        277.6528383290          0.1207618483
  8        333.0000000000          5.0740997355          4.5512801465          0.4139951734        281.3623799959         27.1824036012
  8        336.0000000000          5.0244209114          4.2574295662          0.4271657825        282.2749448898         -0.5242668218
  8        339.0000000000          5.1746032260          4.3101380921          0.2807831697        279.4989983972         -2.3304824908
  8        342.0000000000          5.7332418052          4.6120817075          0.0825360924        274.6586826609         -0.2117130063
  8        345.0000000000          5.5989071829          4.9324427867          0.1341162776        275.1347303998          0.1319851661
  8        348.0000000000          5.1663299484          4.9224455238          0.4800702922        278.6440898133       3267.1392433812
  8        351.0000000000          4.9044155811          4.4217864548          1.2031322215        283.4035225566          0.0623276473
  8        354.0000000000          4.7733224992          2.3920552111          1.9946808301        287.2195656284          0.0039310938
  8        357.0000000000          4.7246424169         -1.0122817601          2.2953532670        288.8721667372          0.0006675952
  8        360.0000000000          4.7279582899         -2.3928852415          2.1551547544        288.7372926966         -0.0083713383
  8        363.0000000000          4.7446235966         -2.1476138791          1.6977373416        288.1242797787         -0.0267924975
  8        366.0000000000          4.7906714290         -1.2864473153          1.4103384125        286.5504816143         -0.0399516113
  8        369.0000000000          4.8597378984         -0.7342245037          1.1597229797        284.5714192785         -1.0516627147
  8        372.0000000000          4.8574341732         -0.9194803079          1.1864584003        284.6790778685          0.0266471466
  8        375.0000000000          4.8021106777         -1.5512974115          1.3904080718        286.3418469457          0.0227329992
  8        378.0000000000          4.7409674554         -2.2923271394          1.5167212403        288.5468948610          0.0420829709
  8        381.0000000000          4.7031463297         -2.3796280894          1.4648324348        290.0808535718          0.9038722627
  8        384.0000000000          4.6449370198         -2.2407740097          1.3853933898        292.2624554518         -0.0481710003
  8        387.0000000000          4.6817042276         -1.6919918067          0.9166309962        290.5722848545         -0.0504576715
  8        390.0000000000          4.9687863672         -0.3012762225          0.3110374368        281.7246634195         -0.0478095543
  8        393.0000000000          5.5978408403          0.9749417176          0.0551472943        274.8211652593         -0.0361453210
  8        396.0000000000          5.3296945446          1.0038620453          0.0797334716        276.5486023623         12.8365720926
  8        399.0000000000          4.8147642230          0.0320110529          0.1794177614        285.6008990386          0.0893973451
  8        402.0000000000          4.5216920444         -2.1954953346          0.4924931769        299.2414279698          0.0252940795
  8        405.0000000000          4.4298281140         -4.2328870023          1.1595713609        306.0239789254          0.0087304165
  8        408.0000000000          4.4437500305         -5.2385054891          1.4012964339        304.9473308724         -0.1304469579
  8        411.0000000000          4.5612887626         -5.3624042654          1.0134153965        296.5858993422         -0.8402169858
  8        414.0000000000          4.8048333656         -5.0123883665          0.5103679446        285.8056096545         -0.0424802720
  8        417.0000000000          4.8798224163         -2.9581650230          0.2032513517        283.5112621822         -0.0041368913
  8        420.0000000000          4.8816257847         -1.3976503212          0.1277929178        283.4318305487         -0.2423050276
  8        423.0000000000          4.9139759954         -2.6764676464          0.1539130747        282.6711561444         -0.0000547153
  8        426.0000000000          5.0113887554         -3.5813861586          0.1302239115        280.9945630077          0.0134447458
  8        429.0000000000          4.8979760141         -4.3260722166          0.3426112085        284.3675262949          0.0407204978
  8        432.0000000000          4.5439649734         -5.5331715182          1.2871464359        298.1638372231          0.7273256739
  8        435.0000000000          4.5087083104         -5.2914555626          2.1256158205        299.6491087463         -0.4196383682
  8        438.0000000000          4.5675396870         -7.3504452548          5.0331046738        296.0128850484         -0.0024849969
  8        441.0000000000          4.5629490768        -10.9218657357          7.7558397734        296.1867885290          0.0017594755
  8        444.0000000000          4.3879077088        -13.7697276278         14.8607384608        308.0019348584          0.0217988525
  8        447.0000000000          4.2954327004        -14.5323448887         21.4824550748        317.5668998525          0.0032878917
  8        450.0000000000          4.2824747061        -11.2271503549         20.9770423973        318.3023081029         -0.0005329795
  8        453.0000000000          4.2797415521         -8.9534918439         21.0953085909        318.2472712149          0.0020348348
  8        456.0000000000          4.2448050458         -8.1918172993         17.5756955392        324.7327157124             -Infinity
