!------------------------------------------------------------!
  Date: 20191120
  Simulation name: AWZ4 
  Filename:perpvelbyx.txt                                                                                                                                        
  Produced in mod-subroutine:  massdist/energypotential                                                                                                                              
  Written by AK September 2019
  Description:integrates perpvel over width                                                                                                                         
  Data format: RMAX by t array of perpvel in channel                                                                                                                
!------------------------------------------------------------!
        0.0000000000
        3.0354959915
        0.0000000000
        0.0000000000
        0.0000000000
        0.0000000000
        0.0000000000
        0.0000000000
        0.0000000000
        0.0000000000
        0.0000000000
        0.0000000000
        0.0000000000
        0.0000000000
        0.0000000000
        0.0000000000
        0.0000000000
        0.0000000000
        0.0000000000
        0.0000000000
        0.0000000000
        0.0000000000
        0.0000000000
        0.0000000000
        0.0000000000
        0.0000000000
        0.0000000000
        0.0000000000
        0.0000000000
        0.0000000000
        0.0000000000
        0.0000000000
        0.0000000000
        0.0000000000
        0.0000000000
        0.0000000000
        0.0000000000
        0.0000000000
        0.0000000000
        0.0000000000
        0.0000000000
        0.0000000000
        0.0000000000
        0.0000000000
        0.0000000000
        0.0000000000
        0.0000000000
        0.0000000000
        0.0000000000
        0.0000000000
        0.0000000000
        0.0000000000
        0.0000000000
        0.0000000000
        0.0000000000
        0.0000000000
        0.0000000000
        0.0000000000
        0.0000000000
        0.0000000000
        0.0000000000
        0.0000000000
        0.0000000000
        0.0000000000
        0.0000000000
        0.0000000000
        0.0000000000
        0.0000000000
        0.0000000000
        0.0000000000
        0.0000000000
        0.0000000000
        0.0000000000
        0.0000000000
        0.0000000000
        0.0000000000
        0.0000000000
        0.0000000000
        0.0000000000
        0.0000000000
        0.0000000000
        0.0000000000
        0.0000000000
        0.0000000000
        0.0000000000
        0.0000000000
        0.0000000000
        0.0000000000
        0.0000000000
        0.0000000000
        0.0000000000
        0.0000000000
        0.0000000000
        0.0000000000
        0.0000000000
        0.0000000000
        0.0000000000
        0.0000000000
        0.0000000000
        0.0000000000
        0.0000000000
        0.0000000000
        0.0000000000
        0.0000000000
        0.0000000000
        0.0000000000
        0.0000000000
        0.0000000000
        0.0000000000
        0.0000000000
        0.0000000000
        0.0000000000
        0.0000000000
        0.0000000000
        0.0000000000
        0.0000000000
        0.0000000000
        0.0000000000
        0.0000000000
        0.0000000000
        0.0000000000
        0.0000000000
        0.0000000000
        0.0000000000
        0.0000000000
        0.0000000000
        0.0000000000
        0.0000000000
        0.0000000000
        0.0000000000
        0.0000000000
        0.0000000000
        0.0000000000
        0.0000000000
        0.0000000000
        0.0000000000
        0.0000000000
        0.0000000000
        0.0000000000
        0.0000000000
        0.0000000000
        0.0000000000
        0.0000000000
        0.0000000000
        0.0000000000
        0.0000000000
        0.0000000000
        0.0000000000
        0.0000000000
        0.0000000000
        0.0000000000
        0.0000000000
        0.0000000000
        0.0000000000
        0.0000000000
        0.0000000000
        0.0000000000
        0.0000000000
        0.0000000000
        0.0000000000
        0.0000000000
        0.0000000000
        0.0000000000
        0.0000000000
        0.0000000000
        0.0000000000
        0.0000000000
        0.0000000000
        0.0000000000
        0.0000000000
        0.0000000000
        0.0000000000
        0.0000000000
        0.0000000000
        0.0000000000
        0.0000000000
        0.0000000000
        0.0000000000
        0.0000000000
        0.0000000000
        0.0000000000
        0.0000000000
        0.0000000000
        0.0000000000
        0.0000000000
        0.0000000000
        0.0000000000
        0.0000000000
        0.0000000000
        0.0000000000
        0.0000000000
        0.0000000000
        0.0000000000
        0.0000000000
        0.0000000000
        0.0000000000
        0.0000000000
        0.0000000000
        0.0000000000
        0.0000000000
        0.0000000000
        0.0000000000
        0.0000000000
        0.0000000000
        0.0000000000
        0.0000000000
        0.0000000000
        0.0000000000
        0.0000000000
        0.0000000000
        0.0000000000
        0.0000000000
        0.0000000000
        0.0000000000
        0.0000000000
        0.0000000000
        0.0000000000
        0.0000000000
        0.0000000000
        0.0000000000
        0.0000000000
        0.0000000000
        0.0000000000
        0.0000000000
        0.0000000000
        0.0000000000
        0.0000000000
        0.0000000000
        0.0000000000
        0.0000000000
        0.0000000000
        0.0000000000
        0.0000000000
        0.0000000000
        0.0000000000
        0.0000000000
        0.0000000000
        0.0000000000
        0.0000000000
        0.0000000000
        0.0000000000
        0.0000000000
        0.0000000000
        0.0000000000
        0.0000000000
        0.0000000000
        0.0000000000
        0.0000000000
        0.0000000000
        0.0000000000
        0.0000000000
        0.0000000000
        0.0000000000
        0.0000000000
        0.0000000000
        0.0000000000
        0.0000000000
        0.0000000000
        0.0000000000
        0.0000000000
        0.0000000000
        0.0000000000
        0.0000000000
        0.0000000000
        0.0000000000
        0.0000000000
        0.0000000000
        0.0000000000
        0.0000000000
        0.0000000000
        0.0000000000
        0.0000000000
        0.0000000000
        0.0000000000
        0.0000000000
        0.0000000000
        0.0000000000
        0.0000000000
        0.0000000000
        0.0000000000
        0.0000000000
        0.0000000000
        0.0000000000
        0.0000000000
        0.0000000000
        0.0000000000
        0.0000000000
        0.0000000000
        0.0000000000
        0.0000000000
        0.0000000000
        0.0000000000
        0.0000000000
        0.0000000000
        0.0000000000
        0.0000000000
        0.0000000000
        0.0000000000
        0.0000000000
        0.0000000000
        0.0000000000
        0.0000000000
        0.0000000000
        0.0000000000
        0.0000000000
        0.0000000000
        0.0000000000
        0.0000000000
        0.0000000000
        0.0000000000
        0.0000000000
        0.0000000000
        0.0000000000
        0.0000000000
        0.0000000000
        0.0000000000
        0.0000000000
        0.0000000000
        0.0000000000
        0.0000000000
        0.0000000000
        0.0000000000
        0.0000000000
        0.0000000000
        0.0000000000
        0.0000000000
        0.0000000000
        0.0000000000
        0.0000000000
        0.0000000000
        0.0000000000
        0.0000000000
        0.0000000000
        0.0000000000
        0.0000000000
        0.0000000000
        0.0000000000
        0.0000000000
        0.0000000000
        0.0000000000
        0.0000000000
        0.0000000000
        0.0000000000
        0.0000000000
        0.0000000000
        0.0000000000
        0.0000000000
        0.0000000000
        0.0000000000
        0.0000000000
        0.0000000000
        0.0000000000
        0.0000000000
        0.0000000000
        0.0000000000
        0.0000000000
        0.0000000000
        0.0000000000
        0.0000000000
        0.0000000000
        0.0000000000
        0.0000000000
        0.0000000000
        0.0000000000
        0.0000000000
        0.0000000000
        0.0000000000
        0.0000000000
        0.0000000000
        0.0000000000
        0.0000000000
        0.0000000000
        0.0000000000
        0.0000000000
        0.0000000000
        0.0000000000
        0.0000000000
        0.0000000000
        0.0000000000
        0.0000000000
        0.0000000000
        0.0000000000
        0.0000000000
        0.0000000000
        0.0000000000
        0.0000000000
        0.0000000000
        0.0000000000
        0.0000000000
        0.0000000000
        0.0000000000
        0.0000000000
        0.0000000000
        0.0000000000
        0.0000000000
        0.0000000000
        0.0000000000
        0.0000000000
        0.0000000000
        0.0000000000
        0.0000000000
        0.0000000000
        0.0000000000
        0.0000000000
        0.0000000000
        3.0354959915
        4.5790830868
        4.8968149049
        5.2002574546
        5.2662028069
        5.1032453976
        5.0560667401
        4.4621765760
        4.1193792895
        3.8037957215
        3.4612722020
        3.2407900362
        3.4541224780
        3.1661271886
        2.7205428554
        2.4132136168
        2.1370541864
        2.4692293087
        2.2313593798
        1.9931805200
        2.0240745474
        2.0268594349
        1.9652187053
        2.1658908132
        2.6246526407
        3.0498625479
        3.5109994466
        3.8586795231
        5.0121121923
        5.4158114230
        5.9583641744
        6.7124566503
        7.7087220511
        8.6950844782
       10.8885058361
       11.6892806560
       12.4556577396
       13.2103135090
       13.6928286960
       13.6892287249
       14.4694130392
       13.8301209058
       12.4458607210
       10.8431644799
       10.9143673390
       10.6022273971
        9.1756403010
        8.0848993091
        7.1398165208
        6.2273459037
        5.3734368856
        4.7826646155
        4.1010240725
        3.5673382581
        3.1190605288
        2.7156860753
        2.4189576604
        2.1269030227
        1.8769741659
        1.6570353098
        1.4587850017
        1.2718712602
        1.1088896913
        0.9755693404
        0.8643916332
        0.7678549104
        0.6897813766
        0.6204965948
        0.5805058833
        0.5527744188
        0.5478723411
        0.5432348159
        0.5588877219
        0.5843414633
        0.6260723015
        0.6653173603
        0.7020192015
        0.7291036922
        0.7483317529
        0.7593746126
        0.7666105991
        0.7700640309
        0.7665115715
        0.7655999606
        0.7537310025
        0.7374295116
        0.7287773836
        0.7190937090
        0.7095608684
        0.7010212564
        0.6847082828
        0.6613865598
        0.6433199887
        0.6283493495
        0.6152610012
        0.5920001412
        0.5634386224
        0.5426034484
        0.5255950249
        0.5062263043
        0.4880034996
        0.4588026363
        0.4283029981
        0.4012875930
        0.3778543369
        0.3578099616
        0.3312962180
        0.3029407378
        0.2798106697
        0.2601417227
        0.2418698301
        0.2272691086
        0.2050417555
        0.1834373174
        0.1664442271
        0.1526710609
        0.1427766902
        0.1256671795
        0.1097769173
        0.1009408663
        0.0923000599
        0.0833501294
        0.0807280460
        0.0752858396
        0.0724537969
        0.0721948868
        0.0734381624
        0.0726847019
        0.0747902713
        0.0828646694
        0.0902539292
        0.0961571438
        0.1074726101
        0.1043994430
        0.1068494692
        0.1185595923
        0.1306454568
        0.1354525377
        0.1402457139
        0.1366325710
        0.1370346514
        0.1509212453
        0.1599945714
        0.1649332328
        0.1583140348
        0.1559681634
        0.1695643221
        0.1747159688
        0.1790380507
        0.1803505167
        0.1709692868
        0.1652831358
        0.1736089003
        0.1776564550
        0.1781441851
        0.1691092871
        0.1580759826
        0.1673117245
        0.1695836501
        0.1697579536
        0.1682146899
        0.1578853664
        0.1504936485
        0.1565800155
        0.1580882773
        0.1553599880
        0.1473662115
        0.1400295835
        0.1402265637
        0.1371840136
        0.1290160989
        0.1189277831
        0.1073839066
        0.0938407225
        0.0788809818
        0.0619247381
        0.0459858947
        0.0377581258
        0.0336851992
        0.0362981997
        0.0518866825
        0.0770987949
        0.1043514822
        0.1161343953
        0.1347505267
        0.1616040978
        0.1971971848
        0.2236874655
        0.2459516336
        0.2560157110
        0.2665061375
        0.2991117230
        0.3269313572
        0.3497423142
        0.3548767667
        0.3598930900
        0.3906557490
        0.4132457689
        0.4313594576
        0.4477233351
        0.4443576653
        0.4412807810
        0.4558612532
        0.4713895281
        0.4818595731
        0.4704078134
        0.4512548588
        0.4573640775
        0.4602389253
        0.4585881926
        0.4493179775
        0.4202530215
        0.3899608773
        0.3778191134
        0.3581080301
        0.3273838888
        0.2783067629
        0.2408237931
        0.2074352317
        0.1651705550
        0.1322873675
        0.0974636815
        0.0783348738
        0.0780257154
        0.1164592342
        0.1692636232
        0.2199561633
        0.2607300186
        0.2940462742
        0.3362385349
        0.3729068935
        0.4033917486
        0.4269098621
        0.4333573166
        0.4309120546
        0.4542781762
        0.4753210749
        0.4865689318
        0.4955366129
        0.4848080093
        0.4683846958
        0.4812512777
        0.4905913964
        0.4950946315
        0.4782760772
        0.4564954602
        0.4674732601
        0.4722012758
        0.4736279390
        0.4729628221
        0.4522000007
        0.4303688699
        0.4296222803
        0.4301596263
        0.4272422700
        0.4049425990
        0.3758480340
        0.3721269715
        0.3663689394
        0.3583098946
        0.3444020640
        0.3140077279
        0.2821414041
        0.2692865308
        0.2509407788
        0.2251066613
        0.1924157077
        0.1558931699
        0.1312297651
        0.1016007112
        0.0687128221
        0.0414497462
        0.0469223286
        0.0617208648
        0.0840317400
        0.1097942462
        0.1364090454
        0.1547032482
        0.1706730024
        0.1916821697
        0.2090165320
        0.2214543491
        0.2270595491
        0.2180750032
        0.2088306387
        0.2100752310
        0.2139174985
        0.2093604247
        0.2001370400
        0.1775537299
        0.1551221324
        0.1509087090
        0.1428495553
        0.1314258893
        0.1059302840
        0.0826820511
        0.0739675266
        0.0670050011
        0.0651442108
        0.0653869079
        0.0734154022
        0.0798295089
        0.0848100626
        0.0927954480
        0.1048118622
        0.1275712980
        0.1453985113
        0.1539299650
        0.1648337171
        0.1749286590
        0.1858728370
        0.2030496565
        0.2158198050
        0.2201934993
        0.2285458812
        0.2371391463
        0.2393673036
        0.2463310376
        0.2525528471
        0.2491253441
        0.2636129269
        0.2463722035
        0.2506306583
        0.2444440175
        0.2432360542
        0.2515065219
        0.2684871018
        0.3008321705
        0.3403749141
        0.3761563501
        0.4120699633
        0.4436945139
        0.4757090329
        0.4955193126
        0.5184686439
        0.5332081527
        0.5468762890
        0.5650605707
        0.5758159907
        0.5866120093
        0.5911121063
        0.5880740161
        0.5900010036
        0.5903436161
        0.5928890669
        0.5857604824
        0.5744055300
        0.5762153289
        0.5664065311
        0.5518193464
        0.5401159282
        0.5277944728
        0.4982885782
        0.4735731434
        0.4493732792
        0.4301452715
        0.3971148557
        0.3597537523
        0.3275821508
        0.2934498274
        0.2557973732
        0.2160434934
        0.1709402955
        0.1221935622
        0.0760923210
        0.0371182543
        0.0577746745
        0.1121736155
        0.1706087530
        0.2170471527
        0.2747908012
        0.3128053380
        0.3590683773
        0.4011393366
        0.4415333701
        0.4771785469
        0.5075270662
        0.5310451434
        0.5473729868
        0.5574656053
        0.5649037121
        0.5686679076
        0.5666431076
        0.5604152052
        0.5520604421
        0.5387971730
        0.5292935107
        0.5199224236
        0.5071916873
        0.4921607609
        0.4748268397
        0.4581177756
        0.4426021993
        0.4263939857
        0.4079374667
        0.3877788698
        0.3709521935
        0.3540467657
        0.3372343172
        0.3207802627
        0.3060716752
        0.0000000000
        0.0000000000
        0.0000000000
        3.0354959915
        5.5370251812
        5.5180709275
        5.5079562279
        5.7501218477
        5.8049310709
        5.7114365620
        4.8979479112
        4.5715137129
        4.3807140931
        4.4124316897
        4.2840683391
        4.3912587931
        4.1337533616
        4.0865466911
        3.9826484115
        3.7457245797
        3.9141260616
        3.8373486209
        3.5629540738
        3.4180527548
        3.4478217105
        3.5550906214
        4.0141973362
        4.3510925950
        4.6118677797
        4.9696804832
        5.2340416160
        6.2673094338
        6.6534715037
        6.9395318914
        7.2115857167
        7.4094285131
        7.4470026365
        8.4148866017
        8.3528830374
        8.3157127690
        8.4022513399
        8.5834781048
        8.6548410509
        9.8895214955
        9.6676480978
        9.3395538083
        9.0778941175
        8.9308250580
       10.0020595013
        9.6339030528
        9.1792613660
        9.0643301545
        9.3111908754
        9.6385376632
       11.3142616715
       11.1500460358
       10.8859065775
       10.6958164902
       10.5200464626
       11.1486155649
       10.8891468385
       10.6005340803
       10.3670666139
       10.1903926247
        9.9799821973
       10.4653033311
       10.0967254438
        9.7301480086
        9.3492047530
        9.0292007362
        9.0086937707
        8.6322260795
        8.2355900718
        7.8456613150
        7.2803188615
        6.6332551877
        5.9957788489
        5.9288899407
        6.0030680322
        6.4446892701
        6.8220648620
        7.5707130286
        8.0655663337
        8.4463454884
        8.7775968238
        9.1819784405
        9.9180656434
       12.0169478447
       13.3017018862
       14.5205536821
       15.6076504635
       16.4700684449
       16.9163124040
       17.8792561100
       18.0162978881
       18.1198782343
       18.2016956788
       18.2578471719
       19.4158620799
       19.6054178543
       19.4362193997
       18.8791409890
       17.9149522539
       16.7011140148
       16.2490610821
       15.3436445591
       14.3728474731
       12.6322292955
       10.9719028843
        9.7449147540
        8.5923267603
        7.6214274353
        6.7862100288
        6.0463770074
        5.3662143510
        4.7906815788
        4.2581306624
        3.8013583699
        3.4003016176
        3.0283853349
        2.7097494546
        2.4605648319
        2.2329784702
        2.0951255846
        1.9459337299
        1.8614107618
        1.7942537758
        1.7782864726
        1.7873870248
        1.8320897189
        1.8951200679
        1.9835163777
        2.0740601239
        2.1401906440
        2.1820581949
        2.2044400156
        2.1805321651
        2.1430783134
        2.1014238617
        2.0462294102
        1.9989845352
        1.9456658626
        1.8788369652
        1.7898390431
        1.7055672677
        1.6255889833
        1.5488254927
        1.4697207674
        1.3689992000
        1.2818380675
        1.2121900070
        1.1457412190
        1.0819392327
        1.0179009127
        0.9418430072
        0.8722555672
        0.8101210137
        0.7556580312
        0.7055366144
        0.6564313712
        0.6139242610
        0.5761942864
        0.5470262010
        0.5246114594
        0.5081117997
        0.4847825809
        0.4737021871
        0.4694907406
        0.4710735832
        0.4784265382
        0.4735949155
        0.4842925905
        0.4986539321
        0.5120799720
        0.5259092389
        0.5421192251
        0.5481911280
        0.5570955696
        0.5618624650
        0.5665805948
        0.5673172058
        0.5635390821
        0.5572654827
        0.5501480023
        0.5390357497
        0.5389300515
        0.5279564422
        0.5201701112
        0.4928117402
        0.4733703086
        0.4561382456
        0.4400943948
        0.4337557786
        0.4205597231
        0.3945816914
        0.3762887970
        0.3619954451
        0.3564731236
        0.3422030324
        0.3214452121
        0.3073739374
        0.3001321018
        0.2940303828
        0.2937447409
        0.2846559850
        0.2741383017
        0.2689860994
        0.2671456590
        0.2684263592
        0.2627507125
        0.2637302238
        0.2654932653
        0.2690501379
        0.2740252082
        0.2804071721
        0.2798966392
        0.2864490194
        0.2930697804
        0.3018297999
        0.3073525465
        0.3102419835
        0.3107144167
        0.3172282259
        0.3239369618
        0.3229296736
        0.3288456912
        0.3252006511
        0.3235314496
        0.3198987496
        0.3172142709
        0.3111407045
        0.2985357348
        0.2912725873
        0.2845163527
        0.2767766844
        0.2746548629
        0.2704023489
        0.2560282356
        0.2490049545
        0.2468533272
        0.2397785855
        0.2364803108
        0.2373474083
        0.2286391313
        0.2231249037
        0.2204607776
        0.2192883633
        0.2213121129
        0.2142915424
        0.2095679584
        0.2090449693
        0.2113157237
        0.2130439964
        0.2169294588
        0.2127491178
        0.2111626512
        0.2114798006
        0.2128172775
        0.2155516703
        0.2137489450
        0.2150095737
        0.2162301382
        0.2186320852
        0.2218376670
        0.2263635720
        0.2232469464
        0.2250008317
        0.2274170679
        0.2306262800
        0.2373887637
        0.2313954175
        0.2320869707
        0.2371461985
        0.2377370624
        0.2415411366
        0.2477738077
        0.2419303019
        0.2420358027
        0.2426973501
        0.2460329558
        0.2483364706
        0.2447063970
        0.2488691631
        0.2543533293
        0.2613433067
        0.2688184455
        0.2771906519
        0.2798426728
        0.2844356517
        0.2951301935
        0.3003932166
        0.3070437819
        0.3217201631
        0.3227848191
        0.3227588794
        0.3245456557
        0.3277785185
        0.3375053671
        0.3325961892
        0.3297446739
        0.3317337743
        0.3335965103
        0.3337602740
        0.3378313019
        0.3301712442
        0.3222281898
        0.3154546486
        0.3090194641
        0.3112351601
        0.3011101893
        0.2934574943
        0.2864188946
        0.2794222960
        0.2732896038
        0.2710189956
        0.2629038301
        0.2570345158
        0.2538449859
        0.2560536717
        0.2537898682
        0.2527357745
        0.2602458953
        0.2622037974
        0.2801366444
        0.2823175815
        0.2978037767
        0.3049036908
        0.3162565724
        0.3289745528
        0.3456100018
        0.3615329408
        0.3757029062
        0.3896104039
        0.4008383569
        0.4069875357
        0.4156027669
        0.4224664888
        0.4242993706
        0.4200957714
        0.4109339237
        0.4029551803
        0.3942847410
        0.3955401557
        0.3862836623
        0.3703012837
        0.3559950512
        0.3443692783
        0.3422980750
        0.3275401926
        0.3113416538
        0.3038686960
        0.2948906604
        0.2867155293
        0.2840201177
        0.2709411000
        0.2624440261
        0.2553503461
        0.2503055773
        0.2475705541
        0.2421816922
        0.2402319760
        0.2394922071
        0.2400966537
        0.2422735738
        0.2451620202
        0.2421068899
        0.2458302124
        0.2501256989
        0.2562383581
        0.2643925807
        0.2600680880
        0.2638168170
        0.2725052044
        0.2746580306
        0.2797902208
        0.2834993497
        0.2770627275
        0.2757106805
        0.2740832450
        0.2732013891
        0.2689680033
        0.2584647549
        0.2540365063
        0.2499666715
        0.2444571515
        0.2376691243
        0.2359246813
        0.2230987962
        0.2205819709
        0.2174516521
        0.2131248063
        0.2114871238
        0.2113851439
        0.2033374391
        0.2027507788
        0.2027199192
        0.2035349809
        0.2059467719
        0.2025002698
        0.2050940028
        0.2092781563
        0.2122563684
        0.2172090962
        0.2227394145
        0.0000000000
        0.0000000000
        0.0000000000
        0.0000000000
        5.7473913938
        5.7510715045
        5.5510229001
        5.2280236800
        5.1046936586
        5.0047015904
        4.7382664049
        4.6453088754
        4.4452966418
        4.3119538435
        4.4517898705
        4.8820102422
        4.8551376771
        4.9081960214
        4.8802916697
        4.7964063438
        4.9601915773
        4.7463930199
        4.5316215367
        4.4854039878
        4.7254834174
        5.0386589030
        5.7235842481
        6.2490153439
        6.7640276173
        7.3540955549
        7.7449858016
        8.5560121771
        8.8540960838
        9.3411225724
        9.4246152150
        9.2930031097
        9.1152170877
       10.1023640563
        9.9553481635
        9.6937648528
        9.3883887565
        9.1546342350
        8.8580317365
        9.6212850957
        9.3342558929
        8.9840183456
        8.7068291921
        8.4878797943
        9.3777779328
        9.1459939511
        8.9507067065
        8.7270350468
        8.7212677132
        8.5653723833
        9.3366355245
        9.0647010965
        8.8968047524
        9.1496074263
        9.1599250584
        9.1418211028
        8.7885766971
        8.5484474155
        8.3162304991
        8.0369784825
        7.7582414214
        7.9591884021
        7.8538734936
        7.5181066580
        7.0403580705
        6.6363965598
        6.6946357268
        6.8160680594
        6.8781534675
        6.8432883030
        6.9202001824
        6.9999231199
        6.9292483486
        6.8832847519
        7.1289672840
        7.5075225138
        7.8096935209
        8.5315153858
        9.2050388996
        9.8058570115
       10.3622952772
       10.9592096083
       11.8112652446
       13.3022796391
       13.6577622805
       13.7436957129
       13.6136799791
       13.6468208140
       13.8557927546
       15.2295430840
       15.5152349398
       15.6490068231
       15.8017951878
       15.9805884019
       16.6945785108
       16.5813146420
       16.2629917489
       15.8742518887
       15.5720822271
       15.3096458866
       16.0390014615
       15.7440945818
       15.4955254039
       15.1110575164
       14.6933671017
       14.5587413980
       13.9913761500
       13.3270678920
       12.7814349308
       12.3982294628
       12.0746264305
       12.1337153053
       11.7781197823
       11.4440578750
       11.1081765822
       10.6219861420
        9.9510155420
        9.2324350580
        8.0816313945
        7.1435261369
        6.0181822019
        5.3909233333
        5.0438519971
        5.2761804154
        6.0462317399
        7.1359039442
        8.4534936787
       10.0071200428
       11.4538869053
       13.0693287161
       14.7589105292
       16.3933170982
       17.8570053112
       19.3241100147
       20.5344807678
       21.6542786122
       22.5925241093
       23.4677706557
       23.9577176227
       23.8987416035
       23.9584935913
       24.0825628605
       24.2906692790
       24.5391090909
       24.3175616528
       24.5674374813
       24.4933053726
       24.2800686607
       23.9966105749
       23.6168244255
       23.4256567711
       22.9396611567
       22.3370564118
       21.4727657467
       20.3892222456
       19.4797282961
       18.3762846465
       17.3431122984
       16.3601941108
       15.3889987926
       14.4824865077
       13.9234344021
       12.9337576223
       12.0454915183
       11.2270118252
       10.5325567668
        9.5532007284
        8.4461336317
        7.1172437813
        6.0467589958
        5.2062044437
        4.9230573628
        5.1880654293
        5.4602911450
        5.7115743194
        6.1523783070
        6.5524933541
        6.8301675578
        6.9344104911
        6.9731109601
        6.9598136999
        6.8255628585
        6.7067685841
        6.5314515741
        6.3320438133
        6.2031189493
        6.0300289835
        5.8537297680
        5.6340486023
        5.4085482771
        5.2045266908
        5.0271187446
        4.8505368942
        4.6430484761
        4.3960866795
        4.2133883508
        4.0508367285
        3.9021779523
        3.7451476092
        3.5483192380
        3.3359142728
        3.1569923382
        3.0018528983
        2.8397998887
        2.6715247692
        2.4648060273
        2.3088511620
        2.1656371368
        2.0269384471
        1.8822003702
        1.7184987871
        1.5466279659
        1.3994558690
        1.2620513971
        1.1234669322
        0.9575004759
        0.8336149310
        0.7227449245
        0.5981437937
        0.5389892203
        0.4449619402
        0.3970266799
        0.3757072745
        0.4042973801
        0.5189116464
        0.6482994861
        0.7603390484
        0.8509905333
        0.9384444240
        1.0157474865
        1.0789095190
        1.1327321946
        1.1533459312
        1.1684928023
        1.1915006327
        1.2035802380
        1.2187171398
        1.2232759408
        1.2119537813
        1.1875534969
        1.1726381233
        1.1618092784
        1.1460130037
        1.1206499810
        1.0793469725
        1.0591357076
        1.0420039421
        1.0205433415
        0.9934020050
        0.9577376682
        0.9240655748
        0.8840355183
        0.8509903950
        0.8167480183
        0.7868209878
        0.7390951108
        0.7002263195
        0.6648098808
        0.6292507249
        0.5907811970
        0.5474279574
        0.5009461775
        0.4547651196
        0.4091386801
        0.3610265452
        0.3087269125
        0.2586841289
        0.2179112235
        0.1749984300
        0.1512739475
        0.1236500645
        0.1236186321
        0.1635387080
        0.2255776352
        0.2902198995
        0.3526593729
        0.4087392727
        0.4543001264
        0.4984712375
        0.5378920317
        0.5739897745
        0.5945439775
        0.6243969999
        0.6356042541
        0.6460842354
        0.6669825558
        0.6775358201
        0.6857787612
        0.6914733952
        0.6879586218
        0.6866751024
        0.6871440681
        0.6863965809
        0.6849972955
        0.6725008923
        0.6704031308
        0.6651477388
        0.6620310498
        0.6548721394
        0.6459907136
        0.6374455318
        0.6200092861
        0.6053034002
        0.5901406989
        0.5844103428
        0.5610117098
        0.5414026478
        0.5228325611
        0.5019538154
        0.4779841377
        0.4512876374
        0.4233293548
        0.3903885753
        0.3584972508
        0.3253786835
        0.2799775150
        0.2582996391
        0.2357809327
        0.2048844075
        0.2051730540
        0.1846780660
        0.1915866187
        0.2022398926
        0.2377422466
        0.2997264294
        0.3597690353
        0.4133946081
        0.4589930425
        0.5022094763
        0.5399008578
        0.5698872552
        0.5991321012
        0.6150047722
        0.6304900623
        0.6445474940
        0.6508182838
        0.6580474945
        0.6614625191
        0.6618465875
        0.6563641277
        0.6475520961
        0.6392831102
        0.6303977498
        0.6226055999
        0.6065615556
        0.5914708885
        0.5842037824
        0.5684712854
        0.5502087606
        0.5312351725
        0.5146882488
        0.4880472167
        0.4617361604
        0.4351691042
        0.4152271331
        0.3926060950
        0.3641586228
        0.3381636402
        0.3121954911
        0.2879020345
        0.2671787123
        0.2477186751
        0.2303181005
        0.2192505704
        0.2138188878
        0.2131216794
        0.2088704639
        0.2205227737
        0.2319685517
        0.2496073589
        0.2653323167
        0.2854763400
        0.2999440024
        0.3235176087
        0.3497108417
        0.3741539997
        0.3917969517
        0.4021209153
        0.4093658543
        0.4132651787
        0.4123457967
        0.4051976452
        0.3996252864
        0.3829806201
        0.3701689746
        0.3571090789
        0.3409168367
        0.3255317514
        0.3103087542
        0.2889163040
        0.2716515085
        0.2563173184
        0.2422634407
        0.2302062199
        0.2150377542
        0.2049423159
        0.1980708364
        0.1932846232
        0.1901590706
        0.1884397916
        0.0000000000
        0.0000000000
        0.0000000000
        0.0000000000
        4.6431861486
        3.3107312692
        3.1166783508
        3.3286368197
        3.5058935853
        3.5699633057
        3.6755182457
        3.5606950876
        3.6590870419
        3.9061619519
        4.1237717588
        4.2069761245
        4.1917991707
        4.0405678805
        3.8103783310
        3.5366694063
        3.8019255548
        4.1814116407
        4.4972165518
        4.5646019100
        4.4600820722
        4.4451573115
        4.9561872496
        5.4567755695
        5.9172661276
        6.3862918929
        6.7508816156
        7.3445065142
        7.4738771364
        7.5264399053
        7.6230908730
        7.7540469613
        7.8679623482
        8.3496566497
        8.5242858736
        8.8514822593
        8.8762723519
        8.7565501778
        8.7697525106
        9.4731279435
        9.4054710493
        9.5873425210
        9.6127972194
        9.4627542189
       10.0272068881
        9.9846477852
       10.0872682020
       10.4326173599
       10.4500343606
       10.2118860575
       10.4528569599
       10.0536503120
        9.9051067219
        9.7668163633
        9.7620605614
       10.0569167433
       10.0384960557
       10.0378952934
        9.8979645764
        9.7511350418
        9.6074325533
        9.6210637751
        9.2412553418
        9.0109329044
        8.8090759544
        8.6191189604
        8.1989847423
        7.9156402840
        7.5735751552
        7.2784851227
        7.0495437889
        6.9217999597
        6.9668253397
        7.2761778116
        8.1496948865
        9.3426025451
       10.2707263127
       11.1051900000
       11.4791928635
       11.7515033721
       12.1193543533
       12.5939354124
       13.2893674538
       14.7548794398
       15.0601657599
       15.1922269459
       15.3259229616
       15.4657878287
       15.6169326818
       16.7224100612
       16.7480126676
       16.3772626992
       15.9854658290
       15.4984794110
       15.7839223133
       15.5352818524
       15.3166495420
       15.1201846146
       14.8382541106
       14.5098360895
       14.9802574105
       14.5977889555
       13.9932309643
       13.2309236417
       12.4692995941
       12.6342642012
       12.2557491746
       11.9229745442
       11.5448003924
       11.1471398089
       10.8062567317
       11.2735826885
       11.1977444283
       11.1442709603
       11.0297393028
       10.4854949803
       10.0920712811
        9.6481070099
        9.0072667029
        8.4509660283
        7.8068861442
        7.6707274369
        7.7527352100
        8.0104013448
        8.5316182576
        9.0534500001
        9.5304759824
       10.7673471518
       11.4338945773
       12.0004344682
       12.3161966705
       12.6977319590
       12.6630639049
       14.1626943246
       14.5433316689
       14.5565106404
       14.3949081177
       14.1393552351
       13.9769584681
       15.3889403660
       15.2061562747
       14.8461045786
       14.5790676855
       14.4618638058
       15.6628278997
       15.5385068870
       15.2578859611
       15.1818830783
       15.3564660817
       15.5546540823
       16.6975989724
       16.2903603133
       15.7950783391
       15.2592109955
       14.8399115033
       15.3049097257
       15.0617103229
       14.7215826990
       14.3238387485
       13.8574485091
       13.3747015236
       13.2192308319
       12.6143902022
       11.9400237664
       11.1145855807
       10.3504065277
        9.4157557876
        8.5282217042
        7.6734627390
        6.8449863119
        6.1236565262
        5.9293703909
        6.0477243066
        6.8938255781
        8.0615357476
        9.3733247162
       10.4735528583
       11.7437417763
       12.7464474568
       13.6385919525
       14.3968376904
       14.9353547282
       15.3621074920
       16.8910606599
       17.4122672250
       17.8378661718
       18.2616245818
       18.6312542031
       18.8433291539
       20.0552960148
       20.0325012751
       19.8730871643
       19.7006373965
       19.5665203244
       20.4309405724
       20.7579108618
       21.0566696529
       21.4693891731
       21.9187909486
       21.9952841618
       22.6637584026
       22.4837148908
       22.4427082571
       22.3027456443
       21.9798166376
       22.0676246134
       21.8118793104
       21.3900388066
       20.7398621801
       19.8060840061
       18.7257657155
       17.7452495739
       16.5436633204
       15.2090360123
       13.6377457079
       12.2348551468
       11.4988155656
       10.8935981097
       10.3841658603
       10.1406716243
        9.3346354841
        8.7244846509
        8.5109899473
        8.9313968703
        9.8406693758
       11.0311608041
       12.0102693933
       12.8272166210
       13.4588682799
       13.8794342587
       14.2594424196
       14.6855151852
       14.9274793419
       15.7543094921
       16.0477380569
       16.3689401812
       16.6663462311
       16.8262258015
       16.9289854752
       17.4724749527
       17.3113047901
       16.9622622433
       16.4018608308
       15.5532156111
       15.0878317891
       14.1734743008
       13.3379051821
       12.6881248359
       12.0159435828
       11.1710629007
       10.7178148557
        9.8771803916
        9.0240095501
        8.3288236301
        7.4225249246
        6.7493655632
        6.0614511407
        5.4626159224
        4.9455471815
        4.4804724663
        4.0420864640
        3.6399076779
        3.2857109591
        2.9863412076
        2.7236846109
        2.5020684881
        2.2541908071
        2.0960730042
        1.9629568935
        1.8725008150
        1.7911933558
        1.7413327568
        1.6953402714
        1.7162423797
        1.7796361139
        1.9011490896
        2.0060691216
        2.0766706530
        2.1404522994
        2.1877510345
        2.2124538569
        2.1979837460
        2.1832856196
        2.1185440275
        2.0814953496
        2.0662668034
        2.0257772747
        1.9815594970
        1.9197036390
        1.8420640022
        1.7854976608
        1.7344860483
        1.6796481423
        1.6129282556
        1.5293730987
        1.4698638618
        1.4207954012
        1.3713879320
        1.3169172988
        1.2502160798
        1.1717667073
        1.1137139598
        1.0578542784
        0.9986561185
        0.9352867913
        0.8667331366
        0.8143245343
        0.7639904965
        0.7146709766
        0.6643752679
        0.6121124093
        0.5575793447
        0.5128883783
        0.4708151282
        0.4327968581
        0.3883122927
        0.3514434789
        0.3210040176
        0.2866895294
        0.2718664195
        0.2404574857
        0.2212513469
        0.2023105369
        0.1870213971
        0.1729443800
        0.1640736788
        0.1587524816
        0.1584112131
        0.1609562525
        0.1625392637
        0.1589745913
        0.1538408998
        0.1468993678
        0.1469257130
        0.1367509458
        0.1215346712
        0.1059631318
        0.0900261654
        0.0803869232
        0.0787010026
        0.0606369098
        0.0435806799
        0.0415995830
        0.0438326257
        0.0534442860
        0.0534806887
        0.0661716182
        0.0836498447
        0.1007935454
        0.1088604335
        0.1079307178
        0.1255428727
        0.1459897852
        0.1628297179
        0.1674745832
        0.1613344979
        0.1766821176
        0.1904931922
        0.2027665384
        0.2116198437
        0.2094206267
        0.2007241135
        0.2085778318
        0.2156953254
        0.2177285862
        0.2117808792
        0.2021654162
        0.2002197053
        0.1986391056
        0.1935472375
        0.1852480146
        0.1773582729
        0.1676548979
        0.1591124807
        0.1498108591
        0.1413543083
        0.1350851736
        0.1307944092
        0.1233602308
        0.1168221808
        0.1095644070
        0.1050836716
        0.1042608260
        0.1057584820
        0.1006941771
        0.0988371325
        0.0958426610
        0.0943475336
        0.0989394029
        0.1018684671
        0.1015991706
        0.1025233405
        0.1046005862
        0.1102326986
        0.1141871280
        0.1171036350
        0.1223305784
        0.1262657085
        0.1317288185
        0.1376334864
        0.0000000000
        0.0000000000
        0.0000000000
        0.0000000000
        4.3131186694
        3.6705619593
        3.5432298251
        3.6326206565
        3.9282154177
        4.1744744606
        4.2263834041
        3.9971193246
        3.7148841961
        3.5234348275
        3.3076386728
        3.0795113064
        2.9015981962
        2.8919424081
        2.9540333644
        3.0954760620
        3.5053754708
        3.9212326878
        4.1444534667
        4.3465899435
        4.3554631492
        4.5282326942
        5.1098295022
        5.4914223000
        5.5866507535
        5.6194714173
        5.6830451757
        6.5207398145
        7.0307659593
        7.0282629168
        6.8071979015
        6.4157922896
        6.1945541943
        6.7896359160
        6.7465370666
        6.4633798081
        6.1444788198
        5.8964847079
        5.6150559343
        6.1943037213
        6.1250868209
        6.0994770163
        6.2039811229
        6.2377564653
        6.8414208729
        6.7483609921
        6.5420225823
        6.1716871855
        5.8756536090
        5.4977228683
        5.9901848160
        5.9816767351
        6.1815104806
        6.2986899574
        6.4406990313
        7.4307344464
        7.8905916668
        8.1573381498
        8.0965984073
        7.8868882032
        7.6929409954
        7.9969408920
        7.8073988288
        7.4700854105
        7.3560364560
        7.5507815408
        8.0745394927
        8.5533952777
        9.1994897115
        9.7840823562
       10.0823134160
        9.8125273271
        8.3617969412
        7.6435183926
        7.8044727319
        8.3025492994
        9.1882047296
       10.6116159267
       11.3973128192
       11.7236877190
       11.8919717155
       12.0953042338
       12.1666449453
       12.9695930877
       13.1656710506
       13.2944363160
       13.1940864826
       12.8179858980
       12.6999692162
       13.2354594264
       12.8696930709
       12.4075996280
       12.2887525769
       12.3455403767
       12.9329107246
       12.7032324168
       12.2503401739
       11.8354251374
       11.5580706747
       11.2310368815
       11.7874240069
       11.4135459275
       10.8261527327
       10.1415480346
        9.6565066896
       10.0810033281
        9.8736238965
        9.5911395892
        9.2638281746
        9.4958819576
        9.7403432965
        9.7820143649
        9.5660501016
        9.0920052413
        8.4293047946
        7.7202109968
        7.4917176422
        7.1246813772
        6.7937927139
        6.6594689573
        6.3820036413
        6.2537818050
        6.3216443089
        6.4212779152
        6.6830420184
        7.0013410913
        7.4148556136
        8.2265978578
        8.6468492253
        9.1294245196
        9.7216703784
       10.1591713350
       10.5255916249
       11.9461169902
       12.2554528472
       12.4801028960
       12.5730901778
       12.5802226357
       12.6955947167
       13.9596768294
       13.9311001924
       13.7906884621
       13.5441550498
       13.1355742920
       13.9113690748
       13.6353798042
       13.3881038879
       13.1194041780
       12.8750435216
       12.9565505649
       14.3308752745
       14.3200104856
       14.0613489045
       13.6137709073
       13.1530999919
       13.2161083033
       12.9850126285
       12.5448144443
       11.8964335479
       11.2916630203
       10.9201594196
       11.0897961746
       10.8253089386
       10.3232448453
        9.7535380219
        9.2957389299
        8.7935070902
        8.3939102799
        7.9817905499
        7.5051372938
        7.1114944264
        6.9184905361
        7.2196581973
        7.6796065649
        8.2913483980
        9.0534173133
        9.6820789191
       11.0221422477
       11.5891949961
       12.1301485425
       12.6722475834
       13.1220253353
       13.5821742709
       15.4195892484
       15.5673023744
       15.5726626725
       15.5062816417
       15.4926637643
       15.5818612720
       17.3679851882
       17.3768903085
       17.3031981516
       17.1781899663
       16.9824186504
       18.1521130276
       17.9394406962
       17.7044432746
       17.3864099591
       16.8661934699
       16.4928085673
       17.4688482841
       16.8665034433
       16.2578430130
       15.6980619123
       15.1262730099
       15.8015464790
       15.2102510813
       14.5853140204
       13.9260823560
       13.2340851903
       12.4444930733
       12.9859140768
       12.2281330626
       11.6232018063
       10.9711376953
       10.2285775303
       10.5526965220
       10.0356173646
        9.4385111326
        9.2922657439
        9.0731992936
        9.0066874867
        8.8333380032
        8.9661474543
        9.6968369621
       10.6757171901
       11.5085365401
       12.9534491416
       13.8317035993
       14.6042499699
       15.1300154518
       15.5401643257
       15.9375291771
       17.3877946268
       17.5448627341
       17.5264575622
       17.4867186994
       17.5675023550
       17.6730946475
       19.3984627958
       19.4671925914
       19.7050405787
       20.2107869202
       20.4686281406
       21.2821880720
       21.3571918220
       21.5207558172
       21.4224608366
       21.1191177184
       20.6354071606
       20.6697283224
       20.0231700107
       19.5605679088
       19.1872934227
       18.7109437606
       18.6019071151
       17.9445876921
       17.0915359391
       16.2003619224
       15.2495409375
       14.0240414826
       13.2047640457
       11.8993146581
       10.9591914973
       10.3341404122
        9.7742836741
        9.1642465239
        8.4797673069
        7.7328557822
        7.2407419060
        6.6452134814
        6.2942491005
        5.8332025562
        5.9809909641
        6.4779424418
        7.1053227418
        7.8025175910
        8.4041476140
        9.2561904785
        9.9689357459
       10.6286162578
       11.2660078443
       12.0465154954
       13.7641835060
       14.6595205549
       15.4274495296
       16.2196285186
       16.7622505160
       17.1822473968
       18.2283323904
       18.5997639281
       18.7906778638
       18.7975153917
       18.7431904406
       18.7060605901
       18.4788234693
       18.4618658462
       18.5781441639
       18.6479413082
       18.7083198226
       18.6015549100
       18.5654331009
       18.6508108353
       18.7541649122
       18.7092136083
       17.8770555657
       17.1334924288
       15.9911432137
       14.5735808491
       13.0210553516
       11.7432188563
       10.8631679598
       10.4185536349
       10.1076565946
        9.8399665783
        9.4767762399
        8.9225988525
        8.1057512906
        7.1828195194
        6.4514250570
        5.8463891740
        5.2894288967
        4.9300544166
        4.5347175009
        4.2704883110
        4.0972453415
        3.9443280219
        3.8141689148
        3.6889901312
        3.5747251669
        3.4704577093
        3.3742596959
        3.2600324263
        3.1632684606
        3.0606759253
        2.9442369552
        2.8421300413
        2.7333754470
        2.6089108124
        2.4648116574
        2.3312974339
        2.2071982315
        2.0895685441
        1.9699390836
        1.8259576076
        1.7120478840
        1.6152696431
        1.5284695813
        1.4456004137
        1.3614778031
        1.2610466188
        1.1790695503
        1.1134091651
        1.0542641909
        0.9961514851
        0.9248548860
        0.8821014479
        0.8465057225
        0.8166837164
        0.7903909763
        0.7662000807
        0.7275009936
        0.7128258500
        0.7029952969
        0.6953508528
        0.6909722687
        0.6675708246
        0.6644784788
        0.6645856263
        0.6583626349
        0.6569954148
        0.6537939774
        0.6334077687
        0.6231799476
        0.6102167379
        0.5977940820
        0.5805479394
        0.5529199116
        0.5363065345
        0.5194962244
        0.5022625547
        0.4822596242
        0.4711002636
        0.4430746571
        0.4278244931
        0.4174734452
        0.4037494241
        0.3941138476
        0.3887821632
        0.3716844759
        0.3662750111
        0.3624924667
        0.3610069870
        0.3633668690
        0.3570060812
        0.3610836111
        0.3654899608
        0.3707922690
        0.3808017126
        0.3922842566
        0.0000000000
        0.0000000000
        0.0000000000
        0.0000000000
        3.0714747686
        2.9309969125
        2.6727415976
        2.7584485054
        2.7729569561
        2.6350784700
        2.6490738121
        2.8934020426
        3.1136258552
        3.2055205164
        3.3243516322
        3.2548832236
        3.3656761885
        3.3122048205
        3.2173505591
        3.1016596407
        3.0651145279
        3.1004057776
        3.1918638983
        3.1393496388
        3.0118433790
        3.1928419435
        3.5836828858
        3.7711855065
        3.9116246850
        3.8456193978
        3.7726797924
        4.3632298183
        4.3249162246
        4.1116590590
        3.8667931084
        3.7253381535
        3.5345918419
        3.9444947193
        3.8135889365
        3.6773006084
        3.6219699675
        3.5659043626
        3.4583182573
        4.0060302075
        3.9500643001
        3.7414803767
        3.5105790647
        3.2502674945
        3.7488413888
        3.7575950835
        3.7585890094
        3.8431923690
        4.0132566414
        3.9897470410
        4.6179332153
        4.5500757455
        4.4166588919
        4.3835620297
        4.3296207369
        4.9775910089
        4.9762720843
        4.8985902647
        5.0266428068
        5.1568424767
        5.2889784306
        5.4874522974
        5.5964607602
        5.7050009796
        5.7275228402
        5.6557084223
        5.5743872725
        5.8092844402
        6.1291518111
        6.3763938451
        6.6921479468
        7.0418995224
        7.3310508156
        7.8865994173
        8.6117435102
        9.0545315302
        9.0947127892
        9.4964866285
        9.8058065160
       10.1017667163
       10.3239147754
       10.6512636337
       10.7072062638
       11.1941943947
       10.9402218922
       10.8752716995
       10.6635942381
       10.6859161303
       10.5836899570
       11.0959934402
       11.1232755057
       11.1776741910
       11.0868459554
       11.0809795330
       11.5745075013
       11.3961888908
       11.0851077365
       11.0699001806
       10.9662770928
       10.6161084311
       10.7237525593
       10.2518898405
        9.6968097848
        9.4040102197
        9.1692376144
        9.4076425959
        9.2692577678
        9.1649572283
        8.9675657179
        8.9581701597
        9.1151049810
        9.3712492484
        8.9045793138
        8.3068457458
        7.9665034097
        7.6816115542
        7.6206484616
        7.7195283266
        7.8077027650
        7.9779125198
        8.1348801650
        8.4058078075
        8.3742272907
        8.7612853510
        9.1480204838
        9.4186740322
        9.8555381578
       10.6965779480
       11.7544091415
       12.4117185513
       13.0112259627
       13.4646878646
       13.7407288073
       14.5750766301
       14.6884587224
       14.4580771375
       14.1974520057
       14.5084094307
       15.3461945831
       16.2518162287
       16.1336517980
       15.6426247764
       15.0099639187
       14.6063034389
       14.7103045105
       14.3642025497
       13.7592793413
       12.9879597796
       12.8363723120
       13.0805938179
       13.8709210518
       13.7301713541
       13.2886236479
       12.6977862013
       12.0911775892
       11.9184664995
       11.6538203091
       11.3786191144
       11.0888349131
       10.7735877443
       10.3103127118
        9.9942789666
        9.3917974600
        8.5373055638
        7.7765800281
        7.3484594966
        6.9677335786
        6.5627152780
        5.9987377345
        5.3115251158
        4.7719381626
        4.6135176719
        5.3048886232
        5.8000032836
        6.4467992717
        7.1782633227
        7.8675010277
        9.4212222813
       10.1815425277
       10.6466314112
       11.0382819433
       11.5277892328
       12.3340692827
       14.2539125513
       14.6105822270
       14.8550728342
       14.9438533892
       15.0124459999
       15.0688583057
       16.5120897126
       16.4832899585
       16.3501060000
       16.1990590436
       16.0817265003
       17.2497350551
       17.5691564167
       17.6459887384
       17.6035980290
       17.5194929230
       17.3895454236
       18.3522112889
       17.9835573299
       17.2922125081
       16.4242633374
       15.8303217810
       16.0249342518
       15.3808927167
       14.6554563515
       14.0457068881
       13.5902876735
       13.3782083213
       13.7887398772
       12.9977738512
       11.9393129103
       10.9468762792
       10.0471216479
        9.5774642871
        8.4938217218
        7.2718275626
        6.8090879743
        6.2533587571
        6.0779959540
        6.1002842662
        6.1541354003
        6.7773360023
        7.8585875206
        8.9832845284
       10.6738110552
       11.9186935961
       13.0134284120
       14.0418102837
       14.8577192515
       15.2785230152
       16.2554458462
       16.0680040357
       16.0811813811
       16.2605077112
       16.4543664781
       16.5117424025
       17.7102171823
       17.6732536061
       17.7430641894
       17.9270241357
       18.0569276064
       18.6634879830
       17.9747634634
       17.4755871869
       17.4361328305
       17.3516144899
       16.9386366035
       17.4974079949
       16.4892965463
       15.8605222916
       15.3569448903
       14.7757266878
       15.3469739230
       14.7550681258
       14.3323778273
       13.9500386876
       13.7193247018
       13.3790113331
       13.5356236747
       12.9499678393
       12.2568451426
       11.4575002854
       10.6341335951
        9.8211946302
        8.8318346133
        7.9183483992
        7.0206331838
        6.2630271463
        5.8390350712
        6.4487656766
        7.1387194904
        8.0775658390
        9.1060376390
       10.0266778700
       11.9792823273
       12.8984151774
       13.8192276960
       14.8398001501
       15.7891864907
       16.5039411837
       18.6949593094
       19.1272725445
       19.1872811625
       19.0512849372
       18.9420504154
       18.7520174272
       20.4268508378
       20.2432109564
       20.1763282434
       20.1418684748
       19.8808710782
       21.5533867713
       21.6367425762
       21.6231109043
       21.4059772623
       20.8445240392
       20.1167887956
       20.7878615776
       19.9195851129
       19.2409311203
       18.5915703476
       18.0250061292
       18.4870582848
       17.8234837239
       17.1773632378
       16.5967337526
       15.9783790799
       15.2414439341
       15.0615236360
       14.1973651797
       13.4435626038
       12.7103961344
       11.8089649614
       11.2763762590
       10.8599139952
       10.1370752869
        9.5998471161
        8.4423380307
        7.2093842807
        6.0953892774
        6.1207826626
        7.3949423830
        9.0647111188
       10.6934752114
       12.4701822728
       14.3794149464
       16.0570919738
       17.6064507215
       19.1038580845
       20.3411793651
       21.6214286405
       22.8034628314
       23.7366131776
       24.3892722072
       24.6823123107
       24.4774174539
       24.4298824155
       23.9487036192
       23.4740786655
       23.0934205547
       22.7528898432
       22.3700832737
       21.9358654182
       21.2208991798
       20.2262997945
       18.8516366236
       17.1045007005
       15.3983463183
       13.8253801331
       12.8805728682
       12.5774256649
       12.2004368306
       11.9854756758
       11.7685065345
       11.4027284597
       10.8930880946
       10.3729677566
        9.8753441701
        9.7819783638
        9.5854910721
        9.5244886853
        9.4139599311
        9.0867944199
        8.6957625920
        8.0141374448
        7.3230871108
        6.6999676509
        6.2044689368
        5.8423897143
        5.7639618234
        5.6165234802
        5.5970329513
        5.8366488769
        6.2225990539
        6.8924015089
        7.1933064452
        7.2597619498
        7.0346490701
        6.5209637579
        6.0054839292
        5.6560154353
        5.2869286066
        4.9798152794
        4.6545286005
        4.3603478327
        4.0633031054
        3.7767597552
        3.5002953178
        3.2537738183
        3.0333824800
        2.8309024814
        2.6358758240
        2.4956019546
        2.3877493391
        2.3160903740
        2.2823671953
        2.2837947481
        0.0000000000
        0.0000000000
        0.0000000000
        0.0000000000
        2.6045111114
        2.7153688247
        2.8809668177
        3.0173602769
        3.0189360961
        2.9615130120
        3.1092234595
        3.2207944392
        3.2384442915
        3.1407354819
        2.9414812865
        2.5028807651
        2.4858505050
        2.5054058242
        2.5005798866
        2.5186559444
        2.5543995381
        2.6606960637
        2.7194520100
        2.7301456114
        2.6805481625
        2.5910101733
        2.7093632304
        2.7791051222
        2.9495652558
        3.1513766206
        3.2799998251
        3.7993511017
        3.8074559119
        3.7447283453
        3.6617609453
        3.5593893126
        3.4046661983
        3.8789748639
        3.7708531488
        3.6761677754
        3.5875369726
        3.5539774691
        3.5365160823
        4.1080242712
        4.0324804395
        3.8919474322
        3.7381464823
        3.6546524431
        4.1273043442
        4.2612893351
        4.3015560335
        4.2673171839
        4.1392181476
        3.8184253282
        4.0709128132
        3.9986741973
        3.8989945742
        3.7119771899
        3.5480884457
        3.8336511482
        4.0283798694
        4.1680780316
        4.1051339748
        4.0746753431
        4.0073362737
        4.1014462610
        4.1882250803
        4.4313295452
        4.7684010744
        4.9241605182
        4.5982881211
        4.6375979727
        4.9448211824
        5.3680863285
        5.5740175384
        6.0175889565
        6.4307755624
        6.8724004186
        7.2066182499
        7.5731239713
        7.9362312897
        8.3480419938
        8.5923734202
        8.7192895712
        9.1011729296
        9.0657163929
        8.8730147875
        8.9533857002
        8.9869692445
        9.0071602556
        8.9398286782
        8.9878607237
        9.1113799844
        9.6256847416
        9.4731633087
        9.1461045686
        9.0506882763
        9.0143271166
        9.6681447672
        9.5110800481
        9.2013775100
        8.9434141134
        8.7988139698
        8.6975908604
        9.0581474477
        8.7764984753
        8.7901620814
        9.0005724972
        9.1971967386
        9.5721349785
        9.6654965886
        9.6781918798
        9.4830763177
        9.2829843951
        9.2144694230
        9.2485015004
        9.1811055419
        9.1698240242
        8.9675551048
        8.7689670336
        8.4940974321
        8.7284595491
        8.7691662752
        8.7854022585
        8.5950191760
        8.6640667196
        8.6835805714
        8.9192998709
        9.2271078787
        9.4818052395
        9.8066105669
       10.3172733396
       10.8110277804
       11.0740565282
       11.3189907963
       11.6673468479
       11.8516688644
       12.2254649119
       11.9461839994
       11.4464947298
       11.1452009083
       11.0438766180
       11.0569933748
       11.6435291003
       11.4572192657
       11.0869036479
       10.8913794495
       10.7726347341
       11.2794474481
       10.9218643488
       10.6628805903
       10.8030974730
       10.9566319686
       10.8983364463
       11.1843667181
       11.0359889083
       10.8805653623
       10.7057909816
       10.5401513710
       10.3247349373
        9.9689697721
        9.4634494118
        9.3920973859
        9.8049689556
       10.0734528273
       10.0198558785
        9.9541559459
       10.0355165469
        9.9661457334
        9.8868297806
        8.6580380474
        8.4783367133
        8.5595170799
        8.7678457841
        8.9001385735
        8.9982094918
        8.7702312617
        9.9178012849
       11.2276183291
       12.3944942216
       13.3703028477
       13.6244477797
       14.5803803093
       15.5482351966
       16.3521324627
       16.7905030057
       16.9108835123
       17.0333795525
       17.2426467930
       17.4172039529
       17.4430720465
       17.7294737024
       17.9779174796
       18.4109992762
       18.2869318280
       17.8112444756
       17.5930639883
       17.6400866393
       18.1511502639
       18.3203955700
       18.3250009711
       18.4064745362
       18.6933032704
       18.8926522135
       19.1127834949
       18.7285298654
       18.2610291296
       18.0663055167
       17.9348702486
       17.2706782112
       17.0890110753
       16.8884260479
       16.5079629296
       16.1286206914
       15.7137859807
       14.9890354072
       14.4846736328
       13.9967781302
       13.4129068640
       12.7208296013
       11.8433978967
       10.8892082787
        9.6404095106
        8.5553341380
        7.2878692636
        6.1146764831
        5.3394191596
        4.9845948454
        5.3110582255
        6.1120522794
        6.9470154049
        8.3335755884
        9.0792641126
        9.7618494155
       10.4548416108
       11.2576292516
       12.1151959474
       13.5692357768
       14.2941034536
       14.7208228374
       15.2038096332
       15.7961012948
       16.3900799238
       17.6808465552
       17.9540004849
       17.9465769322
       17.8742158367
       17.7678290537
       18.2551901118
       18.0879938197
       17.8648631109
       17.7568439483
       17.8915607529
       17.9940132880
       18.6804144569
       18.3146864042
       17.7431468632
       17.2075128008
       16.6439461095
       16.4628590433
       15.6027209069
       14.7062783112
       13.9218167479
       13.1898454502
       12.4988854255
       12.1693841619
       11.2342527783
       10.2420011789
        9.3470648849
        8.5826104935
        7.8979692423
        7.1095172008
        6.4057566039
        5.8386055747
        5.4594816341
        5.3879920693
        6.4742364687
        7.5491052025
        8.6146954357
        9.6394015321
       10.6522737329
       12.5573851960
       13.5207099872
       14.4022045869
       15.0981925408
       15.6153690263
       16.2074851014
       17.8482148429
       18.0397461283
       17.9723365133
       17.6946462674
       17.3832754627
       17.0314436542
       18.5584946592
       18.2133129386
       17.8557038596
       17.5970110314
       17.5074024108
       19.1877589524
       19.0589460027
       18.8848523934
       18.6976165390
       18.4759640589
       18.0851258758
       19.1504795716
       18.1307462922
       17.1968503046
       16.4972464371
       15.7749120904
       16.0337502795
       15.1721637588
       14.1928120965
       13.3921613016
       12.7338432003
       12.0199096985
       12.4347192448
       11.5119254984
       10.6106822878
        9.6650287074
        8.7384363995
        8.9193040527
        8.1603877517
        7.2713541820
        6.7422425382
        5.9017324702
        5.4234940837
        5.7923076285
        6.2904729155
        7.3007375306
        8.5209455651
        9.9387765772
       11.8391588263
       13.1176161444
       13.9862541662
       14.5136664378
       14.8930563114
       15.1457390158
       16.9079384440
       17.4172535479
       17.9300950124
       18.4368372337
       19.0200126246
       19.5025385940
       20.9486534784
       21.0432679158
       21.1143533523
       21.2104956126
       21.1924477634
       21.9537720962
       21.9686363876
       21.8167439119
       21.4945684289
       20.9812937526
       20.3206708353
       21.0015037812
       20.4271529867
       19.9817109685
       19.5646394091
       19.1426892940
       19.5874404290
       18.9767155631
       18.2651583235
       17.3560508339
       16.2746705240
       15.1119848627
       14.7056915748
       13.6061541521
       12.5939817282
       11.6849798155
       10.9421137976
       10.0829439787
        9.2168858551
        8.3481936152
        7.5170737923
        6.6901861319
        6.0086932853
        6.0820021497
        6.5843693514
        7.5884128870
        8.9739266244
       10.3893719589
       12.5100518586
       14.0481019140
       15.4275367067
       16.4388728802
       17.3238021316
       18.3766091551
       20.4903919126
       21.4827196913
       22.2357389676
       22.8035831735
       23.1758391692
       23.5275765212
       24.5092242520
       24.2425010872
       23.3823804490
       22.5686929900
       22.2389041376
       21.6591358848
       20.3049551829
       19.1734624096
       17.7495470380
       16.4869852710
       20.2771811565
        0.0000000000
        0.0000000000
