!------------------------------------------------------------!
  Date: 20190929
  Simulation name: BV7 
  Filename:massinchannel.txt                                                                                                       
  Produced in mod-subroutine:  massdist/massinchannel                                                                                                  
  Written by AK September 2019
  Description:Calculate mass distribution in different parts of the channel                                                           
  Data format: t Total Mass (m^3) Elutriated % Med Dense InChannel WidthChannel 0ScaleH ScaleH buoyant current                        
!------------------------------------------------------------!
   1       2508480.0000000000             0.0000000000             0.0000000000             0.0000000000             1.0000000000             1.0000000000             1.0000000000             1.0000000000             0.0000000000             0.0000000000             0.0000000000
   2      42521984.5586118028       1873142.4673661247             0.0000034992             0.0114993446             0.9884999270             0.9559488465             0.9972747143             0.9999991463             0.0000008537             0.0000586005             0.0439925529
   3      82300333.0732331127       5321608.7734320769             0.0000053940             0.0232202787             0.9767780887             0.9353391587             0.9908213507             0.9998197916             0.0001802084             0.0004285054             0.0642323359
   4     119664914.3221454620       8487371.3373344876             0.0000095857             0.0330554880             0.9669420417             0.9290738527             0.9630232132             0.9947792182             0.0052207818             0.0014268244             0.0694993229
   5     119622444.2561882287      10324264.8948979508             0.0000192025             0.0576792107             0.9423166265             0.9136929114             0.8536103557             0.9629005599             0.0370994401             0.0035320946             0.0827749940
   6     119521409.3136247694      21155640.9420551732             0.0000352001             0.1051224387             0.8948705046             0.8229970592             0.7587955785             0.9707643415             0.0292356585             0.0060387201             0.1709642208
   7     119494073.7760446221      20422532.5392830744             0.0000596340             0.1396837513             0.8603048084             0.8290916705             0.7763587685             0.9766717884             0.0233282116             0.0090601704             0.1618481591
   8     119493828.8419343233      22509995.5739206523             0.0000941515             0.1916625704             0.8083197985             0.8116221081             0.7775361512             0.9554407696             0.0445592304             0.0127156324             0.1756622595
