!------------------------------------------------------------!
  Date: 20191120
  Simulation name: BVX4 
  Filename:PEbyx.txt                                                                                                                                             
  Produced in mod-subroutine:  massdist/energypotential                                                                                                                              
  Written by AK September 2019
  Description:Integrates by width potential energy necessary to overflow at each height                                                                             
  Data format: RMAX by t potential energy (J)                                                                                                                       
!------------------------------------------------------------!
        0.0000000000
  1247355.8516818287
     2262.2640456235
     2140.5885888287
     2018.9131320339
     1897.2376752391
     1775.5622184442
     2329.8614947598
     2208.1860379650
     2086.5105811702
     1964.8351243753
     1843.1596675805
     2402.7168402311
     2275.7834871013
     2154.1080303065
     2032.4325735116
     1910.7571167168
     1789.0816599220
     2343.3809362376
     2221.7054794427
     2100.0300226479
     1978.3545658531
     1856.6791090583
     1735.0036522635
     2289.3029285790
     2167.6274717842
     2045.9520149894
     1924.2765581946
     1802.6011013998
     2356.9003777153
     2235.2249209205
     2113.5494641257
     1991.8740073309
     1870.1985505361
     1748.5230937413
     2302.8223700568
     2181.1469132620
     2059.4714564672
     1937.7959996724
     1816.1205428776
     2371.1711947443
     2248.7443623983
     2127.0689056035
     2005.3934488087
     1883.7179920139
     1762.0425352191
     2316.3418115346
     2194.6663547398
     2072.9908979450
     1951.3154411502
     1829.6399843554
     2386.9438764683
     2262.2638038761
     2140.5883470813
     2018.9128902865
     1897.2374334916
     1775.5619766968
     2329.8612530124
     2208.1857962176
     2086.5103394228
     1964.8348826279
     1843.1594258331
     2402.7165581924
     2275.7832453539
     2154.1077885590
     2032.4323317642
     1910.7568749694
     1789.0814181746
     2343.3806944902
     2221.7052376953
     2100.0297809005
     1978.3543241057
     1856.6788673109
     1735.0034105161
     2289.3026868316
     2167.6272300368
     2045.9517732420
     1924.2763164472
     1802.6008596524
     2356.9001359679
     2235.2246791731
     2113.5492223783
     1991.8737655835
     1870.1983087887
     1748.5228519939
     2302.8221283094
     2181.1466715146
     2059.4712147198
     1937.7957579250
     1816.1203011302
     2371.1709127056
     2248.7441206509
     2127.0686638561
     2005.3932070613
     1883.7177502665
     1762.0422934717
     2316.3415697872
     2194.6661129924
     2072.9906561976
     1951.3151994028
     1829.6397426080
     2386.9435944297
     2262.2635621287
     2140.5881053339
     2018.9126485391
     1897.2371917442
     1775.5617349494
     2329.8610112650
     2208.1855544702
     2086.5100976754
     1964.8346408805
     1843.1591840857
     2402.7162761538
     2275.7830036065
     2154.1075468116
     2032.4320900168
     1910.7566332220
     1789.0811764272
     2343.3804527428
     2221.7049959479
     2100.0295391531
     1978.3540823583
     1856.6786255635
     1735.0031687687
     2289.3024450842
     2167.6269882894
     2045.9515314946
     1924.2760746998
     1802.6006179050
     2356.8998942205
     2235.2244374257
     2113.5489806309
     1991.8735238361
     1870.1980670413
     1748.5226102465
     2302.8218865620
     2181.1464297672
     2059.4709729724
     1937.7955161776
     1816.1200593828
     2371.1706306670
     2248.7438789035
     2127.0684221087
     2005.3929653139
     1883.7175085191
     1762.0420517243
     2316.3413280398
     2194.6658712450
     2072.9904144502
     1951.3149576554
     1829.6395008605
     2386.9433123911
     2262.2633203813
     2140.5878635865
     2018.9124067917
     1897.2369499968
     1775.5614932020
     2329.8607695176
     2208.1853127228
     2086.5098559279
     1964.8343991331
     1843.1589423383
     2402.7159941151
     2275.7827618591
     2154.1073050642
     2032.4318482694
     1910.7563914746
     1789.0809346798
     2343.3802109954
     2221.7047542005
     2100.0292974057
     1978.3538406109
     1856.6783838161
     1735.0029270213
     2289.3022033368
     2167.6267465420
     2045.9512897472
     1924.2758329524
     1802.6003761576
     2356.8996524731
     2235.2241956783
     2113.5487388835
     1991.8732820887
     1870.1978252939
     1748.5223684991
     2302.8216448146
     2181.1461880198
     2059.4707312250
     1937.7952744302
     1816.1198176354
     2371.1703486284
     2248.7436371561
     2127.0681803613
     2005.3927235665
     1883.7172667717
     1762.0418099768
     2316.3410862924
     2194.6656294976
     2072.9901727028
     1951.3147159080
     1829.6392591131
     2386.9430303524
     2262.2630786339
     2140.5876218391
     2018.9121650443
     1897.2367082494
     1775.5612514546
     2329.8605277702
     2208.1850709754
     2086.5096141805
     1964.8341573857
     1843.1587005909
     2402.7157120765
     2275.7825201117
     2154.1070633168
     2032.4316065220
     1910.7561497272
     1789.0806929324
     2343.3799692479
     2221.7045124531
     2100.0290556583
     1978.3535988635
     1856.6781420687
     1735.0026852739
     2289.3019615894
     2167.6265047946
     2045.9510479998
     1924.2755912050
     1802.6001344102
     2356.8994107257
     2235.2239539309
     2113.5484971361
     1991.8730403413
     1870.1975835465
     1748.5221267517
     2302.8214030672
     2181.1459462724
     2059.4704894776
     1937.7950326828
     1816.1195758880
     2371.1700665897
     2248.7433954087
     2127.0679386139
     2005.3924818191
     1883.7170250243
     1762.0415682294
     2316.3408445450
     2194.6653877502
     2072.9899309554
     1951.3144741606
     1829.6390173657
     2386.9427483138
     2262.2628368865
     2140.5873800917
     2018.9119232968
     1897.2364665020
     1775.5610097072
     2329.8602860228
     2208.1848292280
     2086.5093724331
     1964.8339156383
     1843.1584588435
     2402.7154300379
     2275.7822783642
     2154.1068215694
     2032.4313647746
     1910.7559079798
     1789.0804511850
     2343.3797275005
     2221.7042707057
     2100.0288139109
     1978.3533571161
     1856.6779003213
     1735.0024435265
     2289.3017198420
     2167.6262630472
     2045.9508062524
     1924.2753494576
     1802.5998926628
     2356.8991689783
     2235.2237121835
     2113.5482553887
     1991.8727985939
     1870.1973417991
     1748.5218850043
     2302.8211613198
     2181.1457045250
     2059.4702477302
     1937.7947909354
     1816.1193341406
     2371.1697845511
     2248.7431536613
     2127.0676968665
     2005.3922400717
     1883.7167832769
     1762.0413264820
     2316.3406027976
     2194.6651460028
     2072.9896892080
     1951.3142324131
     1829.6387756183
     2386.9424662752
     2262.2625951391
     2140.5871383443
     2018.9116815494
     1897.2362247546
     1775.5607679598
     2329.8600442754
     2208.1845874806
     2086.5091306857
     1964.8336738909
     1843.1582170961
     2402.7151479992
     2275.7820366168
     2154.1065798220
     2032.4311230272
     1910.7556662324
     1789.0802094376
     2343.3794857531
     2221.7040289583
     2100.0285721635
     1978.3531153687
     1856.6776585739
     1735.0022017791
     2289.3014780946
     2167.6260212998
     2045.9505645050
     1924.2751077102
     1802.5996509154
     2356.8989272309
     2235.2234704361
     2113.5480136413
     1991.8725568465
     1870.1971000517
     1748.5216432569
     2302.8209195724
     2181.1454627776
     2059.4700059828
     1937.7945491880
     1816.1190923932
     2371.1695025124
     2248.7429119139
     2127.0674551191
     2005.3919983243
     1883.7165415295
     1762.0410847346
     2316.3403610502
     2194.6649042554
     2072.9894474606
     1951.3139906657
     1829.6385338709
     2386.9421842365
     2262.2623533917
     2140.5868965969
     2018.9114398020
     1897.2359830072
     1775.5605262124
     2329.8598025280
     2208.1843457331
     2086.5088889383
     1964.8334321435
     1843.1579753487
     2402.7148659606
     2275.7817948694
     2154.1063380746
     2032.4308812798
     1910.7554244850
     1789.0799676902
     2343.3792440057
     2221.7037872109
     2100.0283304161
     1978.3528736213
     1856.6774168265
     1735.0019600317
     2289.3012363472
     2167.6257795524
     2045.9503227576
     1924.2748659628
     1802.5994091680
     2356.8986854835
     2235.2232286887
     2113.5477718939
     1991.8723150991
     1870.1968583043
     1748.5214015095
     2302.8206778250
     2181.1452210302
     2059.4697642354
     1937.7943074406
     1816.1188506458
     2371.1692204738
     2248.7426701665
     2127.0672133717
     2005.3917565769
     1883.7162997820
     1762.0408429872
     2316.3401193028
     2194.6646625080
     2072.9892057132
     1951.3137489183
     1829.6382921235
     1707.9628353287
        0.0000000000
        0.0000000000
        0.0000000000
  1247355.8516818287
  1205871.6803982870
  1147767.5269925487
  1081696.2564344094
   992126.5452963377
   912528.3749273784
  1233713.1659222704
  1121712.7952397610
  1003617.5952028673
   914807.0076970157
   806695.0787375186
  1092558.8203818442
   991640.1437645947
   871825.8029885000
   773298.3045047383
   667416.6224653042
   573291.1834883087
   642705.4139935705
   603129.8056779555
   524221.5417924527
   442279.8223298488
   338799.4664386679
   248698.7283270367
   248664.9614101738
   194307.5147499497
   150527.7550829534
   105726.4982091645
    76443.2781440275
    64515.5521315365
    50067.2260175477
    38761.4409006411
    28007.3203711270
    21107.8527830647
    16414.3279549023
    13910.0839903617
    11030.7014856715
     9318.5715953745
     7796.9491037704
     5969.4025801849
     5078.9667058860
     3525.1182677044
     2328.8233175652
     1999.1013630606
     1884.7619528810
     1759.3078171490
     2316.0488258377
     2194.6729083434
     2072.9965341962
     1951.3205978122
     1829.6437814340
     2386.9510970327
     2262.2697797171
     2140.5936830285
     2018.9180223006
     1897.2425782080
     1775.5655195674
     2329.8683710127
     2208.1915849481
     2086.5155251471
     1964.8398247675
     1843.1623440487
     2402.7234173028
     2275.7889213205
     2154.1131084645
     2032.4376127595
     1910.7621235982
     1789.0841649099
     2343.3873803512
     2221.7106326919
     2100.0350096001
     1978.3596790826
     1856.6841804584
     1735.0056298488
     2289.3093764472
     2167.6326035382
     2045.9568231660
     1924.2814313682
     1802.6026704373
     2356.9066771756
     2235.2301486162
     2113.5546030232
     1991.8791500182
     1870.2035130706
     1748.5246243026
     2302.8288617450
     2181.1520679167
     2059.4763823254
     1937.8007325717
     1816.1218723065
     2371.1775877149
     2248.7496618790
     2127.0739842440
     2005.3983773984
     1883.7227105995
     1762.0439229626
     2316.3484090825
     2194.6715860272
     2072.9958988648
     1951.3200131133
     1829.6412568277
     2386.9503424066
     2262.2689076422
     2140.5935182966
     2018.9180708156
     1897.2420268960
     1775.5633169054
     2329.8679183449
     2208.1910829785
     2086.5153825383
     1964.8393787767
     1843.1605067364
     2402.7232850663
     2275.7886439740
     2154.1130220566
     2032.4375321111
     1910.7614068164
     1789.0827277770
     2343.3874236448
     2221.7105567821
     2100.0349326388
     1978.3594299091
     1856.6833205933
     1735.0047676602
     2289.3091835125
     2167.6325053923
     2045.9567211297
     1924.2807140026
     1802.6020987469
     2356.9069565765
     2235.2302091431
     2113.5543989375
     1991.8789903928
     1870.2028620585
     1748.5242312378
     2302.8287028240
     2181.1520065382
     2059.4763440106
     1937.8001708707
     1816.1215597585
     2371.1777506779
     2248.7497141963
     2127.0740735954
     2005.3985902826
     1883.7222340270
     1762.0435874453
     2316.3483778066
     2194.6715923216
     2072.9958841693
     1951.3198518133
     1829.6411371995
     2386.9505344795
     2262.2691824471
     2140.5935371707
     2018.9180973478
     1897.2418855882
     1775.5631488283
     2329.8679044932
     2208.1910276341
     2086.5151954922
     1964.8391738785
     1843.1604966312
     2402.7232104255
     2275.7886070714
     2154.1129566442
     2032.4374077201
     1910.7611838983
     1789.0824702529
     2343.3871306324
     2221.7103144819
     2100.0348239761
     1978.3594012984
     1856.6831079914
     1735.0043647779
     2289.3091667636
     2167.6322047524
     2045.9564759551
     1924.2804772092
     1802.6017255185
     2356.9065235774
     2235.2297583772
     2113.5542735829
     1991.8787371841
     1870.2024663600
     1748.5238307543
     2302.8285926571
     2181.1516331551
     2059.4759403660
     1937.7998997200
     1816.1211715553
     2371.1772324153
     2248.7491881591
     2127.0735957155
     2005.3979052053
     1883.7218609061
     1762.0432711371
     2316.3480533046
     2194.6711157030
     2072.9954074151
     1951.3192945945
     1829.6406334261
     2386.9499251681
     2262.2684253895
     2140.5930669156
     2018.9175797401
     1897.2412537938
     1775.5627404586
     2329.8675215459
     2208.1906051049
     2086.5148681908
     1964.8386819925
     1843.1599608452
     2402.7228019382
     2275.7881779214
     2154.1125604263
     2032.4370237685
     1910.7606414591
     1789.0822060668
     2343.3869999254
     2221.7101007391
     2100.0344739371
     1978.3589151984
     1856.6825567600
     1735.0042495570
     2289.3087760608
     2167.6320190242
     2045.9562279710
     1924.2799713247
     1802.6016259837
     2356.9065143390
     2235.2297516685
     2113.5539890593
     1991.8784480541
     1870.2020773701
     1748.5237410242
     2302.8282661025
     2181.1515538716
     2059.4758348982
     1937.7994388588
     1816.1210955358
     2371.1772095051
     2248.7493010436
     2127.0736514222
     2005.3980275067
     1883.7214575421
     1762.0431202561
     2316.3479023559
     2194.6711877191
     2072.9954037844
     1951.3190800502
     1829.6406824472
     2386.9499739939
     2262.2687987740
     2140.5931427838
     2018.9175467530
     1897.2410761957
     1775.5626871687
     2329.8674034891
     2208.1906178715
     2086.5146945436
     1964.8384359080
     1843.1600529331
     2402.7226342054
     2275.7882361473
     2154.1125491814
     2032.4368302764
     1910.7604233548
     1789.0820039849
     2343.3865837524
     2221.7099706572
     2100.0344382107
     1978.3588441297
     1856.6823381892
     1735.0039209883
     2289.3086173552
     2167.6317829565
     2045.9560166577
     1924.2797765261
     1802.6012890188
     2356.9059451924
     2235.2293873138
     2113.5538495531
     1991.8781552507
     1870.2017865515
     1748.5233908788
     2302.8279985452
     2181.1511953912
     2059.4754348051
     1937.7992255932
     1816.1208102541
     2371.1765083732
     2248.7487731450
     2127.0731169249
     2005.3972952606
     1883.7211759719
     1762.0429774213
     2316.3473492930
     2194.6706554838
     2072.9948289222
     1951.3186071674
     1829.6404223682
     2386.9490912035
     2262.2679810937
     2140.5925421064
     2018.9168929815
     1897.2405558258
     1775.5626178909
     2329.8666890639
     2208.1901126131
     2086.5142164424
     1964.8379783846
     1843.1599135736
     2402.7218376839
     2275.7876953833
     2154.1119772199
     2032.4362805953
     1910.7599433718
     1789.0822245576
     2343.3860649860
     2221.7096072460
     2100.0338633456
     1978.3581447227
     1856.6818679920
     1735.0042984447
     2289.3078114528
     2167.6314471547
     2045.9555088810
     1924.2792571321
     1802.6017293243
     2356.9054834913
     2235.2291871519
     2113.5533701680
     1991.8776375926
     1870.2013758396
     1748.5238700669
     2302.8272337222
     2181.1509567604
     2059.4750565177
     1937.7987649098
     1816.1212506054
     2371.1760166377
     2248.7487229008
     2127.0729846468
     2005.3971980808
     1883.7208248851
     1762.0432855141
     2316.3467507299
     2194.6705670659
     2072.9946651989
     1951.3183892005
     1829.6408428426
     2386.9487401905
     2262.2682194317
     2140.5925053863
     2018.9167563042
     1897.2404177087
     1775.5628204299
     2329.8662109352
     2208.1900181874
     2086.5140984326
     1964.8377431023
     1843.1601312484
     2402.7213424863
     2275.7876694097
     2154.1119783246
     2032.4361824560
     1910.7597593553
     1789.0820132527
     2343.3854241872
     2221.7093874496
     2100.0338933203
     1978.3581973703
     1856.6818049822
     1735.0037906095
     2289.3073677919
     2167.6313237758
     2045.9555234451
     1924.2792895370
     1802.6010602477
     2356.9047228361
     2235.2288806916
     2113.5534556170
     1991.8776782321
     1870.2013457028
     1748.5229416216
     2302.8267484871
     2181.1508151177
     2059.4751790086
     1937.7990157759
     1816.1200909885
     2371.1752303560
     2248.7484279578
     2127.0728602166
     2005.3969778723
     1883.7211947861
     1762.0417736611
     2316.3462366033
     2194.6704212107
     2072.9948334458
     1951.3194216545
     1829.6437860767
     1707.9681266366
        0.0000000000
        0.0000000000
        0.0000000000
  1247355.8516818287
  1214074.9441669383
  1157442.3302090184
  1091494.6973538012
  1007185.0032113626
   932365.3939962822
  1262440.9829997444
  1167148.4734437924
  1064710.8609439272
   975848.6478534093
   872593.7004120661
  1202617.5259206165
  1111312.2372339019
  1007950.3913360148
   918982.9714301887
   826108.6766245222
   751999.1246860767
  1067760.1133347973
   987081.8990761862
   892503.1896501884
   815590.6527266348
   730373.6108234997
   660651.4226744541
   960421.2996075175
   881375.2673547240
   808610.2455842821
   719413.4904069034
   643307.7569163498
   887637.9203367326
   829680.6977257706
   757358.4846381163
   668525.8445933128
   596048.7035107632
   515668.5500839721
   651376.4499286892
   603375.7256860241
   565474.7682953711
   512177.3257247969
   426868.1056414270
   499628.1139457053
   455721.1079116156
   410880.5201219975
   364591.0773051323
   319138.7346071897
   256729.2729590969
   272650.9842815876
   248369.2726074804
   230835.6065871608
   206966.8660791936
   174037.2640972952
   189468.1369959461
   166518.4709485763
   148546.9194202975
   128600.3144281653
   108106.6939013153
    86453.9802971203
    92191.4475155573
    82389.3725372166
    72749.5900973689
    62345.1171564698
    51453.2403937166
    54182.6281399908
    47668.8566696942
    41339.6516227490
    35148.5706591264
    29458.9861805625
    24362.2175961585
    25733.6515045596
    22955.9772607801
    20155.7283371865
    17354.8316770774
    14871.7948267364
    12711.0061962737
    13178.3999441287
    11879.7055433609
    10796.6540035131
     9908.7753261408
     9077.8093619813
     9677.7949634453
     9073.0163454379
     8498.0873925227
     7944.0163025413
     7414.1574866713
     6873.0289672905
     7210.8494268750
     6841.4091271298
     6491.0931075458
     6149.3154433081
     5747.7437973921
     5889.0576805392
     5278.1532714972
     4532.3424075676
     3658.2327474315
     2784.1313843512
     2067.9530592315
     2335.2864546890
     2173.5787808573
     2072.8030717882
     1951.3258601464
     1829.6485824767
     2386.9581270825
     2262.2756640047
     2140.5986637437
     2018.9220784817
     1897.2459730093
     1775.5692821057
     2329.8751230481
     2208.1973847993
     2086.5201999536
     1964.8436554356
     1843.1661371007
     2402.7296845613
     2275.7941454966
     2154.1173025187
     2032.4411279087
     1910.7653770148
     1789.0883006768
     2343.3942243963
     2221.7162353436
     2100.0392491300
     1978.3630739939
     1856.6873509748
     1735.0099805487
     2289.3157456337
     2167.6378437974
     2045.9608846562
     1924.2846220266
     1802.6068297385
     2356.9130837380
     2235.2353482904
     2113.5586704775
     1991.8827495834
     1870.2069761526
     1748.5291936734
     2302.8352307696
     2181.1572640372
     2059.4804178266
     1937.8042177906
     1816.1260115895
     2371.1838475838
     2248.7548986889
     2127.0783456181
     2005.4025904722
     1883.7267537638
     1762.0483632858
     2316.3547464279
     2194.6768266525
     2073.0000232862
     1951.3238275589
     1829.6455086350
     2386.9569172807
     2262.2746042850
     2140.5979814374
     2018.9221931966
     1897.2462519527
     1775.5678308843
     2329.8744414684
     2208.1964602549
     2086.5196338235
     1964.8431003146
     1843.1646239235
     2402.7295470341
     2275.7940138463
     2154.1174052193
     2032.4417183244
     1910.7654152062
     1789.0868580619
     2343.3936619155
     2221.7156695946
     2100.0391021638
     1978.3634113724
     1856.6874821497
     1735.0085770694
     2289.3154125287
     2167.6375635434
     2045.9604725303
     1924.2843402720
     1802.6054957200
     2356.9126699133
     2235.2349607086
     2113.5585560420
     1991.8829341186
     1870.2065906798
     1748.5280028974
     2302.8348230542
     2181.1568807738
     2059.4799466763
     1937.8037803974
     1816.1248696753
     2371.1833965181
     2248.7543511325
     2127.0779860360
     2005.4018729898
     1883.7259208301
     1762.0472979020
     2316.3542672341
     2194.6763366693
     2072.9994582616
     1951.3232285974
     1829.6442767148
     2386.9560863499
     2262.2734948069
     2140.5973474411
     2018.9217546704
     1897.2454309639
     1775.5667257130
     2329.8737419386
     2208.1958236923
     2086.5189688140
     1964.8426911318
     1843.1635328016
     2402.7289336782
     2275.7934819164
     2154.1169745611
     2032.4412907468
     1910.7648905213
     1789.0861363818
     2343.3932586712
     2221.7154211672
     2100.0388541689
     1978.3631189715
     1856.6867723072
     1735.0080281109
     2289.3149594230
     2167.6370550617
     2045.9604204537
     1924.2839101132
     1802.6052384590
     2356.9126685625
     2235.2350203586
     2113.5586208315
     1991.8827068647
     1870.2063796419
     1748.5275593146
     2302.8345143299
     2181.1566744125
     2059.4800529789
     1937.8036589673
     1816.1246707104
     2371.1833553106
     2248.7546629413
     2127.0782792595
     2005.4024655782
     1883.7261120598
     1762.0469226689
     2316.3540674822
     2194.6764448214
     2072.9998012128
     1951.3233558130
     1829.6443856908
     2386.9563171267
     2262.2743218590
     2140.5979116815
     2018.9220981364
     1897.2456782406
     1775.5665685891
     2329.8737385867
     2208.1960051380
     2086.5192615245
     1964.8426505649
     1843.1635975367
     2402.7289602544
     2275.7937274091
     2154.1173245779
     2032.4414998627
     1910.7648884397
     1789.0856755539
     2343.3929372310
     2221.7152917833
     2100.0390271950
     1978.3633109426
     1856.6869020211
     1735.0074343496
     2289.3148413564
     2167.6370612348
     2045.9602384201
     1924.2839153941
     1802.6045054007
     2356.9121764794
     2235.2346503247
     2113.5584660298
     1991.8827188175
     1870.2061087209
     1748.5268255892
     2302.8343638048
     2181.1564111748
     2059.4796854300
     1937.8033677000
     1816.1238381538
     2371.1829318595
     2248.7540435282
     2127.0777586735
     2005.4015754431
     1883.7254490110
     1762.0461320740
     2316.3539484161
     2194.6759015992
     2072.9991260026
     1951.3227595813
     1829.6431959569
     2386.9557690250
     2262.2731608242
     2140.5971218667
     2018.9213816260
     1897.2448635273
     1775.5655176573
     2329.8735990112
     2208.1954143267
     2086.5185205288
     1964.8420979119
     1843.1623495410
     2402.7289434201
     2275.7931895672
     2154.1166048823
     2032.4407684620
     1910.7642194840
     1789.0848917949
     2343.3933879976
     2221.7150904844
     2100.0384087094
     1978.3625130178
     1856.6860451587
     1735.0068232448
     2289.3150493199
     2167.6367351305
     2045.9597175970
     1924.2831427351
     1802.6040237121
     2356.9130983520
     2235.2348021677
     2113.5580234309
     1991.8820498487
     1870.2055526885
     1748.5262749784
     2302.8347722822
     2181.1563895991
     2059.4793188667
     1937.8027317206
     1816.1234393713
     2371.1838855305
     2248.7544913993
     2127.0776759903
     2005.4016903792
     1883.7251284001
     1762.0455945921
     2316.3545850147
     2194.6761502982
     2072.9990625443
     1951.3224691206
     1829.6430099555
     2386.9568264496
     2262.2741115191
     2140.5973785294
     2018.9214633048
     1897.2447857401
     1775.5650308772
     2329.8740718609
     2208.1955730774
     2086.5186345594
     1964.8418805792
     1843.1621114184
     2402.7293684023
     2275.7934421680
     2154.1169141062
     2032.4410955260
     1910.7641170218
     1789.0839115804
     2343.3931538770
     2221.7149869143
     2100.0388584565
     1978.3630988303
     1856.6862523618
     1735.0054680828
     2289.3148710243
     2167.6367159026
     2045.9601987265
     1924.2836180851
     1802.6024821066
     2356.9120417465
     2235.2344179517
     2113.5587779925
     1991.8828816303
     1870.2058559394
     1748.5242967171
     2302.8338869741
     2181.1562287772
     2059.4803520125
     1937.8036680013
     1816.1211525128
     2371.1820316787
     2248.7540607339
     2127.0784480033
     2005.4022239165
     1883.7260624420
     1762.0426179343
     2316.3527842816
     2194.6761384170
     2073.0004960122
     1951.3251466472
     1829.6493325437
     1707.9734705722
        0.0000000000
        0.0000000000
        0.0000000000
      696.1304885828
  1219517.9961999415
  1164257.7739282621
  1102688.4970915383
  1023957.7476087641
   953644.5809537759
  1293795.9594419729
  1210522.5072945887
  1109296.5728206579
  1013167.4235128479
   901401.4027082315
  1217278.2381084322
  1116570.5220106309
  1011239.8410451208
   924518.3645426707
   835763.7366979774
   763655.1295777063
  1096780.2686699363
  1016484.5591482017
   928223.0419987998
   853381.7984253704
   770571.7045573436
   699881.6109269988
  1026785.7030775156
   943165.0646575177
   868399.4134049302
   779918.3387669463
   703689.7888347156
  1009337.1233389406
   935414.2243762923
   857914.9672102620
   770646.2019786504
   700022.4753060556
   626694.2085968948
   911144.5946505197
   842537.6220917546
   779249.6991465508
   709697.6779754623
   618909.4057836003
   885056.7341437492
   820977.2153623245
   755796.5099648449
   687025.4949712662
   623138.5754006376
   539212.3793582849
   751134.2835389373
   700933.3198202710
   653470.2629755940
   596500.6345222205
   528019.6116217031
   717032.7150386586
   655666.8822259082
   601173.3512538827
   547169.7881803542
   494139.3604867317
   430300.2266146422
   534074.1417577853
   496657.3665717344
   463872.0489704915
   427808.8969484548
   389136.8078105832
   514940.8919573844
   473517.6983897022
   430922.9214431187
   395572.1634658216
   356719.8047272005
   308724.0125150913
   363646.6735535410
   326105.5333233228
   312142.1002411700
   295969.9746875640
   273787.0499327767
   234203.1526510590
   270904.2984111345
   241280.1632113901
   226001.6463188390
   207805.3498165142
   178824.1596143674
   209897.7860210998
   186029.4670618069
   171483.0608742108
   155052.2972387775
   136476.2669987613
   114027.4113268816
   125573.0469148186
   116736.8277343462
   108870.7197570258
    97617.1766047356
    83930.8926436695
    97049.5825056875
    87808.4327537046
    79576.3824810362
    70306.0588432981
    61234.9772433771
    51790.4813068771
    58999.9037572915
    54981.6774783855
    49978.5823322698
    44406.3385166067
    37991.1834195692
    43973.6673055238
    39970.7041216101
    35634.1321402618
    31540.2508754261
    27411.1621162348
    23711.1023872599
    27767.5056205685
    25646.4886206678
    22834.5862532584
    20219.0030237093
    17537.4751627886
    20362.9958842442
    18578.1592759096
    16736.9526969910
    14891.7989965731
    13101.3617181889
    11426.9608129428
    13388.0201967486
    12209.5480892962
    10985.3819773143
     9790.4208968255
     8592.1890083445
     7516.4241930831
     8692.3899399839
     7818.5231511191
     7110.8119242235
     6358.7434413974
     5776.8892971915
     6502.4857242495
     6153.6760007012
     5862.5318784084
     5487.1574908468
     5245.7415785120
     5023.1202504861
     5978.3682151698
     5804.8011451794
     5856.9069986690
     5970.9991574977
     5760.7930802082
     6110.7716255510
     5739.0829856312
     5350.4014713966
     4918.5663651144
     4471.8426056511
     3818.3341310177
     4003.9249846530
     3659.1308384186
     3319.9755729520
     2978.8799817746
     2649.7103396001
     3022.1588579694
     2766.1546352018
     2526.2491509535
     2289.1342695214
     2080.8572920219
     1906.8915575715
     2400.0848394011
     2225.0921994820
     2080.1865252474
     1962.3571567448
     1843.1710815107
     2402.7372682309
     2275.8011590703
     2154.1233555661
     2032.4464839574
     1910.7693898790
     1789.0918204174
     2343.4009666631
     2221.7223331725
     2100.0446207863
     1978.3676314945
     1856.6913079090
     1735.0131733941
     2289.3221751778
     2167.6439064923
     2045.9656205153
     1924.2885258342
     1802.6098982738
     2356.9188351153
     2235.2405116395
     2113.5631493978
     1991.8866340806
     1870.2098774484
     1748.5321912568
     2302.8413903604
     2181.1629144883
     2059.4846912012
     1937.8074735098
     1816.1285717207
     2371.1894939867
     2248.7599430822
     2127.0825785941
     2005.4053965998
     1883.7291505793
     1762.0510744818
     2316.3608737248
     2194.6822714828
     2073.0039747981
     1951.3266373703
     1829.6475216447
     2386.9623962248
     2262.2791765749
     2140.6018489022
     2018.9253640847
     1897.2487117393
     1775.5701972306
     2329.8805594424
     2208.2017602496
     2086.5233476955
     1964.8459405924
     1843.1664409870
     2402.7356101119
     2275.7994041227
     2154.1215355372
     2032.4449998746
     1910.7681821549
     1789.0893394980
     2343.4003931865
     2221.7215008284
     2100.0434461805
     1978.3668163731
     1856.6900138482
     1735.0110186205
     2289.3219449220
     2167.6428640720
     2045.9646239987
     1924.2869574629
     1802.6078865364
     2356.9198455112
     2235.2410174902
     2113.5632394260
     1991.8865497394
     1870.2096096782
     1748.5303981146
     2302.8417515847
     2181.1625831469
     2059.4842683236
     1937.8067453534
     1816.1272844667
     2371.1907786325
     2248.7607529360
     2127.0829185811
     2005.4063524102
     1883.7294895183
     1762.0497972600
     2316.3616241991
     2194.6824082329
     2073.0040647016
     1951.3264632054
     1829.6469488257
     2386.9639927097
     2262.2805760102
     2140.6027427320
     2018.9261660445
     1897.2490435507
     1775.5693373877
     2329.8813653934
     2208.2019509826
     2086.5235932425
     1964.8458225861
     1843.1660930087
     2402.7367119428
     2275.7998831542
     2154.1220573412
     2032.4455846902
     1910.7682122239
     1789.0882728011
     2343.4006212080
     2221.7214599124
     2100.0437291894
     1978.3672562849
     1856.6901604326
     1735.0099673623
     2289.3223540032
     2167.6428020505
     2045.9643346596
     1924.2868576678
     1802.6067209821
     2356.9196800433
     2235.2406821197
     2113.5631179490
     1991.8867297044
     1870.2093264309
     1748.5292867493
     2302.8419366134
     2181.1621052751
     2059.4837980907
     1937.8063418033
     1816.1260271741
     2371.1904519617
     2248.7599736734
     2127.0823333907
     2005.4054367202
     1883.7287103972
     1762.0485300005
     2316.3615370385
     2194.6815994907
     2073.0032615003
     1951.3257925821
     1829.6453590282
     2386.9632910999
     2262.2789142761
     2140.6017368329
     2018.9254033023
     1897.2481910888
     1775.5679202152
     2329.8812140036
     2208.2011504207
     2086.5226423261
     1964.8451788074
     1843.1644001282
     2402.7366787635
     2275.7991690755
     2154.1211920804
     2032.4447869894
     1910.7676001438
     1789.0873221739
     2343.4011513161
     2221.7210722504
     2100.0429044262
     1978.3664297778
     1856.6894124260
     1735.0092069134
     2289.3224556203
     2167.6424825366
     2045.9637349427
     1924.2862215287
     1802.6062192143
     2356.9208667881
     2235.2408891463
     2113.5625073788
     1991.8860723675
     1870.2089707292
     1748.5287010597
     2302.8422444880
     2181.1622798010
     2059.4834363753
     1937.8059153610
     1816.1257380716
     2371.1916799866
     2248.7606268528
     2127.0821878312
     2005.4057420599
     1883.7287138649
     1762.0481614766
     2316.3622807071
     2194.6820766900
     2073.0032470276
     1951.3257944590
     1829.6453550616
     2386.9647470807
     2262.2803243770
     2140.6020363666
     2018.9256971879
     1897.2485098443
     1775.5675722476
     2329.8817509655
     2208.2013997671
     2086.5229172610
     1964.8453472004
     1843.1644207297
     2402.7372469645
     2275.7994084906
     2154.1215505637
     2032.4455431296
     1910.7679249079
     1789.0862728675
     2343.4008280983
     2221.7207867297
     2100.0434688854
     1978.3675520707
     1856.6901747171
     1735.0076573234
     2289.3222937852
     2167.6421755695
     2045.9644915498
     1924.2873511093
     1802.6043555005
     2356.9193515796
     2235.2399599266
     2113.5636968608
     1991.8877735745
     1870.2099543358
     1748.5261019454
     2302.8410218966
     2181.1615424978
     2059.4851579687
     1937.8079171261
     1816.1225677907
     2371.1888478946
     2248.7595118762
     2127.0837705326
     2005.4072940094
     1883.7306615083
     1762.0437122701
     2316.3592948913
     2194.6816613170
     2073.0059996728
     1951.3307459066
     1829.6547690238
     1707.9787108966
        0.0000000000
        0.0000000000
        0.0000000000
      696.1304885828
   311143.1064968435
   300319.2832411710
   297862.8677709644
   277513.2034646356
   242055.9511107158
   510607.0459120157
   449789.9709630097
   404719.3821928865
   370750.9591056284
   325981.9666406165
   650225.9757925740
   572987.4599553918
   506521.4121591153
   461818.1224257392
   421222.9225383923
   386242.7237026323
   731880.4827502649
   660702.1203577607
   587397.3212260787
   532530.3513051373
   484410.2043538714
   441684.2534733178
   789600.2678788163
   722366.4269056573
   660101.5781560703
   595654.9258539812
   541743.3818669844
   881288.0676726081
   813445.2700046552
   744271.6515464967
   672888.0299000961
   615482.9925842769
   557643.6169550695
   886239.5909185100
   818803.4668694909
   753904.8230204531
   687226.6678382708
   606906.6132725485
   924592.3205452086
   855391.3323555377
   787449.8681960511
   716889.6657696286
   653892.2940123241
   576105.3579211317
   862960.7479286480
   800397.1616718740
   739545.6342787792
   672872.5815601484
   599974.3420951612
   881459.4404161322
   808579.6795025554
   741676.4262484767
   676744.6375420773
   614663.4025763090
   545467.9257600373
   775784.5412981255
   720765.6363451782
   675221.9299713784
   618993.1307588124
   558128.5582327115
   797570.6505782300
   729172.0275142288
   671558.4520105473
   620287.5206854696
   560462.4172579768
   496511.8118490633
   680143.0053554566
   626502.5502945770
   585689.4473938699
   554629.8403255255
   515315.2448795312
   450869.1626940132
   606472.1422933274
   563111.3884037166
   515789.9785511938
   479588.4173678934
   425830.0568610226
   591453.3996218335
   543355.7532997828
   498781.9007045308
   462850.7585484685
   419510.2405188420
   365453.5846440213
   451077.5974258730
   417176.2693066676
   391509.7750767521
   366105.4909783524
   326234.8333842533
   438192.1318309694
   403995.0867437222
   365972.0590954215
   334259.3540292279
   298591.8502236187
   255852.7791772697
   303756.2652000104
   270812.4495990918
   256202.9383613129
   240042.0601245791
   210976.1037335560
   271625.9973609413
   243220.6023377117
   217476.4402536094
   197266.2964007315
   173581.1139782568
   146689.8032642316
   174417.5398480729
   157155.4581526516
   146808.8620978977
   136442.4114334951
   121564.7977351220
   151600.7062338808
   139430.9753188333
   127881.2721238849
   118120.2966871794
   104724.1004709444
    93160.9936540374
   107528.9971263171
   102512.3768394418
    90702.4813143409
    84899.2552468006
    72642.8016536510
    65047.0632217287
    82102.8636532786
    72313.0880381438
    67978.3902947950
    58440.0846710262
    52756.6140266427
    57378.4248741590
    53832.2201589776
    50606.6522975999
    43738.9610893311
    39740.0340700521
    35748.4085297804
    44345.9466458553
    38389.3303192762
    35058.8155424075
    32213.1839237326
    26855.2266595183
    32221.8951816700
    30111.1216255250
    28047.6713031773
    25985.9024874493
    24162.8996280210
    20359.1058325248
    24819.8127396176
    23274.3206777635
    21680.0711821517
    19971.2675369261
    18044.4313647038
    21612.9650963573
    20220.2486844135
    18788.5352466750
    17215.2075714939
    15563.2069825023
    13833.7289721288
    16630.9213593532
    15488.6127311085
    14198.8163231515
    13039.7798408372
    11713.2258313566
    14164.5829478976
    13168.3341898965
    12155.6760263501
    11128.8164387154
    10171.6593759060
     9150.9225516080
    11146.4284791810
    10520.6765084821
     9755.9626019917
     8924.7369975381
     8047.5543323566
     7223.4419085135
     8672.2478686668
     8075.7765221421
     7471.3791068814
     6860.0155386882
     6230.5361574394
     7501.9360236636
     7055.5024798702
     6564.8088889774
     6000.5283915628
     5432.9989099255
     4832.0990375971
     5847.4384884679
     5431.8966529009
     5015.1696011578
     4563.1083529442
     4124.6304525114
     4980.9442360899
     4656.3918245833
     4309.1447332618
     3939.4218897434
     3617.4098248969
     3378.9143996751
     4086.3203071562
     3915.8848560858
     3751.8088152644
     3562.1334910132
     3348.5766213074
     3784.4935246909
     3590.3154378948
     3430.1074733626
     3288.8074145758
     3145.2890497663
     2993.6964223262
     3481.1258746445
     3286.8063962660
     3039.3900802542
     2751.1836687396
     2419.7975445604
     2744.8582988361
     2482.4619253986
     2379.5125715431
     2305.2977443662
     2189.4638630233
     2003.6136590646
     2465.5350474896
     2257.1797547393
     2090.8197926836
     1975.5793130548
     1856.6960610448
     1735.0181543412
     2289.3289310524
     2167.6497496289
     2045.9713202741
     1924.2935146911
     1802.6148241262
     2356.9259209906
     2235.2464673898
     2113.5682839392
     1991.8909472056
     1870.2140761054
     1748.5357176085
     2302.8477076080
     2181.1683148430
     2059.4898818439
     1937.8121876049
     1816.1325585873
     2371.1962742185
     2248.7657376862
     2127.0875531889
     2005.4103690760
     1883.7337963748
     1762.0543379537
     2316.3677896443
     2194.6880727543
     2073.0092712858
     1951.3312766013
     1829.6509790851
     2386.9697394582
     2262.2858353181
     2140.6074157865
     2018.9301761942
     1897.2532572213
     1775.5732480984
     2329.8879751576
     2208.2079125147
     2086.5288542922
     1964.8503123061
     1843.1694918295
     2402.7430841142
     2275.8053936563
     2154.1266505010
     2032.4495391855
     1910.7721617956
     1789.0916939723
     2343.4076167187
     2221.7273362729
     2100.0483475454
     1978.3710311495
     1856.6939878679
     1735.0130587602
     2289.3293797100
     2167.6485085846
     2045.9688598414
     1924.2905021005
     1802.6092593679
     2356.9264546741
     2235.2462071431
     2113.5674590445
     1991.8903718278
     1870.2128927998
     1748.5321160419
     2302.8492660497
     2181.1676883492
     2059.4881194991
     1937.8096899331
     1816.1283384167
     2371.1975068695
     2248.7655276593
     2127.0865993160
     2005.4089286868
     1883.7320885399
     1762.0511157120
     2316.3689909157
     2194.6871657960
     2073.0075018652
     1951.3289560534
     1829.6475250114
     2386.9704772350
     2262.2843744032
     2140.6061014079
     2018.9290042422
     1897.2514469502
     1775.5703740684
     2329.8887542621
     2208.2067610136
     2086.5268736048
     1964.8482171930
     1843.1663567559
     2402.7441543755
     2275.8048398271
     2154.1256547198
     2032.4483911758
     1910.7707334887
     1789.0897046508
     2343.4088577651
     2221.7268960046
     2100.0474022605
     1978.3699604888
     1856.6924423455
     1735.0115121852
     2289.3297588287
     2167.6481663025
     2045.9678415307
     1924.2891201020
     1802.6082326965
     2356.9284509239
     2235.2467356859
     2113.5669423648
     1991.8897192861
     1870.2119106436
     1748.5310350938
     2302.8496349973
     2181.1680917221
     2059.4876466756
     1937.8087663749
     1816.1279541118
     2371.1992898529
     2248.7665352634
     2127.0866960470
     2005.4093421062
     1883.7317445523
     1762.0507501009
     2316.3699378156
     2194.6878770724
     2073.0074076997
     1951.3286698432
     1829.6476592130
     2386.9725061159
     2262.2864055401
     2140.6066676461
     2018.9294249566
     1897.2516337512
     1775.5702187200
     2329.8893803478
     2208.2072022241
     2086.5271145832
     1964.8483294268
     1843.1668259883
     2402.7450015010
     2275.8053265741
     2154.1260391943
     2032.4494219548
     1910.7712003843
     1789.0889254054
     2343.4084936390
     2221.7266509032
     2100.0478708116
     1978.3714197746
     1856.6935761839
     1735.0102240177
     2289.3296711065
     2167.6476250787
     2045.9684803414
     1924.2904915766
     1802.6065942936
     2356.9265967011
     2235.2455052297
     2113.5682506425
     1991.8921917400
     1870.2136679392
     1748.5283357295
     2302.8481331985
     2181.1667506529
     2059.4895765793
     1937.8117070841
     1816.1244023716
     2371.1955932104
     2248.7648259765
     2127.0887634377
     2005.4121295302
     1883.7349942094
     1762.0450995107
     2316.3657423127
     2194.6869631338
     2073.0113219709
     1951.3361899600
     1829.6600820259
     1707.9838364406
        0.0000000000
        0.0000000000
        0.0000000000
      696.1304885828
   120255.4511694124
   112580.8332794423
   103967.0149515432
    91297.8558973663
    74564.7456352827
   189312.6690639299
   164727.6274952332
   158349.2373476230
   152910.4829467184
   135127.9586696552
   331660.4777669470
   289839.1361773338
   254326.0264921164
   234643.5711938762
   215472.4097437353
   195359.3974391318
   443218.0402314062
   389467.3090680796
   336473.6054897375
   299224.3750178713
   266819.5996715222
   238275.0612780375
   505702.1535688877
   446055.1541371192
   385019.4512640335
   331400.0631883084
   288406.2914000310
   570663.2398942885
   503036.5156140606
   436945.6480526471
   379416.4728180711
   332900.0218244665
   293493.2823889363
   589715.6312473188
   526165.2090586224
   457109.3414095825
   396361.1510730448
   337874.8669938217
   636513.6085457178
   566856.1734113290
   497906.8613346617
   436511.4536526022
   388783.5231190447
   338144.6607408181
   639418.6347978835
   580667.8167511234
   511900.0844114959
   446046.2093343445
   380043.1964852373
   677298.5571993333
   614428.6483546802
   549212.2468606234
   485691.1672459748
   431694.0729905937
   376894.2330635337
   654919.2244481298
   617086.1761703960
   562622.1260602447
   490664.7577706652
   422859.7517664804
   699495.8449230639
   649053.2889412808
   592919.8903859179
   533987.1364225460
   469559.6107296221
   409836.0011297450
   668542.8829095034
   621481.0280048117
   592485.5790398213
   545248.6839069794
   495879.2107223785
   421276.8650924899
   639507.0588451326
   605316.7539326245
   573369.0052218823
   528805.7148804188
   457343.9122630265
   688078.4320765685
   624203.6911963767
   578556.8760332401
   538689.3081531950
   485662.9015250670
   425785.8224677564
   589374.6653231778
   554528.5288458004
   520790.5575283155
   489480.7810024207
   432270.9056354754
   621609.0220734354
   567590.9147852125
   521042.2813499499
   475495.6910714619
   428222.9621691281
   377929.0283184337
   496637.7010724585
   466176.9655703621
   433381.7617647395
   412483.1569724640
   367691.3263708538
   502590.2167452936
   461408.0487675029
   418282.5252275392
   386802.9555732837
   346389.0768893651
   306252.8595465581
   395078.9388474594
   369882.4712870677
   337147.1314000968
   313762.0802772801
   270014.8184996857
   350122.9183064272
   326369.5159643803
   293708.9350118186
   266479.2375342828
   232546.2009930090
   198730.8901790657
   254065.8921624199
   235240.4224638577
   217123.9782826074
   206880.1675993798
   179441.2142446576
   159288.5954151401
   220844.2237428002
   191455.6672045690
   178436.5965076356
   155317.1820718428
   139475.1640128645
   181256.4369482080
   168224.5742722593
   157683.0674027730
   141191.3663371681
   131448.1687489897
   118831.7875429514
   161537.6631959232
   144902.5957158336
   136646.1640616564
   126905.2412278078
   107889.5486943926
   140584.1593696527
   132492.0228714791
   126275.7086159602
   119077.5030120260
   110158.0069945676
    91365.6875976721
   112730.9420998967
   104409.3400717090
    98375.7049793872
    91393.2586126376
    82712.2298130515
   105708.6899693921
    99188.0608536759
    92609.0615219659
    85753.8247337285
    78836.6361069639
    69643.7766033218
    84541.6328047401
    79173.8692543137
    74886.5757788313
    71292.1466687976
    65193.2033864292
    81247.4042331623
    76536.5380619987
    72156.7876379060
    67439.8603857890
    62251.1070149594
    55018.1334836013
    65560.1365519760
    63214.2668132507
    60464.4984973471
    56641.0798110708
    51715.6691847700
    46029.8364938052
    55789.1513529921
    53219.7146817280
    50577.8948876582
    46416.3819244848
    41464.2636923672
    51455.9209246117
    48405.1495984680
    44982.9861711862
    40935.7437902583
    36776.7482219005
    32253.0948078725
    40601.2173920618
    37964.3004721087
    35226.7524179540
    31974.1203901215
    28502.7767181184
    35886.2144324500
    33756.2527373422
    31226.6084014493
    28571.6541817861
    25778.5724105878
    22945.0739673363
    28790.1812095531
    26980.8306143915
    24624.5876124312
    22359.4266195019
    19756.9098391165
    24426.5054271219
    22670.3756505022
    20735.1868668559
    18806.7597368642
    16836.0114828144
    14976.6736596891
    18399.6996470385
    17056.8459093596
    15385.2264770918
    13888.6294513840
    12318.5485976386
    15043.9330053322
    13941.2328351094
    12618.1220949993
    11500.4073649542
    10314.2750665686
     9299.9473118196
    11296.4690206242
    10583.7723873106
     9632.8007355740
     8775.7441765168
     7905.8951694754
     7113.6622158709
     8486.5330972831
     7886.0481987898
     7238.2015142321
     6540.9788343914
     5851.4434514375
     6643.4993438186
     6085.2414926141
     5560.2423151949
     5010.1363231408
     4513.9846863848
     4056.8012903631
     4763.4473675880
     4425.8158033650
     4125.9128059292
     3836.9687310864
     3494.6005316886
     4015.6223860125
     3748.7106921332
     3510.0701408959
     3271.4010022008
     3018.1366240306
     2770.8128257215
     3184.0956366617
     2968.5395671370
     2778.3854962647
     2594.2754747371
     2412.1153847777
     2867.2240629026
     2699.0296605010
     2567.9557594283
     2444.5793375304
     2317.2231739534
     2195.8760525339
     2733.7558367976
     2631.9426111242
     2541.7203183490
     2453.7274560670
     2340.4488944939
     2868.1883363345
     2702.2851058121
     2507.6426703996
     2275.9356064801
     2038.4434242985
     1845.4818928140
     2360.4785151268
     2215.7558072863
     2097.5550387459
     1978.3794340035
     1856.7017492239
     1735.0228039990
     2289.3356449850
     2167.6561727707
     2045.9767209768
     1924.2984423023
     1802.6191780001
     2356.9318174005
     2235.2518987477
     2113.5731077648
     1991.8953083572
     1870.2174979067
     1748.5394322645
     2302.8534568285
     2181.1734907526
     2059.4941073141
     1937.8160536165
     1816.1365172994
     2371.2014213375
     2248.7699868396
     2127.0914150375
     2005.4131959812
     1883.7362895414
     1762.0577343752
     2316.3727008661
     2194.6922830577
     2073.0130206968
     1951.3350286243
     1829.6546578192
     2386.9738019456
     2262.2885818167
     2140.6104611662
     2018.9331981103
     1897.2559375914
     1775.5763437761
     2329.8923793463
     2208.2117666937
     2086.5325221202
     1964.8542079358
     1843.1724593544
     2402.7470760665
     2275.8091464086
     2154.1305253706
     2032.4529087765
     1910.7752190229
     1789.0947513131
     2343.4125784282
     2221.7320326280
     2100.0528812210
     1978.3747228736
     1856.6968745994
     1735.0159479046
     2289.3336664502
     2167.6532934988
     2045.9737329836
     1924.2944148834
     1802.6125023687
     2356.9320248192
     2235.2516554598
     2113.5724087205
     1991.8941697033
     1870.2160387671
     1748.5347695915
     2302.8540857308
     2181.1736235829
     2059.4934376025
     1937.8137807020
     1816.1315164670
     2371.2035629652
     2248.7719617071
     2127.0921360931
     2005.4136498192
     1883.7358046799
     1762.0541902874
     2316.3751028684
     2194.6938311764
     2073.0129707077
     1951.3330708622
     1829.6507923705
     2386.9776486932
     2262.2924043181
     2140.6120911246
     2018.9336290659
     1897.2555073200
     1775.5735765546
     2329.8953368330
     2208.2135052137
     2086.5325267390
     1964.8523422398
     1843.1697653163
     2402.7510519853
     2275.8115090237
     2154.1310458505
     2032.4535349478
     1910.7750399028
     1789.0922597948
     2343.4152407505
     2221.7328394197
     2100.0525992452
     1978.3753224910
     1856.6976842181
     1735.0134091922
     2289.3364178072
     2167.6535708416
     2045.9727819123
     1924.2942808486
     1802.6093065239
     2356.9333783880
     2235.2511778123
     2113.5727456824
     1991.8966316160
     1870.2180369533
     1748.5312812895
     2302.8550275193
     2181.1721655880
     2059.4939573034
     1937.8160779475
     1816.1266667078
     2371.2023184727
     2248.7701314941
     2127.0937489478
     2005.4171081178
     1883.7398249807
     1762.0468389423
     2316.3722426129
     2194.6923450766
     2073.0167076662
     1951.3417847720
     1829.6655661838
     1707.9891358393
        0.0000000000
        0.0000000000
        0.0000000000
      696.1304885828
    47467.9510440886
    44482.9686301075
    41054.6589699210
    36191.8105236994
    29165.1512240515
    66061.2552865326
    58139.7225158686
    56563.2416168153
    56402.9301983131
    49002.8540970951
   133911.7960206154
   117935.9875277953
   105543.3186528697
   101311.0126138383
    94384.5968985148
    85428.9596161176
   215621.4882287693
   189265.3763346082
   164535.1902162591
   149652.1004598497
   135425.8143721966
   120629.4587006594
   286462.4923204812
   249675.9177410050
   214875.8845292932
   184468.8514249328
   160984.0940997691
   356381.9007171049
   311775.2705595390
   268680.3955291422
   233303.4195343718
   205960.1325592202
   181920.0964303252
   401527.9483294595
   354890.8173656930
   302571.9998485877
   260190.8823876404
   222532.0805201513
   455676.1364038510
   402344.7057775758
   346688.1195982543
   300981.1880751065
   265393.4534057822
   231454.7930805988
   474463.2798703272
   423496.6250760479
   365096.6509160585
   313712.3217137328
   268947.9583383736
   518606.1656872967
   463245.8579049478
   404345.0902718407
   351826.1948365095
   308479.0802750526
   270956.1254074797
   522448.2455908707
   474495.9812802773
   420298.4238482516
   357276.2946375416
   309412.7121763775
   561741.5468043033
   508476.2524505173
   451834.1525579416
   399160.4035507384
   344559.0625444687
   304980.6235132330
   559945.1438130245
   504609.6506329829
   455426.3954271661
   404981.0309312433
   361300.8179311285
   310848.1213034380
   546542.3448788332
   503436.5739906068
   445138.3716062052
   396458.6072498137
   340379.2789468680
   567207.3686455073
   510820.0018861357
   462841.7752517078
   416125.3277238253
   366775.0490801572
   328118.2637864868
   529231.7887863336
   492057.2033563245
   440976.3219672229
   399670.2131440658
   348444.0055574368
   548935.0737595264
   494873.0549231750
   453360.7414132923
   401861.1562309851
   353781.0474481472
   318893.8799187887
   487632.4334012082
   456053.2962623216
   409322.8947547075
   375253.6852480085
   328190.9823948918
   499418.6440039105
   452268.7405044789
   403974.2814787445
   371087.3978222031
   327878.6174040594
   294835.5041459367
   429841.3164872966
   404240.2635215558
   365504.6926396879
   337070.0686390518
   296794.5714410324
   419309.6729766255
   396770.6701251129
   360536.0666113053
   339096.7415808066
   303419.6307085519
   277115.6792810589
   374332.8257842173
   358410.6470765772
   325669.0705339018
   305047.8948897847
   274137.5791114466
   247733.5650654454
   347716.8918430374
   319697.5787074859
   297353.9579644473
   267174.8569389812
   241562.0832645221
   321330.4114452689
   304967.1621472741
   290539.0270819846
   263143.1700994959
   245579.3086340842
   224595.6813623277
   306127.7261935307
   276810.2740505958
   260093.7747172895
   242739.2417577032
   208179.1802684208
   273604.8383112512
   256467.3656736956
   243249.5991203742
   228997.3717266550
   211579.9893000250
   183431.1043274399
   236240.8184884656
   221939.9560652935
   209648.8921444410
   195543.1537503458
   177350.1121540088
   241241.0864163473
   230102.4799058844
   217571.3223632881
   203052.2614874698
   187888.5625322640
   165279.8731166692
   209961.6813491623
   196058.7955687746
   184718.4198741800
   173161.3465332786
   155908.6068558483
   209919.6122909682
   196323.7526846692
   182225.3239868669
   166486.5742792694
   151696.7714583086
   132235.5323614363
   168955.6543487351
   156501.8474179462
   148774.8354812464
   141669.8320331894
   130732.9106880553
   115415.6256642397
   148593.6811759075
   137228.5016425695
   131040.3087305802
   122106.3995213661
   109598.0594703099
   145624.4547452850
   134705.5753393006
   126692.4977394798
   117328.0892850228
   106830.8605807508
    93159.9671085857
   118541.2205265132
   109493.2304489749
   103651.0290063871
    96652.1826385764
    86862.8262899198
   113297.2825645265
   104196.5716527248
    96494.6938724267
    88273.9147283082
    79686.7896548588
    69806.1451177026
    86961.0589359813
    81398.8545761694
    76221.6172948765
    70442.8004959663
    63069.4725721051
    81044.7660330832
    75613.4176891632
    69438.0314732767
    63673.8669823696
    56758.5725361770
    50795.8951795122
    63013.3419382105
    59195.8645914818
    53573.5278478207
    49133.9138853556
    43425.3697784346
    53331.7608465725
    49650.2129005113
    44366.0359910114
    40476.8231306872
    35551.4621819141
    32125.3923233772
    40056.1979775991
    37321.1633580760
    33384.0719578018
    30653.5769882493
    27379.8365631110
    24831.1162000818
    33006.6848466145
    30037.7911807191
    28167.9735674080
    24996.2168028689
    23273.3698405397
    28461.6334114387
    26855.7358733775
    25381.8718324436
    22379.4575324443
    20669.6099298679
    19058.0343398770
    25594.5184076031
    22646.6480790274
    21054.5283097797
    19744.2462653677
    16694.3873433138
    20772.5578897373
    19570.2064292375
    18288.2242987262
    16927.9131692817
    15598.2354651522
    13172.9456462462
    16343.7311753576
    15379.7631126186
    14337.6331791590
    13231.7210092969
    12042.9063539768
    14719.4942590107
    13810.4495506311
    12841.4061694109
    11843.8656186467
    10802.1607410713
     9745.5890648166
    11925.3949841482
    11191.4850737750
    10392.5170074919
     9754.4385709492
     8904.1312504995
    10883.3884486721
    10230.2750567365
     9544.2426790987
     8808.1885213842
     8112.6614257301
     7335.3421052887
     8788.8259528609
     8283.3635099279
     7703.5193753906
     7091.2606246414
     6476.5756472865
     5860.9017382778
     7004.2762391503
     6561.9321495407
     6101.9310125489
     5624.0245533046
     5141.3531477564
     6050.7563873568
     5657.6284809357
     5186.1362226370
     4689.1222770034
     4253.4393589348
     3809.6247230446
     4545.1830802943
     4188.1803678666
     3854.4387246656
     3513.0105564848
     3186.2480364830
     3773.9295297715
     3483.8684960524
     3231.9434885258
     3007.4938912190
     2815.5726494627
     2639.1492732235
     3181.1768028921
     3057.5779777953
     2940.4507008733
     2829.6519166315
     2725.2417515098
     3294.6068078367
     3166.0961921255
     3050.0506133226
     2968.9608811536
     2916.2564510892
     2846.4996780667
     3403.0147984892
     3213.0228489651
     2937.5868797919
     2579.8643736473
     2237.4756025850
     2692.6501402732
     2574.1636213706
     2448.1387385244
     2311.7647230471
     2158.2831879978
     2001.7679342248
     2502.4129330663
     2299.6698820290
     2101.3427753081
     1967.3444221930
     1856.7047970409
     1735.0261480892
     2289.3408213488
     2167.6606321660
     2045.9810238118
     1924.3021116825
     1802.6228073924
     2356.9378065205
     2235.2571203192
     2113.5776682921
     1991.8992630831
     1870.2213944140
     1748.5426795158
     2302.8584914736
     2181.1780237424
     2059.4985112779
     1937.8200479370
     1816.1403565472
     2371.2072844551
     2248.7755674301
     2127.0964817803
     2005.4185967186
     1883.7411632564
     1762.0612638253
     2316.3780499057
     2194.6974212651
     2073.0181502093
     1951.3394826690
     1829.6586191951
     2386.9801259349
     2262.2955693755
     2140.6168340084
     2018.9387994577
     1897.2605975496
     1775.5798512582
     2329.8982034732
     2208.2178825629
     2086.5388203827
     1964.8586417304
     1843.1762666243
     2402.7533990645
     2275.8157376033
     2154.1365309830
     2032.4584990158
     1910.7793232303
     1789.0976797513
     2343.4189525914
     2221.7379993139
     2100.0581109781
     1978.3795801795
     1856.7019505356
     1735.0186796641
     2289.3404786781
     2167.6593403171
     2045.9779089787
     1924.2987048247
     1802.6141106684
     2356.9376097959
     2235.2563281040
     2113.5771104425
     1991.9004766251
     1870.2222503931
     1748.5367166133
     2302.8602015007
     2181.1775349088
     2059.4979836165
     1937.8203483807
     1816.1310596883
     2371.2077130790
     2248.7749192063
     2127.0981790251
     2005.4216398905
     1883.7447013020
     1762.0504278833
     2316.3778312907
     2194.6973420725
     2073.0217030604
     1951.3471481324
     1829.6709220156
     1707.9943386613
        0.0000000000
        0.0000000000
        0.0000000000
      696.1304885828
    20233.5992868500
    19091.4057477537
    17617.9205238977
    15433.2678109440
    12168.9445251471
    25665.7437618408
    22677.9253622338
    22139.0510061315
    21745.4462876218
    18849.4728769272
    52435.8541365869
    46585.5156734204
    42556.7686542408
    41507.9939506050
    39042.8487643579
    35292.8861950659
    94818.6029207672
    83091.1484037052
    73001.3760755810
    67577.5711752399
    61782.1412337309
    55251.7684648857
   137652.1920008619
   119691.1354678379
   104122.6632303480
    90520.0627679133
    79727.9158485337
   188247.9845420090
   165067.0719594896
   144076.7146567062
   126822.1027662965
   113608.6114201796
   100980.4849151289
   237588.0470911205
   207956.3239979853
   176969.4143028372
   152707.7018829881
   130958.4486485441
   286341.2174705063
   251538.3488784211
   216236.5513905137
   188594.0806414101
   167354.3214705025
   146308.6873446203
   317036.7095983753
   280342.0426816138
   239711.5036506449
   205443.6605772972
   177099.4398453518
   360042.2219838391
   319232.6797878773
   276292.9771284687
   240133.7621605145
   210866.7482918836
   186560.2596123439
   379855.5415832213
   341675.6416206872
   298208.9608865958
   253263.3071989079
   220651.5286947940
   418197.2467712922
   376595.4011701269
   332083.7986127694
   294423.7455479777
   254647.2739580560
   227316.6518748505
   432057.5812061941
   386876.4708057322
   346946.1149872917
   309347.5972175686
   276283.3749605943
   238864.1956641931
   433792.4717740548
   398531.8843750369
   350210.5909069169
   312590.3494101554
   268918.4013317389
   461150.8044710662
   414666.0322517985
   376779.1379204644
   341525.8146965135
   300004.3689454212
   269456.1041990514
   446098.2666156452
   414482.6231971853
   370290.2951424557
   335140.2906136009
   291972.7133327345
   478600.7766836082
   433847.4944464053
   399343.0953286378
   355552.6769517509
   313208.5155782126
   281553.7480666885
   446648.3958622304
   416990.8342575229
   375067.9478423758
   341655.7065388167
   297749.8874464259
   480266.7782728717
   435558.3729178590
   391653.2765362177
   358592.9652826245
   315974.0664913924
   281846.5845294736
   435357.7349665585
   408373.2528713452
   368427.0085572133
   335809.2496112388
   291427.1617870110
   446052.5449258582
   417253.0177751459
   377686.4145561036
   346378.2612012835
   307571.2863709417
   274945.7303336598
   420162.9518911354
   395239.9191058179
   360006.6269538910
   331245.0052775676
   294896.7725157412
   260440.2956497577
   403514.1541378625
   368275.6417140766
   340877.6795070003
   303416.3213966645
   269524.5281166299
   400210.6437708152
   371106.9030986258
   342244.4118503568
   305773.3858794206
   276802.9305131280
   242891.1058796340
   364518.1607827527
   333334.9113144965
   308600.2292823224
   281702.3014606173
   244139.2952006119
   370870.4696067328
   344488.9062252785
   317830.7719116668
   290284.8173583887
   264530.2103561302
   225416.4883577718
   321700.7252305230
   304186.4100045015
   287570.3314706768
   265109.4963693378
   233980.7036247999
   341681.8971491713
   317443.2455045487
   294298.0181052173
   266447.5798360416
   239204.4956833839
   203717.3167674509
   289290.6686560548
   273507.0458360388
   258388.4500095960
   234217.7020403402
   204162.6698504536
   299906.3388282156
   278974.9847134143
   259615.8568277178
   236082.7776314273
   211260.3489606684
   181212.2392817202
   262290.5543988370
   248569.4690508214
   236294.3405657142
   220540.6620088007
   199296.5826233533
   170017.8611873757
   245095.0990255254
   230380.8451006245
   217722.7082883240
   196710.4467814214
   168904.7803291913
   244181.5028089415
   228139.8561387869
   214423.2372249452
   193634.5326180338
   172612.9776945356
   146713.9235031024
   205099.7285342774
   192489.8127025867
   184739.8668731294
   168085.9932068210
   146320.5451687987
   202234.1088137653
   186300.3006990529
   173114.0245611789
   153851.6577856287
   135484.6732240896
   117193.4754359621
   159064.8855957827
   147607.1166339737
   135710.7267780120
   124196.0622359810
   107125.1988266364
   145622.4403098263
   132311.5449408056
   119904.1804522770
   109979.2347740142
    97847.1404158339
    88781.9655107123
   117450.6510516761
   110646.0649514891
    98217.3109505578
    91175.9791032595
    79440.2867272437
   101464.6587037111
    95033.5979341194
    85008.2597523278
    79195.6173299743
    69945.1533613257
    64948.6840481810
    86526.3930481817
    82253.1209742698
    73052.9294508203
    68198.9512533443
    60058.6393869174
    55356.9803620918
    78291.7286604283
    70108.0027621848
    65302.6403296272
    57650.3568055376
    52836.7267443334
    68529.2426062352
    63986.0339725726
    60042.0008225460
    52663.1297450934
    48137.2708112079
    43585.1397715991
    61091.9397021743
    54468.6823960241
    50787.3299799642
    47356.6732874744
    40289.1974303744
    54533.3589383335
    51248.0683786682
    48232.0666592074
    45164.2822655162
    41707.0816029424
    35427.4092076018
    46380.3979912682
    43770.2827967569
    41183.1631450503
    38160.7505953932
    34518.0325723066
    44999.2733456616
    42136.4117204474
    39209.0493743159
    36144.5068667821
    32942.5281501682
    29479.2776410607
    38151.5948250595
    35751.6542814179
    33213.4357357454
    30559.1809027758
    27389.2169123858
    35552.3866030710
    33077.4947819907
    30414.2103860964
    27731.7809256010
    25263.7870345487
    22634.2757515500
    29842.9370573160
    28326.2419448001
    26317.6795408125
    24151.1499026187
    21934.9330435439
    19815.5320596454
    26394.8319395054
    24723.0012058364
    22996.9162509992
    20983.4564423623
    18909.9136087960
    25297.5495879536
    23780.1440424377
    21888.4852744295
    19801.2588791655
    17957.5682736567
    15988.3487697511
    21669.2080203915
    20235.7116677309
    18708.0803170686
    17007.1175325423
    15388.4719648653
    20731.1489909013
    19556.2583201692
    18167.8975721325
    16778.5270123273
    15382.1585585926
    13921.4810925769
    18457.2841219335
    17252.8889117067
    15897.5755857681
    14420.7979289304
    13018.7682419770
    16700.3996309075
    15519.8448043940
    14247.8980851740
    12962.4423171218
    11735.1989403213
    10534.2278856313
    13669.0072781466
    12724.3776517078
    11737.6565173623
    10663.4602625318
     9569.7319416494
    11734.2105729725
    10763.2293771135
     9795.7565384949
     8891.3377935396
     8035.6233781901
     7253.2453095816
     9003.0800584258
     8400.3650181114
     7752.4767795697
     7113.4888843620
     6453.3590513367
     5816.5541390679
     7021.0702780551
     6535.9500710112
     6059.6383425764
     5580.0293975366
     5075.4606544449
     5830.7847466275
     5449.8254830171
     5042.9681256407
     4611.2922448193
     4193.2057800279
     3785.4001851495
     4373.1446174895
     3986.5143490444
     3694.2405012669
     3454.2976936318
     3143.3725703357
     3716.0190653967
     3508.2239145026
     3341.1124466806
     3192.8607578594
     3063.2745508314
     2859.2988586288
     3450.9924105800
     3338.1801805125
     3238.5112734738
     3110.0356081163
     2923.7363682496
     3413.3907002958
     3201.2362327465
     2959.7725253146
     2703.9738247603
     2465.6896689379
     2251.8309462513
     2711.1116152830
     2546.5274532970
     2388.2787830551
     2248.3828970415
     2111.1522158168
     2635.4381268181
     2492.0474464053
     2364.2595906486
     2244.1439542739
     2122.4856970047
     1996.3000779034
     2546.9524313030
     2439.9977385794
     2318.0120535085
     2170.9580085426
     1997.2184962462
     1821.6299172158
     2326.4842309464
     2164.4744471470
     2039.8621481845
     1924.3094662142
     1802.6288129151
     2356.9470033996
     2235.2646432388
     2113.5843860493
     1991.9060925742
     1870.2275781270
     1748.5484697109
     2302.8686654907
     2181.1861017592
     2059.5046207217
     1937.8263800446
     1816.1435705310
     2371.2154088549
     2248.7807378898
     2127.1027538358
     2005.4260307075
     1883.7506041695
     1762.0636348297
     2316.3847337986
     2194.7029674198
     2073.0270952950
     1951.3534996424
     1829.6778707795
     1708.0013008878
        0.0000000000
        0.0000000000
