!------------------------------------------------------------!
  Date: 20191112
  Simulation name: BVX4 
  Filename:slice_halfl.txt                                                                                                                                       
  Produced in mod-subroutine:  column.mod/slice                                                                                                                                      
  Written by AK September 2019
  Description:Veritcal column at x300_z555                                                                                                                          
  Data format: t  YYY  EPP   U_G   DPU   T_G   Ri                                                                                                                   
!------------------------------------------------------------!
  1      198.000000000000       14.000347260752        0.000000000000        0.000000000000      273.000000000000        0.000000000000
  1      201.000000000000       14.000347260752        0.000000000000        0.000000000000      273.000000000000        0.000000000000
  1      204.000000000000       14.000347260752        0.000000000000        0.000000000000      273.000000000000        0.000000000000
  1      207.000000000000       14.000347260752        0.000000000000        0.000000000000      273.000000000000        0.000000000000
  1      210.000000000000       14.000347260752        0.000000000000        0.000000000000      273.000000000000        0.000000000000
  1      213.000000000000       14.000347260752        0.000000000000        0.000000000000      273.000000000000        0.000000000000
  1      216.000000000000       14.000347260752        0.000000000000        0.000000000000      273.000000000000        0.000000000000
  1      219.000000000000       14.000347260752        0.000000000000        0.000000000000      273.000000000000        0.000000000000
  1      222.000000000000       14.000347260752        0.000000000000        0.000000000000      273.000000000000        0.000000000000
  1      225.000000000000       14.000347260752        0.000000000000        0.000000000000      273.000000000000        0.000000000000
  1      228.000000000000       14.000347260752        0.000000000000        0.000000000000      273.000000000000        0.000000000000
  1      231.000000000000       14.000347260752        0.000000000000        0.000000000000      273.000000000000        0.000000000000
  1      234.000000000000       14.000347260752        0.000000000000        0.000000000000      273.000000000000        0.000000000000
  1      237.000000000000       14.000347260752        0.000000000000        0.000000000000      273.000000000000        0.000000000000
  1      240.000000000000       14.000347260752        0.000000000000        0.000000000000      273.000000000000        0.000000000000
  1      243.000000000000       14.000347260752        0.000000000000        0.000000000000      273.000000000000        0.000000000000
  1      246.000000000000       14.000347260752        0.000000000000        0.000000000000      273.000000000000        0.000000000000
  1      249.000000000000       14.000347260752        0.000000000000        0.000000000000      273.000000000000        0.000000000000
  1      252.000000000000       14.000347260752        0.000000000000        0.000000000000      273.000000000000        0.000000000000
  1      255.000000000000       14.000347260752        0.000000000000        0.000000000000      273.000000000000        0.000000000000
  1      258.000000000000       14.000347260752        0.000000000000        0.000000000000      273.000000000000        0.000000000000
  1      261.000000000000       14.000347260752        0.000000000000        0.000000000000      273.000000000000        0.000000000000
  1      264.000000000000       14.000347260752        0.000000000000        0.000000000000      273.000000000000        0.000000000000
  1      267.000000000000       14.000347260752        0.000000000000        0.000000000000      273.000000000000        0.000000000000
  1      270.000000000000       14.000347260752        0.000000000000        0.000000000000      273.000000000000        0.000000000000
  1      273.000000000000       14.000347260752        0.000000000000        0.000000000000      273.000000000000        0.000000000000
  1      276.000000000000       14.000347260752        0.000000000000        0.000000000000      273.000000000000        0.000000000000
  1      279.000000000000       14.000347260752        0.000000000000        0.000000000000      273.000000000000        0.000000000000
  1      282.000000000000       14.000347260752        0.000000000000        0.000000000000      273.000000000000        0.000000000000
  1      285.000000000000       14.000347260752        0.000000000000        0.000000000000      273.000000000000        0.000000000000
  1      288.000000000000       14.000347260752        0.000000000000        0.000000000000      273.000000000000        0.000000000000
  1      291.000000000000       14.000347260752        0.000000000000        0.000000000000      273.000000000000        0.000000000000
  1      294.000000000000       14.000347260752        0.000000000000        0.000000000000      273.000000000000        0.000000000000
  1      297.000000000000       14.000347260752        0.000000000000        0.000000000000      273.000000000000        0.000000000000
  1      300.000000000000       14.000347260752        0.000000000000        0.000000000000      273.000000000000        0.000000000000
  1      303.000000000000       14.000347260752        0.000000000000        0.000000000000      273.000000000000        0.000000000000
  1      306.000000000000       14.000347260752        0.000000000000        0.000000000000      273.000000000000        0.000000000000
  1      309.000000000000       14.000347260752        0.000000000000        0.000000000000      273.000000000000        0.000000000000
  1      312.000000000000       14.000347260752        0.000000000000        0.000000000000      273.000000000000        0.000000000000
  1      315.000000000000       14.000347260752        0.000000000000        0.000000000000      273.000000000000        0.000000000000
  1      318.000000000000       14.000347260752        0.000000000000        0.000000000000      273.000000000000        0.000000000000
  1      321.000000000000       14.000347260752        0.000000000000        0.000000000000      273.000000000000        0.000000000000
  1      324.000000000000       14.000347260752        0.000000000000        0.000000000000      273.000000000000        0.000000000000
  1      327.000000000000       14.000347260752        0.000000000000        0.000000000000      273.000000000000        0.000000000000
  1      330.000000000000       14.000347260752        0.000000000000        0.000000000000      273.000000000000        0.000000000000
  1      333.000000000000       14.000347260752        0.000000000000        0.000000000000      273.000000000000        0.000000000000
  1      336.000000000000       14.000347260752        0.000000000000        0.000000000000      273.000000000000        0.000000000000
  1      339.000000000000       14.000347260752        0.000000000000        0.000000000000      273.000000000000        0.000000000000
  1      342.000000000000       14.000347260752        0.000000000000        0.000000000000      273.000000000000        0.000000000000
  1      345.000000000000       14.000347260752        0.000000000000        0.000000000000      273.000000000000        0.000000000000
  1      348.000000000000       14.000347260752        0.000000000000        0.000000000000      273.000000000000        0.000000000000
  1      351.000000000000       14.000347260752        0.000000000000        0.000000000000      273.000000000000        0.000000000000
  1      354.000000000000       14.000347260752        0.000000000000        0.000000000000      273.000000000000        0.000000000000
  1      357.000000000000       14.000347260752        0.000000000000        0.000000000000      273.000000000000        0.000000000000
  1      360.000000000000       14.000347260752        0.000000000000        0.000000000000      273.000000000000        0.000000000000
  1      363.000000000000       14.000347260752        0.000000000000        0.000000000000      273.000000000000        0.000000000000
  1      366.000000000000       14.000347260752        0.000000000000        0.000000000000      273.000000000000        0.000000000000
  1      369.000000000000       14.000347260752        0.000000000000        0.000000000000      273.000000000000        0.000000000000
  1      372.000000000000       14.000347260752        0.000000000000        0.000000000000      273.000000000000        0.000000000000
  1      375.000000000000       14.000347260752        0.000000000000        0.000000000000      273.000000000000        0.000000000000
  1      378.000000000000       14.000347260752        0.000000000000        0.000000000000      273.000000000000        0.000000000000
  1      381.000000000000       14.000347260752        0.000000000000        0.000000000000      273.000000000000        0.000000000000
  1      384.000000000000       14.000347260752        0.000000000000        0.000000000000      273.000000000000        0.000000000000
  1      387.000000000000       14.000347260752        0.000000000000        0.000000000000      273.000000000000        0.000000000000
  1      390.000000000000       14.000347260752        0.000000000000        0.000000000000      273.000000000000        0.000000000000
  1      393.000000000000       14.000347260752        0.000000000000        0.000000000000      273.000000000000        0.000000000000
  1      396.000000000000       14.000347260752        0.000000000000        0.000000000000      273.000000000000        0.000000000000
  1      399.000000000000       14.000347260752        0.000000000000        0.000000000000      273.000000000000        0.000000000000
  1      402.000000000000       14.000347260752        0.000000000000        0.000000000000      273.000000000000        0.000000000000
  1      405.000000000000       14.000347260752        0.000000000000        0.000000000000      273.000000000000        0.000000000000
  1      408.000000000000       14.000347260752        0.000000000000        0.000000000000      273.000000000000        0.000000000000
  1      411.000000000000       14.000347260752        0.000000000000        0.000000000000      273.000000000000        0.000000000000
  1      414.000000000000       14.000347260752        0.000000000000        0.000000000000      273.000000000000        0.000000000000
  1      417.000000000000       14.000347260752        0.000000000000        0.000000000000      273.000000000000        0.000000000000
  1      420.000000000000       14.000347260752        0.000000000000        0.000000000000      273.000000000000        0.000000000000
  1      423.000000000000       14.000347260752        0.000000000000        0.000000000000      273.000000000000        0.000000000000
  1      426.000000000000       14.000347260752        0.000000000000        0.000000000000      273.000000000000        0.000000000000
  1      429.000000000000       14.000347260752        0.000000000000        0.000000000000      273.000000000000        0.000000000000
  1      432.000000000000       14.000347260752        0.000000000000        0.000000000000      273.000000000000        0.000000000000
  1      435.000000000000       14.000347260752        0.000000000000        0.000000000000      273.000000000000        0.000000000000
  1      438.000000000000       14.000347260752        0.000000000000        0.000000000000      273.000000000000        0.000000000000
  1      441.000000000000       14.000347260752        0.000000000000        0.000000000000      273.000000000000        0.000000000000
  1      444.000000000000       14.000347260752        0.000000000000        0.000000000000      273.000000000000        0.000000000000
  1      447.000000000000       14.000347260752        0.000000000000        0.000000000000      273.000000000000        0.000000000000
  1      450.000000000000       14.000347260752        0.000000000000        0.000000000000      273.000000000000        0.000000000000
  1      453.000000000000       14.000347260752        0.000000000000        0.000000000000      273.000000000000        0.000000000000
  1      456.000000000000       14.000347260752        0.000000000000        0.000000000000      273.000000000000        0.000000000000
  2      198.000000000000       14.000347260752       -0.165388924613        0.000000000000      272.997888337646        0.000000000000
  2      201.000000000000       14.000347260752       -0.156860217061        0.000000000000      272.999977355270        0.000000000000
  2      204.000000000000       14.000347260752       -0.132735307227        0.000000000000      272.999996724358        0.000000000000
  2      207.000000000000       14.000347260752       -0.122772934847        0.000000000000      272.999997474381        0.000000000000
  2      210.000000000000       14.000347260752       -0.117773597656        0.000000000000      272.999997762882        0.000000000000
  2      213.000000000000       14.000347260752       -0.114583369607        0.000000000000      272.999998179604        0.000000000000
  2      216.000000000000       14.000347260752       -0.114579113006        0.000000000000      272.999998842316        0.000000000000
  2      219.000000000000       14.000347260752       -0.123835682130        0.000000000000      272.999999763784        0.000000000000
  2      222.000000000000       14.000347260752       -0.132219429265        0.000000000000      272.999999952439        0.000000000000
  2      225.000000000000       14.000347260752       -0.134308965167        0.000000000000      272.999999993190        0.000000000000
  2      228.000000000000       14.000347260752       -0.135090729127        0.000000000000      272.999999999356        0.000000000000
  2      231.000000000000       14.000347260752       -0.136390508346        0.000000000000      272.999999999959        0.000000000000
  2      234.000000000000       14.000347260752       -0.139530852080        0.000000000000      273.000000000004        0.000000000000
  2      237.000000000000       14.000347260752       -0.144130595460        0.000000000000      273.000000000007        0.000000000000
  2      240.000000000000       14.000347260752       -0.149193578712        0.000000000000      273.000000000006        0.000000000000
  2      243.000000000000       14.000347260752       -0.154355761721        0.000000000000      273.000000000005        0.000000000000
  2      246.000000000000       14.000347260752       -0.159606005101        0.000000000000      273.000000000005        0.000000000000
  2      249.000000000000       14.000347260752       -0.164859245905        0.000000000000      273.000000000007        0.000000000000
  2      252.000000000000       14.000347260752       -0.170106853733        0.000000000000      273.000000000005        0.000000000000
  2      255.000000000000       14.000347260752       -0.175369579536        0.000000000000      273.000000000007        0.000000000000
  2      258.000000000000       14.000347260752       -0.180669854680        0.000000000000      273.000000000006        0.000000000000
  2      261.000000000000       14.000347260752       -0.186006491403        0.000000000000      273.000000000006        0.000000000000
  2      264.000000000000       14.000347260752       -0.191386310534        0.000000000000      273.000000000007        0.000000000000
  2      267.000000000000       14.000347260752       -0.196812544241        0.000000000000      273.000000000007        0.000000000000
  2      270.000000000000       14.000347260752       -0.202275244595        0.000000000000      273.000000000005        0.000000000000
  2      273.000000000000       14.000347260752       -0.207760083094        0.000000000000      273.000000000006        0.000000000000
  2      276.000000000000       14.000347260752       -0.213258446191        0.000000000000      273.000000000007        0.000000000000
  2      279.000000000000       14.000347260752       -0.218762556150        0.000000000000      273.000000000006        0.000000000000
  2      282.000000000000       14.000347260752       -0.224253506698        0.000000000000      273.000000000006        0.000000000000
  2      285.000000000000       14.000347260752       -0.229724514704        0.000000000000      273.000000000007        0.000000000000
  2      288.000000000000       14.000347260752       -0.235153878457        0.000000000000      273.000000000006        0.000000000000
  2      291.000000000000       14.000347260752       -0.240545824831        0.000000000000      273.000000000006        0.000000000000
  2      294.000000000000       14.000347260752       -0.245851600037        0.000000000000      273.000000000007        0.000000000000
  2      297.000000000000       14.000347260752       -0.251054804733        0.000000000000      273.000000000006        0.000000000000
  2      300.000000000000       14.000347260752       -0.256175158653        0.000000000000      273.000000000005        0.000000000000
  2      303.000000000000       14.000347260752       -0.261189292267        0.000000000000      273.000000000006        0.000000000000
  2      306.000000000000       14.000347260752       -0.266076175808        0.000000000000      273.000000000006        0.000000000000
  2      309.000000000000       14.000347260752       -0.270822202812        0.000000000000      273.000000000006        0.000000000000
  2      312.000000000000       14.000347260752       -0.275413899827        0.000000000000      273.000000000005        0.000000000000
  2      315.000000000000       14.000347260752       -0.279857206519        0.000000000000      273.000000000006        0.000000000000
  2      318.000000000000       14.000347260752       -0.284128641918        0.000000000000      273.000000000006        0.000000000000
  2      321.000000000000       14.000347260752       -0.288220864551        0.000000000000      273.000000000005        0.000000000000
  2      324.000000000000       14.000347260752       -0.292129598842        0.000000000000      273.000000000006        0.000000000000
  2      327.000000000000       14.000347260752       -0.295869089735        0.000000000000      273.000000000007        0.000000000000
  2      330.000000000000       14.000347260752       -0.299475463422        0.000000000000      273.000000000006        0.000000000000
  2      333.000000000000       14.000347260752       -0.302866136782        0.000000000000      273.000000000006        0.000000000000
  2      336.000000000000       14.000347260752       -0.306074233260        0.000000000000      273.000000000006        0.000000000000
  2      339.000000000000       14.000347260752       -0.309118995938        0.000000000000      273.000000000006        0.000000000000
  2      342.000000000000       14.000347260752       -0.311989366946        0.000000000000      273.000000000007        0.000000000000
  2      345.000000000000       14.000347260752       -0.314694681560        0.000000000000      273.000000000006        0.000000000000
  2      348.000000000000       14.000347260752       -0.317221092301        0.000000000000      273.000000000006        0.000000000000
  2      351.000000000000       14.000347260752       -0.319592253441        0.000000000000      273.000000000006        0.000000000000
  2      354.000000000000       14.000347260752       -0.321815149895        0.000000000000      273.000000000006        0.000000000000
  2      357.000000000000       14.000347260752       -0.323900669967        0.000000000000      273.000000000005        0.000000000000
  2      360.000000000000       14.000347260752       -0.325858527281        0.000000000000      273.000000000006        0.000000000000
  2      363.000000000000       14.000347260752       -0.327694189360        0.000000000000      273.000000000006        0.000000000000
  2      366.000000000000       14.000347260752       -0.329389020560        0.000000000000      273.000000000006        0.000000000000
  2      369.000000000000       14.000347260752       -0.330968074844        0.000000000000      273.000000000006        0.000000000000
  2      372.000000000000       14.000347260752       -0.332483519275        0.000000000000      273.000000000007        0.000000000000
  2      375.000000000000       14.000347260752       -0.333905549498        0.000000000000      273.000000000006        0.000000000000
  2      378.000000000000       14.000347260752       -0.335230323176        0.000000000000      273.000000000008        0.000000000000
  2      381.000000000000       14.000347260752       -0.336475897284        0.000000000000      273.000000000006        0.000000000000
  2      384.000000000000       14.000347260752       -0.337650439388        0.000000000000      273.000000000005        0.000000000000
  2      387.000000000000       14.000347260752       -0.338758479505        0.000000000000      273.000000000006        0.000000000000
  2      390.000000000000       14.000347260752       -0.339795547053        0.000000000000      273.000000000005        0.000000000000
  2      393.000000000000       14.000347260752       -0.340775220993        0.000000000000      273.000000000005        0.000000000000
  2      396.000000000000       14.000347260752       -0.341699704816        0.000000000000      273.000000000005        0.000000000000
  2      399.000000000000       14.000347260752       -0.342571888483        0.000000000000      273.000000000005        0.000000000000
  2      402.000000000000       14.000347260752       -0.343383777973        0.000000000000      273.000000000006        0.000000000000
  2      405.000000000000       14.000347260752       -0.344152729782        0.000000000000      273.000000000005        0.000000000000
  2      408.000000000000       14.000347260752       -0.344869171736        0.000000000000      273.000000000005        0.000000000000
  2      411.000000000000       14.000347260752       -0.345547829082        0.000000000000      273.000000000006        0.000000000000
  2      414.000000000000       14.000347260752       -0.346171995030        0.000000000000      273.000000000006        0.000000000000
  2      417.000000000000       14.000347260752       -0.346746823001        0.000000000000      273.000000000006        0.000000000000
  2      420.000000000000       14.000347260752       -0.347271974046        0.000000000000      273.000000000007        0.000000000000
  2      423.000000000000       14.000347260752       -0.347747870629        0.000000000000      273.000000000005        0.000000000000
  2      426.000000000000       14.000347260752       -0.348179682181        0.000000000000      273.000000000006        0.000000000000
  2      429.000000000000       14.000347260752       -0.348570532700        0.000000000000      273.000000000007        0.000000000000
  2      432.000000000000       14.000347260752       -0.348916242491        0.000000000000      273.000000000008        0.000000000000
  2      435.000000000000       14.000347260752       -0.349217800304        0.000000000000      273.000000000007        0.000000000000
  2      438.000000000000       14.000347260752       -0.349477966448        0.000000000000      273.000000000006        0.000000000000
  2      441.000000000000       14.000347260752       -0.349696243132        0.000000000000      273.000000000005        0.000000000000
  2      444.000000000000       14.000347260752       -0.349874005636        0.000000000000      273.000000000006        0.000000000000
  2      447.000000000000       14.000347260752       -0.350016731948        0.000000000000      273.000000000005        0.000000000000
  2      450.000000000000       14.000347260752       -0.350109203509        0.000000000000      273.000000000004        0.000000000000
  2      453.000000000000       14.000347260752       -0.350516362717        0.000000000000      273.000000000007        0.000000000000
  2      456.000000000000       14.000347260752       -0.375196104508        0.000000000000      273.000000000005        0.000000000000
  3      198.000000000000       14.000347260752        5.619561497864        0.000000000000      272.996522828307        0.000000000000
  3      201.000000000000       14.000347260752        6.710707620161        0.000000000000      272.998337650080        0.000000000000
  3      204.000000000000       14.000347260752        6.861163114726        0.000000000000      272.999720666839        0.000000000000
  3      207.000000000000       14.000347260752        6.996862644804        0.000000000000      272.999931153522        0.000000000000
  3      210.000000000000       14.000347260752        7.131980636022        0.000000000000      272.999978460542        0.000000000000
  3      213.000000000000       14.000347260752        7.293612215105        0.000000000000      272.999991972179        0.000000000000
  3      216.000000000000       14.000347260752        7.501589929379        0.000000000000      272.999996732328        0.000000000000
  3      219.000000000000       14.000347260752        7.668844871334        0.000000000000      272.999998665667        0.000000000000
  3      222.000000000000       14.000347260752        7.739421814257        0.000000000000      272.999999482680        0.000000000000
  3      225.000000000000       14.000347260752        7.567018441087        0.000000000000      272.999999817886        0.000000000000
  3      228.000000000000       14.000347260752        7.201844785832        0.000000000000      272.999999942226        0.000000000000
  3      231.000000000000       14.000347260752        6.767000266438        0.000000000000      272.999999983383        0.000000000000
  3      234.000000000000       14.000347260752        6.308160847899        0.000000000000      272.999999995635        0.000000000000
  3      237.000000000000       14.000347260752        5.862875588231        0.000000000000      272.999999998945        0.000000000000
  3      240.000000000000       14.000347260752        5.439338244855        0.000000000000      272.999999999768        0.000000000000
  3      243.000000000000       14.000347260752        5.044189924736        0.000000000000      272.999999999959        0.000000000000
  3      246.000000000000       14.000347260752        4.679648886381        0.000000000000      273.000000000000        0.000000000000
  3      249.000000000000       14.000347260752        4.345099603662        0.000000000000      273.000000000009        0.000000000000
  3      252.000000000000       14.000347260752        4.038889737462        0.000000000000      273.000000000011        0.000000000000
  3      255.000000000000       14.000347260752        3.758482289971        0.000000000000      273.000000000011        0.000000000000
  3      258.000000000000       14.000347260752        3.501161186380        0.000000000000      273.000000000012        0.000000000000
  3      261.000000000000       14.000347260752        3.264039334340        0.000000000000      273.000000000012        0.000000000000
  3      264.000000000000       14.000347260752        3.045001782601        0.000000000000      273.000000000011        0.000000000000
  3      267.000000000000       14.000347260752        2.842675759559        0.000000000000      273.000000000012        0.000000000000
  3      270.000000000000       14.000347260752        2.655673411237        0.000000000000      273.000000000012        0.000000000000
  3      273.000000000000       14.000347260752        2.482588903840        0.000000000000      273.000000000012        0.000000000000
  3      276.000000000000       14.000347260752        2.322382779648        0.000000000000      273.000000000011        0.000000000000
  3      279.000000000000       14.000347260752        2.174230027574        0.000000000000      273.000000000010        0.000000000000
  3      282.000000000000       14.000347260752        2.037361137449        0.000000000000      273.000000000011        0.000000000000
  3      285.000000000000       14.000347260752        1.911074957452        0.000000000000      273.000000000010        0.000000000000
  3      288.000000000000       14.000347260752        1.794679426016        0.000000000000      273.000000000011        0.000000000000
  3      291.000000000000       14.000347260752        1.687498683091        0.000000000000      273.000000000011        0.000000000000
  3      294.000000000000       14.000347260752        1.588905426019        0.000000000000      273.000000000011        0.000000000000
  3      297.000000000000       14.000347260752        1.498298088459        0.000000000000      273.000000000011        0.000000000000
  3      300.000000000000       14.000347260752        1.415077049024        0.000000000000      273.000000000011        0.000000000000
  3      303.000000000000       14.000347260752        1.338679191374        0.000000000000      273.000000000011        0.000000000000
  3      306.000000000000       14.000347260752        1.268574286502        0.000000000000      273.000000000011        0.000000000000
  3      309.000000000000       14.000347260752        1.204244554665        0.000000000000      273.000000000011        0.000000000000
  3      312.000000000000       14.000347260752        1.145200837093        0.000000000000      273.000000000011        0.000000000000
  3      315.000000000000       14.000347260752        1.090995218729        0.000000000000      273.000000000011        0.000000000000
  3      318.000000000000       14.000347260752        1.041206810769        0.000000000000      273.000000000011        0.000000000000
  3      321.000000000000       14.000347260752        0.995440853159        0.000000000000      273.000000000011        0.000000000000
  3      324.000000000000       14.000347260752        0.953339528069        0.000000000000      273.000000000010        0.000000000000
  3      327.000000000000       14.000347260752        0.914581066128        0.000000000000      273.000000000010        0.000000000000
  3      330.000000000000       14.000347260752        0.878858305002        0.000000000000      273.000000000010        0.000000000000
  3      333.000000000000       14.000347260752        0.845888047654        0.000000000000      273.000000000011        0.000000000000
  3      336.000000000000       14.000347260752        0.815436376547        0.000000000000      273.000000000010        0.000000000000
  3      339.000000000000       14.000347260752        0.787303056270        0.000000000000      273.000000000010        0.000000000000
  3      342.000000000000       14.000347260752        0.761298672955        0.000000000000      273.000000000011        0.000000000000
  3      345.000000000000       14.000347260752        0.737245901773        0.000000000000      273.000000000011        0.000000000000
  3      348.000000000000       14.000347260752        0.714988193603        0.000000000000      273.000000000011        0.000000000000
  3      351.000000000000       14.000347260752        0.694391726133        0.000000000000      273.000000000011        0.000000000000
  3      354.000000000000       14.000347260752        0.675323777939        0.000000000000      273.000000000011        0.000000000000
  3      357.000000000000       14.000347260752        0.657677625036        0.000000000000      273.000000000011        0.000000000000
  3      360.000000000000       14.000347260752        0.641350409307        0.000000000000      273.000000000009        0.000000000000
  3      363.000000000000       14.000347260752        0.626252085658        0.000000000000      273.000000000011        0.000000000000
  3      366.000000000000       14.000347260752        0.612299695033        0.000000000000      273.000000000011        0.000000000000
  3      369.000000000000       14.000347260752        0.599421197158        0.000000000000      273.000000000010        0.000000000000
  3      372.000000000000       14.000347260752        0.587547034832        0.000000000000      273.000000000011        0.000000000000
  3      375.000000000000       14.000347260752        0.576605250666        0.000000000000      273.000000000010        0.000000000000
  3      378.000000000000       14.000347260752        0.566519092329        0.000000000000      273.000000000012        0.000000000000
  3      381.000000000000       14.000347260752        0.557254018802        0.000000000000      273.000000000011        0.000000000000
  3      384.000000000000       14.000347260752        0.548756827828        0.000000000000      273.000000000011        0.000000000000
  3      387.000000000000       14.000347260752        0.540968326156        0.000000000000      273.000000000011        0.000000000000
  3      390.000000000000       14.000347260752        0.533842919606        0.000000000000      273.000000000010        0.000000000000
  3      393.000000000000       14.000347260752        0.527337806523        0.000000000000      273.000000000010        0.000000000000
  3      396.000000000000       14.000347260752        0.521405735562        0.000000000000      273.000000000011        0.000000000000
  3      399.000000000000       14.000347260752        0.516004991888        0.000000000000      273.000000000010        0.000000000000
  3      402.000000000000       14.000347260752        0.511104328191        0.000000000000      273.000000000010        0.000000000000
  3      405.000000000000       14.000347260752        0.506660915300        0.000000000000      273.000000000010        0.000000000000
  3      408.000000000000       14.000347260752        0.502652259375        0.000000000000      273.000000000012        0.000000000000
  3      411.000000000000       14.000347260752        0.499029717851        0.000000000000      273.000000000010        0.000000000000
  3      414.000000000000       14.000347260752        0.495774823082        0.000000000000      273.000000000010        0.000000000000
  3      417.000000000000       14.000347260752        0.492866180037        0.000000000000      273.000000000011        0.000000000000
  3      420.000000000000       14.000347260752        0.490281149036        0.000000000000      273.000000000010        0.000000000000
  3      423.000000000000       14.000347260752        0.487995442332        0.000000000000      273.000000000010        0.000000000000
  3      426.000000000000       14.000347260752        0.485980933083        0.000000000000      273.000000000010        0.000000000000
  3      429.000000000000       14.000347260752        0.484218294155        0.000000000000      273.000000000012        0.000000000000
  3      432.000000000000       14.000347260752        0.482691336360        0.000000000000      273.000000000011        0.000000000000
  3      435.000000000000       14.000347260752        0.481382480661        0.000000000000      273.000000000012        0.000000000000
  3      438.000000000000       14.000347260752        0.480277547347        0.000000000000      273.000000000011        0.000000000000
  3      441.000000000000       14.000347260752        0.479357213100        0.000000000000      273.000000000011        0.000000000000
  3      444.000000000000       14.000347260752        0.478614593716        0.000000000000      273.000000000011        0.000000000000
  3      447.000000000000       14.000347260752        0.478034090918        0.000000000000      273.000000000011        0.000000000000
  3      450.000000000000       14.000347260752        0.477626695511        0.000000000000      273.000000000008        0.000000000000
  3      453.000000000000       14.000347260752        0.476930427954        0.000000000000      273.000000000013        0.000000000000
  3      456.000000000000       14.000347260752        0.433837407985        0.000000000000      273.000000000010        0.000000000000
  4      198.000000000000        2.675159961485       16.172274386115      758.598054401187      763.038053417630        0.000000000000
  4      201.000000000000        2.308950898754       28.936726578112     4243.057020130494      788.005985359731       -2.435016554273
  4      204.000000000000        2.045680194354       28.505172849443     7330.821558754946      795.242840348982    -2399.465268681620
  4      207.000000000000        2.002749650759       30.236485392843     9098.226334801493      797.335520927920      -23.233453338818
  4      210.000000000000        2.018721302475       30.511742793750     9268.764418934239      797.276918382613      -88.136048783974
  4      213.000000000000        1.978456424000       30.423387088556    10432.937910864099      798.579191009980    -1352.577573039621
  4      216.000000000000        1.976017199483       30.815940732388    10824.360121669015      798.339895721397      692.505470350506
  4      219.000000000000        2.028116477040       31.223651369288     9903.429769464388      797.541718951085      383.022786224949
  4      222.000000000000        2.110205619425       30.756639882082     8102.927286589639      795.251252930801       71.978184784638
  4      225.000000000000        2.257584494613       29.817149115636     5480.186973084594      787.867405568970       37.697818230419
  4      228.000000000000        2.496268055701       28.271716164103     2901.384148430902      768.097122819690       18.415146867820
  4      231.000000000000        2.902722336604       26.237601690550     1008.818217183837      722.765786067719        7.729546979960
  4      234.000000000000        3.448730302616       23.174051892302      230.211284528250      668.930778051807        3.146707045740
  4      237.000000000000        3.430224649579       20.112928771195      176.293176845180      644.761262902851      -54.999812594701
  4      240.000000000000        3.402488955143       21.010913966686      189.698218110335      627.194744604982        0.228935168956
  4      243.000000000000        3.541349873232       24.376376642380      174.159907930626      576.961098888214        0.689461837579
  4      246.000000000000        3.616553672967       25.053032651818      151.878363436300      538.520521464112        0.904084633564
  4      249.000000000000        3.614354341679       23.284668349971      129.859121062631      534.245807405549        0.047301704642
  4      252.000000000000        3.660997672175       19.044931895274       78.129481227314      531.701043776034        0.024358402615
  4      255.000000000000        3.644088424892       15.473143429558       53.316583784643      537.224906254467       -0.049108995515
  4      258.000000000000        3.634478988249       14.302682410155       48.400015824725      534.830293685718       -0.885618126049
  4      261.000000000000        3.633872901098       14.421972349487       57.026189542003      514.440566529554        0.097537481245
  4      264.000000000000        3.838051984627        9.686562266406       20.072165286378      407.027937397400        0.040320027317
  4      267.000000000000        4.700038863790        5.915860175556        0.921398290269      281.722610441644        0.036097646600
  4      270.000000000000        6.128025087853        4.428243195400        0.021142226800      273.146430923947        7.484815795708
  4      273.000000000000       14.000347260752        4.153812942343        0.000000000000      272.999988888447        0.000000000000
  4      276.000000000000       14.000347260752        4.021700743488        0.000000000000      272.999990476697        0.000000000000
  4      279.000000000000       14.000347260752        3.722240486692        0.000000000000      272.999993348295        0.000000000000
  4      282.000000000000       14.000347260752        3.122516720951        0.000000000000      272.999996178180        0.000000000000
  4      285.000000000000       14.000347260752        2.424009557928        0.000000000000      272.999998140315        0.000000000000
  4      288.000000000000       14.000347260752        1.726220860131        0.000000000000      272.999999217918        0.000000000000
  4      291.000000000000       14.000347260752        1.078054699205        0.000000000000      272.999999710107        0.000000000000
  4      294.000000000000       14.000347260752        0.534965467618        0.000000000000      272.999999903814        0.000000000000
  4      297.000000000000       14.000347260752        0.115570279791        0.000000000000      272.999999971136        0.000000000000
  4      300.000000000000       14.000347260752       -0.213355709838        0.000000000000      272.999999992138        0.000000000000
  4      303.000000000000       14.000347260752       -0.464915171633        0.000000000000      272.999999998101        0.000000000000
  4      306.000000000000       14.000347260752       -0.649896242629        0.000000000000      272.999999999604        0.000000000000
  4      309.000000000000       14.000347260752       -0.780533059237        0.000000000000      272.999999999938        0.000000000000
  4      312.000000000000       14.000347260752       -0.867646856258        0.000000000000      273.000000000003        0.000000000000
  4      315.000000000000       14.000347260752       -0.920761794328        0.000000000000      273.000000000014        0.000000000000
  4      318.000000000000       14.000347260752       -0.947470416067        0.000000000000      273.000000000016        0.000000000000
  4      321.000000000000       14.000347260752       -0.953591021994        0.000000000000      273.000000000016        0.000000000000
  4      324.000000000000       14.000347260752       -0.946704765360        0.000000000000      273.000000000016        0.000000000000
  4      327.000000000000       14.000347260752       -0.927896381913        0.000000000000      273.000000000016        0.000000000000
  4      330.000000000000       14.000347260752       -0.901551217013        0.000000000000      273.000000000015        0.000000000000
  4      333.000000000000       14.000347260752       -0.869806399978        0.000000000000      273.000000000016        0.000000000000
  4      336.000000000000       14.000347260752       -0.834382992730        0.000000000000      273.000000000016        0.000000000000
  4      339.000000000000       14.000347260752       -0.796690518304        0.000000000000      273.000000000016        0.000000000000
  4      342.000000000000       14.000347260752       -0.757799568096        0.000000000000      273.000000000015        0.000000000000
  4      345.000000000000       14.000347260752       -0.718512827867        0.000000000000      273.000000000016        0.000000000000
  4      348.000000000000       14.000347260752       -0.679405810326        0.000000000000      273.000000000016        0.000000000000
  4      351.000000000000       14.000347260752       -0.640965715996        0.000000000000      273.000000000016        0.000000000000
  4      354.000000000000       14.000347260752       -0.603542605084        0.000000000000      273.000000000015        0.000000000000
  4      357.000000000000       14.000347260752       -0.567342772934        0.000000000000      273.000000000016        0.000000000000
  4      360.000000000000       14.000347260752       -0.532501871021        0.000000000000      273.000000000017        0.000000000000
  4      363.000000000000       14.000347260752       -0.499117357891        0.000000000000      273.000000000017        0.000000000000
  4      366.000000000000       14.000347260752       -0.467250791034        0.000000000000      273.000000000016        0.000000000000
  4      369.000000000000       14.000347260752       -0.436931535386        0.000000000000      273.000000000015        0.000000000000
  4      372.000000000000       14.000347260752       -0.408160633658        0.000000000000      273.000000000015        0.000000000000
  4      375.000000000000       14.000347260752       -0.380927756817        0.000000000000      273.000000000016        0.000000000000
  4      378.000000000000       14.000347260752       -0.355214016707        0.000000000000      273.000000000016        0.000000000000
  4      381.000000000000       14.000347260752       -0.330981520250        0.000000000000      273.000000000016        0.000000000000
  4      384.000000000000       14.000347260752       -0.308178700351        0.000000000000      273.000000000017        0.000000000000
  4      387.000000000000       14.000347260752       -0.286750336552        0.000000000000      273.000000000015        0.000000000000
  4      390.000000000000       14.000347260752       -0.266645455907        0.000000000000      273.000000000015        0.000000000000
  4      393.000000000000       14.000347260752       -0.247811359706        0.000000000000      273.000000000014        0.000000000000
  4      396.000000000000       14.000347260752       -0.230194403456        0.000000000000      273.000000000015        0.000000000000
  4      399.000000000000       14.000347260752       -0.213743198976        0.000000000000      273.000000000015        0.000000000000
  4      402.000000000000       14.000347260752       -0.198407641822        0.000000000000      273.000000000015        0.000000000000
  4      405.000000000000       14.000347260752       -0.184138002490        0.000000000000      273.000000000015        0.000000000000
  4      408.000000000000       14.000347260752       -0.170888797247        0.000000000000      273.000000000015        0.000000000000
  4      411.000000000000       14.000347260752       -0.158616171932        0.000000000000      273.000000000016        0.000000000000
  4      414.000000000000       14.000347260752       -0.147280046940        0.000000000000      273.000000000016        0.000000000000
  4      417.000000000000       14.000347260752       -0.136841085296        0.000000000000      273.000000000015        0.000000000000
  4      420.000000000000       14.000347260752       -0.127263132376        0.000000000000      273.000000000015        0.000000000000
  4      423.000000000000       14.000347260752       -0.118515164802        0.000000000000      273.000000000016        0.000000000000
  4      426.000000000000       14.000347260752       -0.110574235351        0.000000000000      273.000000000016        0.000000000000
  4      429.000000000000       14.000347260752       -0.103420285403        0.000000000000      273.000000000015        0.000000000000
  4      432.000000000000       14.000347260752       -0.097030717503        0.000000000000      273.000000000016        0.000000000000
  4      435.000000000000       14.000347260752       -0.091388233173        0.000000000000      273.000000000016        0.000000000000
  4      438.000000000000       14.000347260752       -0.086479362525        0.000000000000      273.000000000017        0.000000000000
  4      441.000000000000       14.000347260752       -0.082292687794        0.000000000000      273.000000000017        0.000000000000
  4      444.000000000000       14.000347260752       -0.078817425162        0.000000000000      273.000000000016        0.000000000000
  4      447.000000000000       14.000347260752       -0.076046982822        0.000000000000      273.000000000015        0.000000000000
  4      450.000000000000       14.000347260752       -0.073950011866        0.000000000000      273.000000000014        0.000000000000
  4      453.000000000000       14.000347260752       -0.073021901377        0.000000000000      273.000000000016        0.000000000000
  4      456.000000000000       14.000347260752       -0.078906238416        0.000000000000      273.000000000015        0.000000000000
  5      198.000000000000        1.265280772475        9.188363227019    19718.956694074179      799.781648743676        0.000000000000
  5      201.000000000000        1.332084123109       13.948685742045    22536.942415777412      799.730887751519       63.535505572786
  5      204.000000000000        1.480343219109       12.646422226567     7800.797187954701      799.587406238116     -110.267171202998
  5      207.000000000000        1.259979958325       17.654170643332    16842.587920962178      799.743453328512      -50.149867148803
  5      210.000000000000        1.051120705699       22.269589635633    43859.646744612728      799.909057610217     -203.162340334343
  5      213.000000000000        1.103821365540       19.207856021075    28699.122035297187      799.866450297180      146.962714131612
  5      216.000000000000        1.150216582454       23.331371904826    38523.855025442819      799.919049851958       81.206761095307
  5      219.000000000000        1.358736232700       25.759016639452    30810.063783553553      799.936969825867      172.688227108539
  5      222.000000000000        1.430035517423       22.619169641719    22313.435185132847      799.934979230855        4.512247724185
  5      225.000000000000        1.492654728664       13.913112918675     8741.945107359865      798.988711906448        9.984361949987
  5      228.000000000000        1.746088944378        9.242974819564     3801.235296255286      799.768506085865      215.529215201725
  5      231.000000000000        3.015382623695        7.453852303098      169.031665308263      696.922977000519       10.587597125298
  5      234.000000000000        4.713610875178       19.454302626530        7.186418945187      314.665865908910        0.380673910836
  5      237.000000000000        5.297958105274       20.151167137237        2.084976704486      273.704581169677      -85.291440892686
  5      240.000000000000        4.413138727663       20.048771330928       16.252592919087      301.172555378350        0.271137684733
  5      243.000000000000        4.144148377827       18.304684937541       28.728728863070      341.154649301132        0.063781065339
  5      246.000000000000        4.116009283252       16.837221565654       28.253221687479      350.563434702168        0.018943869294
  5      249.000000000000        4.278440427403       14.803306644530       18.898620021256      324.947321106218       -0.008993974912
  5      252.000000000000        4.300543772158       11.544023583294       18.624588559075      321.698777514562       -0.001759398455
  5      255.000000000000        4.293055532214       11.210519598576       19.123152646067      323.050677088574        0.025446962328
  5      258.000000000000        4.272691051466       14.128155422328       15.261317126375      325.928731198559       -0.008068603562
  5      261.000000000000        4.344157320617       14.482689266390       11.746278351318      316.818033559214       -2.843474501409
  5      264.000000000000        4.464457385198       12.355847690900        7.619101445447      303.285466286488       -0.017528878586
  5      267.000000000000        4.365011939962        8.334891855906        7.392591798003      309.711636162848       -0.006277202265
  5      270.000000000000        4.423911501493        6.327959877540        7.824806283868      303.869338417770       -0.085495843696
  5      273.000000000000        4.548021245266        6.206811743453        7.576412494997      293.982210483474       -0.695707094468
  5      276.000000000000        4.386254462743        6.638207646345       12.885618348259      303.234897672375       -0.032201639144
  5      279.000000000000        4.158580572007        7.922471701711       24.084264670678      328.509689024530        1.574281863011
  5      282.000000000000        3.998937560660        7.630455181006       36.123619675018      369.641220502850        0.313129652607
  5      285.000000000000        3.934753390755        6.486842777697       44.053599510408      391.643581497993        0.007657895386
  5      288.000000000000        3.953427762901        4.705912393398       46.090851493643      384.420326137038       -0.088520532576
  5      291.000000000000        3.991774655882        4.977584840669       51.704672658569      369.856154457896       -3.008991756719
  5      294.000000000000        4.025852816009        6.292775879770       58.309724476862      360.192190592402        0.010385947922
  5      297.000000000000        4.063110247371        9.083201526238       54.537582850639      353.179303280506        0.006814668377
  5      300.000000000000        4.057192486555       13.606921950009       49.972599998399      356.137515249203        0.046512076176
  5      303.000000000000        3.979981001267       15.121860539048       42.906713017323      383.726382176233       27.098862327582
  5      306.000000000000        3.940266145075       13.805566161426       36.994305391023      404.532031057555        0.040058517916
  5      309.000000000000        3.972294300370       11.980114397417       32.047611103386      386.631220827010       -0.162188571493
  5      312.000000000000        3.958275517011        9.826509575777       33.298531936196      390.409285000569        0.015005906113
  5      315.000000000000        3.920969630841        5.310337630773       34.410162980164      410.396316595249        0.008280511022
  5      318.000000000000        3.869977504741       -1.218157254163       39.510665311893      445.252396800555        0.001215309863
  5      321.000000000000        3.879002981903       -8.194118030082       40.618999860687      436.273540913186       -0.006823380308
  5      324.000000000000        4.090553628800       -9.689427615412       19.377190012798      349.616743564496       -0.145480409226
  5      327.000000000000        4.286270420977       -7.835292080894        4.978390718250      325.813486996074        0.003405023647
  5      330.000000000000        4.152965082023       -3.440134370593        1.343954000690      342.315350452915       -0.005046607261
  5      333.000000000000        4.253052774705       -1.473280919339        0.378894292349      322.774954584454       -0.512861748728
  5      336.000000000000        4.989378487304       -2.091915312392        0.168539104994      279.723041034466       -0.082902062862
  5      339.000000000000       14.000347260752       -2.604269009586        0.000000000000      273.000003854361        0.000000000000
  5      342.000000000000       14.000347260752       -2.580376534010        0.000000000000      273.000000001711        0.000000000000
  5      345.000000000000       14.000347260752       -2.517461066062        0.000000000000      273.000000000066        0.000000000000
  5      348.000000000000       14.000347260752       -2.420195322801        0.000000000000      273.000000000022        0.000000000000
  5      351.000000000000       14.000347260752       -2.322611337972        0.000000000000      273.000000000021        0.000000000000
  5      354.000000000000       14.000347260752       -2.228498857508        0.000000000000      273.000000000021        0.000000000000
  5      357.000000000000       14.000347260752       -2.141580425426        0.000000000000      273.000000000020        0.000000000000
  5      360.000000000000       14.000347260752       -2.064050423385        0.000000000000      273.000000000020        0.000000000000
  5      363.000000000000       14.000347260752       -1.995999226529        0.000000000000      273.000000000020        0.000000000000
  5      366.000000000000       14.000347260752       -1.936677656707        0.000000000000      273.000000000020        0.000000000000
  5      369.000000000000       14.000347260752       -1.884987992125        0.000000000000      273.000000000020        0.000000000000
  5      372.000000000000       14.000347260752       -1.839931618928        0.000000000000      273.000000000020        0.000000000000
  5      375.000000000000       14.000347260752       -1.800518735476        0.000000000000      273.000000000021        0.000000000000
  5      378.000000000000       14.000347260752       -1.765965199775        0.000000000000      273.000000000020        0.000000000000
  5      381.000000000000       14.000347260752       -1.735573785978        0.000000000000      273.000000000020        0.000000000000
  5      384.000000000000       14.000347260752       -1.708785636490        0.000000000000      273.000000000020        0.000000000000
  5      387.000000000000       14.000347260752       -1.684977694281        0.000000000000      273.000000000020        0.000000000000
  5      390.000000000000       14.000347260752       -1.663918961421        0.000000000000      273.000000000019        0.000000000000
  5      393.000000000000       14.000347260752       -1.645164189384        0.000000000000      273.000000000019        0.000000000000
  5      396.000000000000       14.000347260752       -1.628341854845        0.000000000000      273.000000000019        0.000000000000
  5      399.000000000000       14.000347260752       -1.613308395736        0.000000000000      273.000000000020        0.000000000000
  5      402.000000000000       14.000347260752       -1.599815974534        0.000000000000      273.000000000020        0.000000000000
  5      405.000000000000       14.000347260752       -1.587679378344        0.000000000000      273.000000000020        0.000000000000
  5      408.000000000000       14.000347260752       -1.576748930905        0.000000000000      273.000000000019        0.000000000000
  5      411.000000000000       14.000347260752       -1.566895828882        0.000000000000      273.000000000018        0.000000000000
  5      414.000000000000       14.000347260752       -1.558011931471        0.000000000000      273.000000000020        0.000000000000
  5      417.000000000000       14.000347260752       -1.550006355703        0.000000000000      273.000000000020        0.000000000000
  5      420.000000000000       14.000347260752       -1.542801179150        0.000000000000      273.000000000020        0.000000000000
  5      423.000000000000       14.000347260752       -1.536329752068        0.000000000000      273.000000000020        0.000000000000
  5      426.000000000000       14.000347260752       -1.530539939312        0.000000000000      273.000000000019        0.000000000000
  5      429.000000000000       14.000347260752       -1.525389130560        0.000000000000      273.000000000019        0.000000000000
  5      432.000000000000       14.000347260752       -1.520838936560        0.000000000000      273.000000000019        0.000000000000
  5      435.000000000000       14.000347260752       -1.516859227004        0.000000000000      273.000000000019        0.000000000000
  5      438.000000000000       14.000347260752       -1.513426099864        0.000000000000      273.000000000020        0.000000000000
  5      441.000000000000       14.000347260752       -1.510518727129        0.000000000000      273.000000000020        0.000000000000
  5      444.000000000000       14.000347260752       -1.508121528878        0.000000000000      273.000000000020        0.000000000000
  5      447.000000000000       14.000347260752       -1.506223287015        0.000000000000      273.000000000020        0.000000000000
  5      450.000000000000       14.000347260752       -1.504793550910        0.000000000000      273.000000000019        0.000000000000
  5      453.000000000000       14.000347260752       -1.504214618444        0.000000000000      273.000000000020        0.000000000000
  5      456.000000000000       14.000347260752       -1.445193295092        0.000000000000      273.000000000019        0.000000000000
  6      198.000000000000        0.737872809382        4.487374101339    29184.092167938965      799.966981299168        0.000000000000
  6      201.000000000000        0.711652061133       10.938307418558    44469.091277768188      799.972697846136      -37.973039879678
  6      204.000000000000        0.639628774589       13.573723161837    48323.393048859587      799.977441139070     -108.257830427865
  6      207.000000000000        0.605245997517       17.437031009594    76506.193860846601      799.982842646827      118.054915299630
  6      210.000000000000        0.815293353263       19.850003417449    61690.802751034942      799.983054784311      254.553218415649
  6      213.000000000000        1.025689769936       24.165852781758    56870.835308362970      799.985606543256      417.014708785131
  6      216.000000000000        1.171262775092       24.126970228859    46047.222159901947      799.932466873656       12.625925369504
  6      219.000000000000        1.053651964032       19.537148723296    44021.589287875075      799.846622326941      -21.119990082739
  6      222.000000000000        1.017858288695       14.981582484680    34473.109958871682      799.870527594829       19.525571316158
  6      225.000000000000        1.184808542799        9.254857728820    16150.368018508216      799.969765557875      110.702402767965
  6      228.000000000000        1.898379436320        5.678974585587     1226.096980252487      786.304466935608     5464.823796573396
  6      231.000000000000        3.976662692167        7.837329170087        6.367405482946      415.248415498966      124.526806030666
  6      234.000000000000        4.819722734364        9.653605838593        1.602046489929      299.768611907277       -0.249170602194
  6      237.000000000000        5.806230682965       11.431832330086        0.219272967392      274.959488235949       -0.158212698608
  6      240.000000000000        4.808437153756       11.730943220912        2.248719153351      288.067331795771        2.284294666337
  6      243.000000000000        4.465818302536       11.714516672352        5.049181341346      302.897251667206       26.856023981066
  6      246.000000000000        4.386661588015       13.303942532095        8.671884506876      309.113954180935        0.166856250162
  6      249.000000000000        4.389341860630       15.113979667451       13.628553181070      309.978713427299    14882.421682292174
  6      252.000000000000        4.394558293614       14.343110787953       16.152966788166      311.170459044830        0.005388783322
  6      255.000000000000        4.406117692020        8.652559124396       15.415404757558      310.123628644982       -0.001948776799
  6      258.000000000000        4.484982184204        3.353617544035       11.746418377837      303.452327632600       -0.008073076398
  6      261.000000000000        4.604836880758        1.801136664333        4.801840441469      296.245596673313       -0.002880052144
  6      264.000000000000        4.667753749304        8.471678409788        3.650258459570      293.596040622850        0.002058160115
  6      267.000000000000        4.573593161626       11.945274762512        5.089051847509      299.669969369674        0.016800634876
  6      270.000000000000        4.539126778708       12.918272925810        5.799518804113      302.630512399290       -0.964790608356
  6      273.000000000000        4.986186372488       10.330104419732        1.322675262353      282.928237953302       -0.054824561254
  6      276.000000000000        5.909430692552        8.542037692089        0.113883347425      274.032760020920       -0.041504277327
  6      279.000000000000        5.520389750254        7.578074973713        0.247388461339      275.630092429228        0.086810947032
  6      282.000000000000        5.312649300591        6.897996891574        0.425676543593      277.364590996968        0.012908441845
  6      285.000000000000        5.155848867819        6.744849783347        0.782780354475      278.525254590920       -0.153491514027
  6      288.000000000000        5.071254464409        6.681562942069        1.213623153881      278.830609579051       -0.367449830144
  6      291.000000000000        5.148013458459        6.608272062642        1.154101697218      277.863806743428        0.954565644498
  6      294.000000000000        5.059243072377        7.114303501007        1.351172941695      279.076287514009        0.166285838243
  6      297.000000000000        4.763321351896        8.472835135207        2.376813800602      286.399564674248        0.085481013662
  6      300.000000000000        4.570559912360        8.888352983071        2.684724493114      294.449259640025        0.556763450976
  6      303.000000000000        4.450118037480        6.751860221943        1.796643898203      302.567246150040        0.013192112108
  6      306.000000000000        4.346179148445        3.232872425506        1.033911319216      312.832186009113        0.002660937644
  6      309.000000000000        4.331705680208        0.300366091993        1.310983731998      313.643512108079       -0.003570425057
  6      312.000000000000        4.318006921225       -1.059729379520        2.277970624667      314.159506890235       -0.045694617138
  6      315.000000000000        4.316008240603       -0.822517180207        3.053700226339      314.127068220889       -0.011099953586
  6      318.000000000000        4.317848434639       -0.201928662823        3.984333038704      313.639168093803       -0.007796602777
  6      321.000000000000        4.322379093230        0.955671015657        5.367184996214      312.733567098445       -0.006340295881
  6      324.000000000000        4.322051384260        2.035678147049        7.233086998842      312.694181892138        0.000607115719
  6      327.000000000000        4.315153684407        2.259177268184        9.772615382089      313.477163605403        0.073863081204
  6      330.000000000000        4.306907433629        1.892564955262       12.656465935543      315.582889247476        0.399160159268
  6      333.000000000000        4.291520922178        1.022471600519       14.951727662810      317.557213210822        0.020588357690
  6      336.000000000000        4.290173884041        0.330604626067       14.990526567883      318.743929725605        0.016979696070
  6      339.000000000000        4.293674771015        0.225201422500       12.743512493322      319.193925339511        0.022739938004
  6      342.000000000000        4.289679676200        0.216452738094        9.916491110680      320.599685693539        0.046799878980
  6      345.000000000000        4.240011761256        0.319434756173        8.251941399653      327.704667119908        0.030863479750
  6      348.000000000000        4.220189469186        0.366119996998        4.772533932866      329.940721822896       -0.045243262306
  6      351.000000000000        4.370938119710       -0.613672486139        0.621324001491      311.959801948535       -0.071629740501
  6      354.000000000000        4.670517920136       -3.883615025471        0.347547188917      291.655077259695       -0.187983836248
  6      357.000000000000        5.168874323903       -7.171389471933        0.352855229899      278.350750302290       -2.464093233599
  6      360.000000000000       14.000347260752       -7.492965161820        0.000000000000      273.000002701764        0.000000000000
  6      363.000000000000       14.000347260752       -6.359987001547        0.000000000000      273.000000052717        0.000000000000
  6      366.000000000000       14.000347260752       -5.127112965563        0.000000000000      273.000000014945        0.000000000000
  6      369.000000000000       14.000347260752       -4.307159011013        0.000000000000      273.000000009844        0.000000000000
  6      372.000000000000       14.000347260752       -3.729035149778        0.000000000000      273.000000005729        0.000000000000
  6      375.000000000000       14.000347260752       -3.298899424498        0.000000000000      273.000000003070        0.000000000000
  6      378.000000000000       14.000347260752       -2.995559787525        0.000000000000      273.000000001619        0.000000000000
  6      381.000000000000       14.000347260752       -2.779983583534        0.000000000000      273.000000000361        0.000000000000
  6      384.000000000000       14.000347260752       -2.622082635511        0.000000000000      273.000000000068        0.000000000000
  6      387.000000000000       14.000347260752       -2.499278436608        0.000000000000      273.000000000029        0.000000000000
  6      390.000000000000       14.000347260752       -2.400152865967        0.000000000000      273.000000000024        0.000000000000
  6      393.000000000000       14.000347260752       -2.318163435949        0.000000000000      273.000000000024        0.000000000000
  6      396.000000000000       14.000347260752       -2.248072823543        0.000000000000      273.000000000024        0.000000000000
  6      399.000000000000       14.000347260752       -2.188155476724        0.000000000000      273.000000000023        0.000000000000
  6      402.000000000000       14.000347260752       -2.136427217549        0.000000000000      273.000000000024        0.000000000000
  6      405.000000000000       14.000347260752       -2.091645042305        0.000000000000      273.000000000024        0.000000000000
  6      408.000000000000       14.000347260752       -2.052797506573        0.000000000000      273.000000000024        0.000000000000
  6      411.000000000000       14.000347260752       -2.019069829652        0.000000000000      273.000000000024        0.000000000000
  6      414.000000000000       14.000347260752       -1.989780427380        0.000000000000      273.000000000025        0.000000000000
  6      417.000000000000       14.000347260752       -1.964341706825        0.000000000000      273.000000000025        0.000000000000
  6      420.000000000000       14.000347260752       -1.942256300240        0.000000000000      273.000000000025        0.000000000000
  6      423.000000000000       14.000347260752       -1.923102039964        0.000000000000      273.000000000025        0.000000000000
  6      426.000000000000       14.000347260752       -1.906522380388        0.000000000000      273.000000000024        0.000000000000
  6      429.000000000000       14.000347260752       -1.892268604170        0.000000000000      273.000000000024        0.000000000000
  6      432.000000000000       14.000347260752       -1.879973366837        0.000000000000      273.000000000023        0.000000000000
  6      435.000000000000       14.000347260752       -1.869524211908        0.000000000000      273.000000000023        0.000000000000
  6      438.000000000000       14.000347260752       -1.860734903547        0.000000000000      273.000000000024        0.000000000000
  6      441.000000000000       14.000347260752       -1.853425753294        0.000000000000      273.000000000023        0.000000000000
  6      444.000000000000       14.000347260752       -1.847507549882        0.000000000000      273.000000000023        0.000000000000
  6      447.000000000000       14.000347260752       -1.842887836555        0.000000000000      273.000000000024        0.000000000000
  6      450.000000000000       14.000347260752       -1.839476080587        0.000000000000      273.000000000025        0.000000000000
  6      453.000000000000       14.000347260752       -1.837272483757        0.000000000000      273.000000000025        0.000000000000
  6      456.000000000000       14.000347260752       -1.751909115159        0.000000000000      273.000000000023        0.000000000000
  7      198.000000000000        0.580967357712        8.221424792339    39094.681260080491      799.987665366367        0.000000000000
  7      201.000000000000        0.579857779767       17.259009557584    93323.635824679557      799.989707616734       12.309058600283
  7      204.000000000000        0.629131113674       19.961924436163    98469.544928489966      799.990755849638      512.152686698723
  7      207.000000000000        0.808012266242       20.547908150068    68395.831620870245      799.989211015598    45066.568450212588
  7      210.000000000000        0.934226600053       19.688293522011    53593.787565568651      799.980103314820      351.776531645351
  7      213.000000000000        0.842527030577       18.188071868846    65139.391744562730      799.961324818509      -49.094665537834
  7      216.000000000000        0.832136487909        9.954923870672    27401.501965508945      799.951383360140       47.934109807126
  7      219.000000000000        1.219403363562        5.997985468369     5370.730654964968      799.742676001931      281.859774481083
  7      222.000000000000        2.187618616006        6.313216952875      475.311007212845      777.251982749175     1785.493732623066
  7      225.000000000000        2.780601404468        8.630697408655      144.805280607220      742.875692712490       63.545750455925
  7      228.000000000000        3.129969026957        8.503432263954       64.175651880292      666.284324892940      576.881244958864
  7      231.000000000000        3.676060131208        7.905128972847       14.602561346349      480.767618743820      126.744821193390
  7      234.000000000000        3.842663332911        8.099540002272        9.309247732483      446.470981129207        4.315529971375
  7      237.000000000000        3.777543240449        7.030555102351        9.973102544101      485.755406851083       -0.115434717209
  7      240.000000000000        3.790281802050        7.284676325443       14.328657446259      470.918708535355        0.754958838953
  7      243.000000000000        3.875761827111        7.471816135419       14.793415751234      427.308692208449       90.867464831171
  7      246.000000000000        4.140429705736        8.125819281657        7.997795521462      355.153595364971      -19.110722206967
  7      249.000000000000        4.687753991868        8.087119023966        1.758360650041      298.125811669771      -92.290738319453
  7      252.000000000000        5.120273321741        8.348886463910        0.560057009001      279.626969753113       -0.808439694783
  7      255.000000000000        5.865750037752        9.709195234618        0.141588464644      273.513819091367       -0.016340086297
  7      258.000000000000        5.217615938193        9.308984695007        0.772858651621      278.488850168508        0.106469504662
  7      261.000000000000        4.790907729602        5.719957052150        1.523918352684      290.009484908629        0.017523469327
  7      264.000000000000        4.734472706653        0.976095539279        1.066602065249      293.043703231299        0.003603730360
  7      267.000000000000        4.787375464485       -0.914679209599        0.795291006771      290.924825145192       -0.786159828259
  7      270.000000000000        4.875920761018        1.125162457843        0.729609547311      288.202627409455       -0.046304067465
  7      273.000000000000        5.075633444027        4.196987203110        0.663980441890      281.773117890904       -0.093632917069
  7      276.000000000000        5.368414967624        5.155241253159        0.292872293724      276.390259277833      -31.837211525842
  7      279.000000000000        5.024234832471        4.660954477341        0.411235937111      280.389773069754        0.086618665337
  7      282.000000000000        4.729883978136        4.110125482982        0.470038664894      287.803698639307        0.285135108908
  7      285.000000000000        4.619695096449        3.986643207110        0.501663642533      292.668740952728        0.268787471706
  7      288.000000000000        4.562150753293        4.371768676279        0.863884994272      295.573823863504        0.019460005969
  7      291.000000000000        4.530824669229        4.458856992259        1.337049114073      297.330400962782        0.016088536853
  7      294.000000000000        4.517913393775        4.560476156160        1.806932657792      298.153953693079        0.037208027604
  7      297.000000000000        4.523639321157        4.713778748247        1.912566531859      297.886673527942        0.159921138653
  7      300.000000000000        4.560103311452        4.938365654843        1.694475046909      296.116710601487        0.653836896525
  7      303.000000000000        4.568408238225        4.329061283201        1.672564065873      295.685270760054       -0.011402227434
  7      306.000000000000        4.575680368103        2.499631139113        1.650047881571      295.072935652915       -0.003684022410
  7      309.000000000000        4.598386543330        0.492041228369        1.462903240812      293.756917077926       -0.004344986430
  7      312.000000000000        4.678841173708       -1.114210280375        0.984480173177      289.926055598922       -0.007683441899
  7      315.000000000000        4.752678935743       -2.147072899628        0.550001231104      286.996210809236       -0.010328868700
  7      318.000000000000        4.779924068553       -2.789011023791        0.260789509663      286.010449587039       -0.001827889043
  7      321.000000000000        4.750297937952       -2.757818336900        0.153530817009      287.035846706162        2.892430330596
  7      324.000000000000        4.720475806548       -2.211599292101        0.101442495999      288.196633317811        0.041905168428
  7      327.000000000000        4.709122068713       -1.150824021838        0.098563675018      288.889557351486        0.018647842506
  7      330.000000000000        4.722779773042        0.202701248305        0.145530132702      288.721895851937        0.005935545846
  7      333.000000000000        4.781958322096        1.189482418771        0.254182979872      286.823858425873       -0.036089772498
  7      336.000000000000        4.881383784889        1.416109251891        0.345153472227      283.776816241524       -0.365325914221
  7      339.000000000000        4.973379904278        0.897575391539        0.424207098713      281.453995634634       -2.596981903943
  7      342.000000000000        5.071933141698       -0.138214836521        0.498642227040      279.552589185688       -0.144842877344
  7      345.000000000000        5.151797677551       -1.027103777343        0.513494135537      278.401339069765       -0.019108614356
  7      348.000000000000        5.141294347551       -1.542582929888        0.610736232632      278.557488512921        0.045690990056
  7      351.000000000000        5.043098997095       -1.857977084079        0.859093593140      280.038482675188        0.240926359576
  7      354.000000000000        4.879366573564       -2.036114963111        1.329668065025      283.535928113253        0.650152546206
  7      357.000000000000        4.709966579184       -1.933927735608        1.982163242420      289.163435274773        0.132543659334
  7      360.000000000000        4.538932965446       -1.573772274580        3.447268465356      296.944164166629        0.020232148006
  7      363.000000000000        4.496646701674       -1.355221155771        4.681636706214      299.431636192853       -0.004750116836
  7      366.000000000000        4.548004287358       -1.580228619612        4.400316582290      296.300784760350       -0.007333891921
  7      369.000000000000        4.630200289659       -2.377489920102        2.658440821779      292.726257249241        0.008654239623
  7      372.000000000000        4.617201512691       -2.118685607059        2.171391977153      293.925794382610        0.003624573560
  7      375.000000000000        4.550771923938        0.532444555913        2.529251593327      298.684333644397        0.003337936610
  7      378.000000000000        4.570614090348        2.459644105902        2.808157835895      297.249547969347       -0.260628595428
  7      381.000000000000        4.589324494651        2.332554069010        3.009910901632      295.702948101753       -0.016913167871
  7      384.000000000000        4.571943604240        1.692280744733        3.003571504271      296.596338723668        0.003946880072
  7      387.000000000000        4.493080936088       -0.293251146355        3.098963362130      301.324590344018        0.002315199958
  7      390.000000000000        4.367592646980       -3.299153526849        3.666584268129      310.749900835369        0.000773706259
  7      393.000000000000        4.277234788832       -4.249794103472        4.467310041450      319.440608205105       -0.002281751967
  7      396.000000000000        4.263940099635       -3.853510691754        4.140914983177      321.110267406104       -0.007263159141
  7      399.000000000000        4.305841665487       -3.058077807068        2.782990023056      316.239796117291       -0.109625178192
  7      402.000000000000        4.623246420212       -2.356121756768        0.778686613755      292.281650165303       -0.291621001168
  7      405.000000000000        5.920331128363       -1.883897548020        0.021981778871      273.609087305289       -0.319275982021
  7      408.000000000000       14.000347260752       -1.691091028113        0.000000000000      273.000000043597        0.000000000000
  7      411.000000000000       14.000347260752       -1.552934298160        0.000000000000      273.000000000090        0.000000000000
  7      414.000000000000       14.000347260752       -1.403383668019        0.000000000000      273.000000000049        0.000000000000
  7      417.000000000000       14.000347260752       -1.268141969232        0.000000000000      273.000000000033        0.000000000000
  7      420.000000000000       14.000347260752       -1.156971817346        0.000000000000      273.000000000031        0.000000000000
  7      423.000000000000       14.000347260752       -1.066776953150        0.000000000000      273.000000000030        0.000000000000
  7      426.000000000000       14.000347260752       -0.993987066952        0.000000000000      273.000000000029        0.000000000000
  7      429.000000000000       14.000347260752       -0.935425219561        0.000000000000      273.000000000029        0.000000000000
  7      432.000000000000       14.000347260752       -0.888378627942        0.000000000000      273.000000000029        0.000000000000
  7      435.000000000000       14.000347260752       -0.850572883474        0.000000000000      273.000000000029        0.000000000000
  7      438.000000000000       14.000347260752       -0.820226142886        0.000000000000      273.000000000029        0.000000000000
  7      441.000000000000       14.000347260752       -0.796127457766        0.000000000000      273.000000000029        0.000000000000
  7      444.000000000000       14.000347260752       -0.777293240272        0.000000000000      273.000000000029        0.000000000000
  7      447.000000000000       14.000347260752       -0.762991523018        0.000000000000      273.000000000029        0.000000000000
  7      450.000000000000       14.000347260752       -0.752658085865        0.000000000000      273.000000000031        0.000000000000
  7      453.000000000000       14.000347260752       -0.745804815580        0.000000000000      273.000000000029        0.000000000000
  7      456.000000000000       14.000347260752       -0.632760523524        0.000000000000      273.000000000028        0.000000000000
  8      198.000000000000        0.533293929916        9.694786076622    48105.347152910246      799.990560436975        0.000000000000
  8      201.000000000000        0.580936288106       17.459317197408   103747.336731336181      799.991397711251       62.625103531385
  8      204.000000000000        0.696115361566       18.676261763698    81493.764466292327      799.991995564157     1672.825558270297
  8      207.000000000000        0.858332719291       19.099203795071    56919.759053110603      799.989349396122    22741.572344301636
  8      210.000000000000        0.933929346613       19.148432133529    50471.736494880766      799.971617405460      266.640008673991
  8      213.000000000000        0.896184271260       16.379021828930    44100.551652332913      799.940722287612       22.445208102577
  8      216.000000000000        0.978525633078       11.138698416844    16518.149861766797      799.918724118403      136.330020178223
  8      219.000000000000        1.666704310903        9.163897848898     2182.014515743583      799.308726233844     2137.294572286232
  8      222.000000000000        2.701234584833       10.997215228830      271.915805745773      701.275542602634     1249.981736421140
  8      225.000000000000        3.719972479906       10.222097670122       22.570379953161      369.942346204380        6.111054730685
  8      228.000000000000        4.465053136186        4.795274154652        1.293726388559      314.658374096375        0.275929246559
  8      231.000000000000        4.685138849008        3.303034885664        0.638835147094      311.616220401658       -0.671944252518
  8      234.000000000000        5.233048341206        3.054044139568        0.190317170608      279.897566539007      -22.624634042325
  8      237.000000000000        5.110046842777        2.783658379544        0.231100805070      280.248983139248       -0.108882725394
  8      240.000000000000        4.942321039630        1.992319971483        0.310529151219      283.217020792799        0.027677149904
  8      243.000000000000        4.940657032808        0.905465051110        0.315023538168      283.770453156832        0.025354310344
  8      246.000000000000        4.954469406100        0.770172160333        0.364976974136      283.591546992586        0.562464685993
  8      249.000000000000        4.907176045602        1.062686629112        0.521623523889      284.923880840702        0.379858772764
  8      252.000000000000        4.819457401284        1.850831362772        0.816413481706      287.611996092469        0.258307234221
  8      255.000000000000        4.665984251284        2.604964362288        1.521802487965      293.266288263948        0.016784519944
  8      258.000000000000        4.699304617697        3.057626656793        1.849831471862      291.339933551086       -0.176622603027
  8      261.000000000000        4.781891559083        3.509539132913        1.754350729481      286.927304675863       -0.058291880660
  8      264.000000000000        4.810268378384        4.324988678726        1.695035832252      285.529150154537       -0.004800236625
  8      267.000000000000        4.794531015218        6.186289945317        1.960050082389      285.997086535955        0.011889226555
  8      270.000000000000        4.768651821764        8.338096183411        2.593966670146      288.078988150865        0.633672945840
  8      273.000000000000        4.692111032597        8.342515186533        3.278469802251      293.918637268424        0.163956294725
  8      276.000000000000        4.583524668052        7.351286595812        3.941001909844      300.031441255374        0.003646012707
  8      279.000000000000        4.573649981230        4.650926984954        2.974970516586      299.658523497213       -0.012905170358
  8      282.000000000000        4.598983052445        2.121605538351        1.752807430260      295.466531370240       -0.034852681500
  8      285.000000000000        4.619509906802        1.463483722450        0.992522549755      293.452527159401       -0.074420927297
  8      288.000000000000        4.624223845112        0.341453664876        0.673736762656      293.796856405155        0.067838702486
  8      291.000000000000        4.635051625738       -0.514099778780        0.678339699887      293.780306282214        0.009165731975
  8      294.000000000000        4.628508746566        0.334209914857        0.684699022982      293.941467397205       -0.580533141984
  8      297.000000000000        4.568153873143        2.064859564772        0.422450863544      295.610607739807       -0.136368730132
  8      300.000000000000        4.484424559240        1.928510061095        0.125603433383      299.694871036549       -0.001671968045
  8      303.000000000000        4.492565314571        4.352699829861        1.184310084732      299.288187588301       -0.000593823679
  8      306.000000000000        4.614789935948        8.321998796204        2.264798762986      292.609064675627       -0.019702478158
  8      309.000000000000        5.111329627331        9.817393897902        0.836455650443      279.205007548280       -0.131535954864
  8      312.000000000000        5.508958618318        9.386749743095        0.279475095147      275.421898379343       -0.015302961025
  8      315.000000000000        5.427953102874        8.304704325434        0.255611037069      275.893993487554       -0.008689941097
  8      318.000000000000        5.636325839140        7.143119572361        0.116640090733      274.727306938091       -0.100959985499
  8      321.000000000000        6.281648646321        6.679175159966        0.023204075766      273.394737845901      -67.093162043788
  8      324.000000000000        6.519971772260        6.778698974910        0.013800406381      273.244854932881        4.498659209044
  8      327.000000000000        6.206809802181        6.921607643084        0.029405580512      273.507526891579        0.787380490021
  8      330.000000000000        5.666704560252        6.544584295266        0.092024758844      274.741925141570        0.117011333313
  8      333.000000000000        5.336092231124        5.459001945879        0.142508431937      276.546521675312        0.032516585833
  8      336.000000000000        5.195703005164        4.915984850945        0.160879785668      277.918145692719        0.032947649171
  8      339.000000000000        5.022833284552        4.856498665137        0.249695722612      280.479708095391        0.031536396817
  8      342.000000000000        4.769088391242        2.732540166774        0.207366550234      286.879006732003        0.033434186277
  8      345.000000000000        4.463911042832       -1.916138776574        0.156679068769      303.702458375241        0.020999455221
  8      348.000000000000        4.345477456802       -6.719467885639        2.904837142723      315.564767762437        0.015974162548
  8      351.000000000000        4.284262618692       -8.433647539365        6.712543856320      323.886507705231        0.040743047976
  8      354.000000000000        4.266208987719       -8.254598297720        9.185103971026      328.064813903612        0.542053365149
  8      357.000000000000        4.247357629098       -7.285426278560       11.093621921413      331.709374178874        0.725366610740
  8      360.000000000000        4.243233941375       -6.346607984928       12.011259696941      332.470386449487       -0.038350898612
  8      363.000000000000        4.295902645712       -4.685977342479       10.198437709615      323.979305409934       -0.024337780806
  8      366.000000000000        4.516343149179       -0.625854557879        5.515944600251      300.028139025383       -0.022988216667
  8      369.000000000000        4.627889657579        3.345086671708        4.130162623980      292.678063115929       -0.231016641388
  8      372.000000000000        4.606123196148        2.965856481608        3.708045011935      294.006666108446        0.016067873922
  8      375.000000000000        4.514260469035        0.421760656266        3.592287053534      300.532641015507        0.016117575442
  8      378.000000000000        4.510953434867       -0.231368942174        3.954750790424      300.240877085471       -7.771601142612
  8      381.000000000000        4.543336153587       -0.099263382088        3.338438215090      296.982302482534       -0.284967728048
  8      384.000000000000        4.561421908432       -0.142339736539        2.982426189044      295.361212964891       -0.407319678837
  8      387.000000000000        4.565093675190       -0.303564561744        3.029099547295      294.973392099865       -0.898549997120
  8      390.000000000000        4.564935192323       -0.529577991342        3.492283927604      294.987097578044        0.014325145256
  8      393.000000000000        4.563367397253       -0.665133789352        4.036425062365      295.067749612097       -0.015059416760
  8      396.000000000000        4.559232704664       -0.667817460227        4.634063526514      295.257351813751       -0.123544649684
  8      399.000000000000        4.549761241554       -0.700735554573        5.184547088698      295.737174526565        0.870619835891
  8      402.000000000000        4.523927433828       -0.517438725686        5.496983370530      297.228152358802        0.273948666106
  8      405.000000000000        4.454130425669       -0.342770709898        6.007614162011      301.978321543410        0.106848832026
  8      408.000000000000        4.368294890933       -0.529359590046        6.195224291731      309.850015116703        0.113871922223
  8      411.000000000000        4.365022934257       -0.521805644402        4.913021618078      310.371240689132       -0.070560276513
  8      414.000000000000        4.437528532922        0.023788796806        3.569477996770      304.149072599484       -0.062483284878
  8      417.000000000000        4.662735626286        0.796029888795        1.895901519884      290.632546843698       -0.287637766766
  8      420.000000000000        4.610310445951        0.586696542959        1.378562321093      293.092469716973        0.111942718734
  8      423.000000000000        4.543052174848        0.424376405683        0.380985626358      297.020449818791       -0.599019227681
  8      426.000000000000        4.772592832944        0.473515173944        0.102699106328      286.548499872025       -0.433420997814
  8      429.000000000000        5.809209376038        0.156578971640        0.008348450689      274.054007635726       -0.952763489088
  8      432.000000000000       14.000347260752       -0.233900522969        0.000000000000      273.000000455432        0.000000000000
  8      435.000000000000       14.000347260752       -0.500689510989        0.000000000000      273.000000008240        0.000000000000
  8      438.000000000000       14.000347260752       -0.587485613287        0.000000000000      273.000000003799        0.000000000000
  8      441.000000000000       14.000347260752       -0.597385709581        0.000000000000      273.000000001079        0.000000000000
  8      444.000000000000       14.000347260752       -0.581197091535        0.000000000000      273.000000000224        0.000000000000
  8      447.000000000000       14.000347260752       -0.556923241794        0.000000000000      273.000000000057        0.000000000000
  8      450.000000000000       14.000347260752       -0.533487961584        0.000000000000      273.000000000036        0.000000000000
  8      453.000000000000       14.000347260752       -0.516022738872        0.000000000000      273.000000000035        0.000000000000
  8      456.000000000000       14.000347260752       -0.377816643409        0.000000000000      273.000000000035        0.000000000000
