!------------------------------------------------------------!
  Date: 20191011
  Simulation name: BVY4 
  Filename:slice_halfl.txt                                                                                                                                       
  Produced in mod-subroutine:  column.mod/slice                                                                                                                                      
  Written by AK September 2019
  Description:Veritcal column at x300_z555                                                                                                                          
  Data format: t  YYY  EPP   U_G   DPU   T_G   Ri                                                                                                                   
!------------------------------------------------------------!
  1      198.000000000000       14.000347260752        0.000000000000        0.000000000000      273.000000000000        0.000000000000
  1      201.000000000000       14.000347260752        0.000000000000        0.000000000000      273.000000000000        0.000000000000
  1      204.000000000000       14.000347260752        0.000000000000        0.000000000000      273.000000000000        0.000000000000
  1      207.000000000000       14.000347260752        0.000000000000        0.000000000000      273.000000000000        0.000000000000
  1      210.000000000000       14.000347260752        0.000000000000        0.000000000000      273.000000000000        0.000000000000
  1      213.000000000000       14.000347260752        0.000000000000        0.000000000000      273.000000000000        0.000000000000
  1      216.000000000000       14.000347260752        0.000000000000        0.000000000000      273.000000000000        0.000000000000
  1      219.000000000000       14.000347260752        0.000000000000        0.000000000000      273.000000000000        0.000000000000
  1      222.000000000000       14.000347260752        0.000000000000        0.000000000000      273.000000000000        0.000000000000
  1      225.000000000000       14.000347260752        0.000000000000        0.000000000000      273.000000000000        0.000000000000
  1      228.000000000000       14.000347260752        0.000000000000        0.000000000000      273.000000000000        0.000000000000
  1      231.000000000000       14.000347260752        0.000000000000        0.000000000000      273.000000000000        0.000000000000
  1      234.000000000000       14.000347260752        0.000000000000        0.000000000000      273.000000000000        0.000000000000
  1      237.000000000000       14.000347260752        0.000000000000        0.000000000000      273.000000000000        0.000000000000
  1      240.000000000000       14.000347260752        0.000000000000        0.000000000000      273.000000000000        0.000000000000
  1      243.000000000000       14.000347260752        0.000000000000        0.000000000000      273.000000000000        0.000000000000
  1      246.000000000000       14.000347260752        0.000000000000        0.000000000000      273.000000000000        0.000000000000
  1      249.000000000000       14.000347260752        0.000000000000        0.000000000000      273.000000000000        0.000000000000
  1      252.000000000000       14.000347260752        0.000000000000        0.000000000000      273.000000000000        0.000000000000
  1      255.000000000000       14.000347260752        0.000000000000        0.000000000000      273.000000000000        0.000000000000
  1      258.000000000000       14.000347260752        0.000000000000        0.000000000000      273.000000000000        0.000000000000
  1      261.000000000000       14.000347260752        0.000000000000        0.000000000000      273.000000000000        0.000000000000
  1      264.000000000000       14.000347260752        0.000000000000        0.000000000000      273.000000000000        0.000000000000
  1      267.000000000000       14.000347260752        0.000000000000        0.000000000000      273.000000000000        0.000000000000
  1      270.000000000000       14.000347260752        0.000000000000        0.000000000000      273.000000000000        0.000000000000
  1      273.000000000000       14.000347260752        0.000000000000        0.000000000000      273.000000000000        0.000000000000
  1      276.000000000000       14.000347260752        0.000000000000        0.000000000000      273.000000000000        0.000000000000
  1      279.000000000000       14.000347260752        0.000000000000        0.000000000000      273.000000000000        0.000000000000
  1      282.000000000000       14.000347260752        0.000000000000        0.000000000000      273.000000000000        0.000000000000
  1      285.000000000000       14.000347260752        0.000000000000        0.000000000000      273.000000000000        0.000000000000
  1      288.000000000000       14.000347260752        0.000000000000        0.000000000000      273.000000000000        0.000000000000
  1      291.000000000000       14.000347260752        0.000000000000        0.000000000000      273.000000000000        0.000000000000
  1      294.000000000000       14.000347260752        0.000000000000        0.000000000000      273.000000000000        0.000000000000
  1      297.000000000000       14.000347260752        0.000000000000        0.000000000000      273.000000000000        0.000000000000
  1      300.000000000000       14.000347260752        0.000000000000        0.000000000000      273.000000000000        0.000000000000
  1      303.000000000000       14.000347260752        0.000000000000        0.000000000000      273.000000000000        0.000000000000
  1      306.000000000000       14.000347260752        0.000000000000        0.000000000000      273.000000000000        0.000000000000
  1      309.000000000000       14.000347260752        0.000000000000        0.000000000000      273.000000000000        0.000000000000
  1      312.000000000000       14.000347260752        0.000000000000        0.000000000000      273.000000000000        0.000000000000
  1      315.000000000000       14.000347260752        0.000000000000        0.000000000000      273.000000000000        0.000000000000
  1      318.000000000000       14.000347260752        0.000000000000        0.000000000000      273.000000000000        0.000000000000
  1      321.000000000000       14.000347260752        0.000000000000        0.000000000000      273.000000000000        0.000000000000
  1      324.000000000000       14.000347260752        0.000000000000        0.000000000000      273.000000000000        0.000000000000
  1      327.000000000000       14.000347260752        0.000000000000        0.000000000000      273.000000000000        0.000000000000
  1      330.000000000000       14.000347260752        0.000000000000        0.000000000000      273.000000000000        0.000000000000
  1      333.000000000000       14.000347260752        0.000000000000        0.000000000000      273.000000000000        0.000000000000
  1      336.000000000000       14.000347260752        0.000000000000        0.000000000000      273.000000000000        0.000000000000
  1      339.000000000000       14.000347260752        0.000000000000        0.000000000000      273.000000000000        0.000000000000
  1      342.000000000000       14.000347260752        0.000000000000        0.000000000000      273.000000000000        0.000000000000
  1      345.000000000000       14.000347260752        0.000000000000        0.000000000000      273.000000000000        0.000000000000
  1      348.000000000000       14.000347260752        0.000000000000        0.000000000000      273.000000000000        0.000000000000
  1      351.000000000000       14.000347260752        0.000000000000        0.000000000000      273.000000000000        0.000000000000
  1      354.000000000000       14.000347260752        0.000000000000        0.000000000000      273.000000000000        0.000000000000
  1      357.000000000000       14.000347260752        0.000000000000        0.000000000000      273.000000000000        0.000000000000
  1      360.000000000000       14.000347260752        0.000000000000        0.000000000000      273.000000000000        0.000000000000
  1      363.000000000000       14.000347260752        0.000000000000        0.000000000000      273.000000000000        0.000000000000
  1      366.000000000000       14.000347260752        0.000000000000        0.000000000000      273.000000000000        0.000000000000
  1      369.000000000000       14.000347260752        0.000000000000        0.000000000000      273.000000000000        0.000000000000
  1      372.000000000000       14.000347260752        0.000000000000        0.000000000000      273.000000000000        0.000000000000
  1      375.000000000000       14.000347260752        0.000000000000        0.000000000000      273.000000000000        0.000000000000
  1      378.000000000000       14.000347260752        0.000000000000        0.000000000000      273.000000000000        0.000000000000
  1      381.000000000000       14.000347260752        0.000000000000        0.000000000000      273.000000000000        0.000000000000
  1      384.000000000000       14.000347260752        0.000000000000        0.000000000000      273.000000000000        0.000000000000
  1      387.000000000000       14.000347260752        0.000000000000        0.000000000000      273.000000000000        0.000000000000
  1      390.000000000000       14.000347260752        0.000000000000        0.000000000000      273.000000000000        0.000000000000
  1      393.000000000000       14.000347260752        0.000000000000        0.000000000000      273.000000000000        0.000000000000
  1      396.000000000000       14.000347260752        0.000000000000        0.000000000000      273.000000000000        0.000000000000
  1      399.000000000000       14.000347260752        0.000000000000        0.000000000000      273.000000000000        0.000000000000
  1      402.000000000000       14.000347260752        0.000000000000        0.000000000000      273.000000000000        0.000000000000
  1      405.000000000000       14.000347260752        0.000000000000        0.000000000000      273.000000000000        0.000000000000
  1      408.000000000000       14.000347260752        0.000000000000        0.000000000000      273.000000000000        0.000000000000
  1      411.000000000000       14.000347260752        0.000000000000        0.000000000000      273.000000000000        0.000000000000
  1      414.000000000000       14.000347260752        0.000000000000        0.000000000000      273.000000000000        0.000000000000
  1      417.000000000000       14.000347260752        0.000000000000        0.000000000000      273.000000000000        0.000000000000
  1      420.000000000000       14.000347260752        0.000000000000        0.000000000000      273.000000000000        0.000000000000
  1      423.000000000000       14.000347260752        0.000000000000        0.000000000000      273.000000000000        0.000000000000
  1      426.000000000000       14.000347260752        0.000000000000        0.000000000000      273.000000000000        0.000000000000
  1      429.000000000000       14.000347260752        0.000000000000        0.000000000000      273.000000000000        0.000000000000
  1      432.000000000000       14.000347260752        0.000000000000        0.000000000000      273.000000000000        0.000000000000
  1      435.000000000000       14.000347260752        0.000000000000        0.000000000000      273.000000000000        0.000000000000
  1      438.000000000000       14.000347260752        0.000000000000        0.000000000000      273.000000000000        0.000000000000
  1      441.000000000000       14.000347260752        0.000000000000        0.000000000000      273.000000000000        0.000000000000
  1      444.000000000000       14.000347260752        0.000000000000        0.000000000000      273.000000000000        0.000000000000
  1      447.000000000000       14.000347260752        0.000000000000        0.000000000000      273.000000000000        0.000000000000
  1      450.000000000000       14.000347260752        0.000000000000        0.000000000000      273.000000000000        0.000000000000
  1      453.000000000000       14.000347260752        0.000000000000        0.000000000000      273.000000000000        0.000000000000
  1      456.000000000000       14.000347260752        0.000000000000        0.000000000000      273.000000000000        0.000000000000
  2      198.000000000000       14.000347260752       -0.243347161731        0.000000000000      272.997877418164        0.000000000000
  2      201.000000000000       14.000347260752       -0.235584911362        0.000000000000      272.999974010532        0.000000000000
  2      204.000000000000       14.000347260752       -0.224166196690        0.000000000000      272.999999336867        0.000000000000
  2      207.000000000000       14.000347260752       -0.223338839843        0.000000000000      272.999999975721        0.000000000000
  2      210.000000000000       14.000347260752       -0.227652621458        0.000000000000      272.999999998934        0.000000000000
  2      213.000000000000       14.000347260752       -0.237369356857        0.000000000000      272.999999999954        0.000000000000
  2      216.000000000000       14.000347260752       -0.253587189087        0.000000000000      272.999999999942        0.000000000000
  2      219.000000000000       14.000347260752       -0.287211313473        0.000000000000      272.999999997828        0.000000000000
  2      222.000000000000       14.000347260752       -0.313502151493        0.000000000000      272.999999999566        0.000000000000
  2      225.000000000000       14.000347260752       -0.318395195281        0.000000000000      272.999999999909        0.000000000000
  2      228.000000000000       14.000347260752       -0.317890181365        0.000000000000      272.999999999994        0.000000000000
  2      231.000000000000       14.000347260752       -0.316850660874        0.000000000000      273.000000000005        0.000000000000
  2      234.000000000000       14.000347260752       -0.316872340386        0.000000000000      273.000000000006        0.000000000000
  2      237.000000000000       14.000347260752       -0.318549756669        0.000000000000      273.000000000007        0.000000000000
  2      240.000000000000       14.000347260752       -0.321097172107        0.000000000000      273.000000000006        0.000000000000
  2      243.000000000000       14.000347260752       -0.323965857969        0.000000000000      273.000000000005        0.000000000000
  2      246.000000000000       14.000347260752       -0.327063889978        0.000000000000      273.000000000007        0.000000000000
  2      249.000000000000       14.000347260752       -0.330435369331        0.000000000000      273.000000000006        0.000000000000
  2      252.000000000000       14.000347260752       -0.333988229628        0.000000000000      273.000000000007        0.000000000000
  2      255.000000000000       14.000347260752       -0.337672555018        0.000000000000      273.000000000007        0.000000000000
  2      258.000000000000       14.000347260752       -0.341499212562        0.000000000000      273.000000000006        0.000000000000
  2      261.000000000000       14.000347260752       -0.345471537128        0.000000000000      273.000000000006        0.000000000000
  2      264.000000000000       14.000347260752       -0.349575782238        0.000000000000      273.000000000008        0.000000000000
  2      267.000000000000       14.000347260752       -0.353812378686        0.000000000000      273.000000000006        0.000000000000
  2      270.000000000000       14.000347260752       -0.358188050154        0.000000000000      273.000000000006        0.000000000000
  2      273.000000000000       14.000347260752       -0.362681799128        0.000000000000      273.000000000006        0.000000000000
  2      276.000000000000       14.000347260752       -0.367293413729        0.000000000000      273.000000000006        0.000000000000
  2      279.000000000000       14.000347260752       -0.372001073523        0.000000000000      273.000000000007        0.000000000000
  2      282.000000000000       14.000347260752       -0.376691047050        0.000000000000      273.000000000007        0.000000000000
  2      285.000000000000       14.000347260752       -0.381416557179        0.000000000000      273.000000000006        0.000000000000
  2      288.000000000000       14.000347260752       -0.386288934294        0.000000000000      273.000000000006        0.000000000000
  2      291.000000000000       14.000347260752       -0.391234765601        0.000000000000      273.000000000004        0.000000000000
  2      294.000000000000       14.000347260752       -0.396155099376        0.000000000000      273.000000000005        0.000000000000
  2      297.000000000000       14.000347260752       -0.401049273989        0.000000000000      273.000000000006        0.000000000000
  2      300.000000000000       14.000347260752       -0.405955874727        0.000000000000      273.000000000005        0.000000000000
  2      303.000000000000       14.000347260752       -0.410853337787        0.000000000000      273.000000000006        0.000000000000
  2      306.000000000000       14.000347260752       -0.415709752825        0.000000000000      273.000000000005        0.000000000000
  2      309.000000000000       14.000347260752       -0.420514994209        0.000000000000      273.000000000006        0.000000000000
  2      312.000000000000       14.000347260752       -0.425262668813        0.000000000000      273.000000000006        0.000000000000
  2      315.000000000000       14.000347260752       -0.429938823376        0.000000000000      273.000000000005        0.000000000000
  2      318.000000000000       14.000347260752       -0.434525790748        0.000000000000      273.000000000006        0.000000000000
  2      321.000000000000       14.000347260752       -0.439008234926        0.000000000000      273.000000000005        0.000000000000
  2      324.000000000000       14.000347260752       -0.443379585378        0.000000000000      273.000000000006        0.000000000000
  2      327.000000000000       14.000347260752       -0.447629629161        0.000000000000      273.000000000006        0.000000000000
  2      330.000000000000       14.000347260752       -0.451778983459        0.000000000000      273.000000000005        0.000000000000
  2      333.000000000000       14.000347260752       -0.455779764856        0.000000000000      273.000000000006        0.000000000000
  2      336.000000000000       14.000347260752       -0.459689604975        0.000000000000      273.000000000006        0.000000000000
  2      339.000000000000       14.000347260752       -0.463452233733        0.000000000000      273.000000000006        0.000000000000
  2      342.000000000000       14.000347260752       -0.467073550421        0.000000000000      273.000000000006        0.000000000000
  2      345.000000000000       14.000347260752       -0.470548250048        0.000000000000      273.000000000006        0.000000000000
  2      348.000000000000       14.000347260752       -0.473877454248        0.000000000000      273.000000000005        0.000000000000
  2      351.000000000000       14.000347260752       -0.477060128376        0.000000000000      273.000000000006        0.000000000000
  2      354.000000000000       14.000347260752       -0.480103949762        0.000000000000      273.000000000005        0.000000000000
  2      357.000000000000       14.000347260752       -0.483007782126        0.000000000000      273.000000000006        0.000000000000
  2      360.000000000000       14.000347260752       -0.485767931037        0.000000000000      273.000000000006        0.000000000000
  2      363.000000000000       14.000347260752       -0.488391403920        0.000000000000      273.000000000006        0.000000000000
  2      366.000000000000       14.000347260752       -0.490869866849        0.000000000000      273.000000000007        0.000000000000
  2      369.000000000000       14.000347260752       -0.493191012729        0.000000000000      273.000000000006        0.000000000000
  2      372.000000000000       14.000347260752       -0.495406474414        0.000000000000      273.000000000006        0.000000000000
  2      375.000000000000       14.000347260752       -0.497504112545        0.000000000000      273.000000000006        0.000000000000
  2      378.000000000000       14.000347260752       -0.499458899474        0.000000000000      273.000000000005        0.000000000000
  2      381.000000000000       14.000347260752       -0.501290951755        0.000000000000      273.000000000006        0.000000000000
  2      384.000000000000       14.000347260752       -0.503003184545        0.000000000000      273.000000000006        0.000000000000
  2      387.000000000000       14.000347260752       -0.504608502850        0.000000000000      273.000000000005        0.000000000000
  2      390.000000000000       14.000347260752       -0.506081168546        0.000000000000      273.000000000006        0.000000000000
  2      393.000000000000       14.000347260752       -0.507432289213        0.000000000000      273.000000000006        0.000000000000
  2      396.000000000000       14.000347260752       -0.508692390220        0.000000000000      273.000000000006        0.000000000000
  2      399.000000000000       14.000347260752       -0.509821515305        0.000000000000      273.000000000006        0.000000000000
  2      402.000000000000       14.000347260752       -0.510869286377        0.000000000000      273.000000000006        0.000000000000
  2      405.000000000000       14.000347260752       -0.511825816549        0.000000000000      273.000000000005        0.000000000000
  2      408.000000000000       14.000347260752       -0.512689172164        0.000000000000      273.000000000005        0.000000000000
  2      411.000000000000       14.000347260752       -0.513462849444        0.000000000000      273.000000000006        0.000000000000
  2      414.000000000000       14.000347260752       -0.514160025172        0.000000000000      273.000000000005        0.000000000000
  2      417.000000000000       14.000347260752       -0.514778311174        0.000000000000      273.000000000006        0.000000000000
  2      420.000000000000       14.000347260752       -0.515319943449        0.000000000000      273.000000000005        0.000000000000
  2      423.000000000000       14.000347260752       -0.515792895712        0.000000000000      273.000000000006        0.000000000000
  2      426.000000000000       14.000347260752       -0.516205140893        0.000000000000      273.000000000005        0.000000000000
  2      429.000000000000       14.000347260752       -0.516555863289        0.000000000000      273.000000000006        0.000000000000
  2      432.000000000000       14.000347260752       -0.516854925852        0.000000000000      273.000000000006        0.000000000000
  2      435.000000000000       14.000347260752       -0.517107322911        0.000000000000      273.000000000007        0.000000000000
  2      438.000000000000       14.000347260752       -0.517314356861        0.000000000000      273.000000000006        0.000000000000
  2      441.000000000000       14.000347260752       -0.517477570541        0.000000000000      273.000000000006        0.000000000000
  2      444.000000000000       14.000347260752       -0.517610833797        0.000000000000      273.000000000005        0.000000000000
  2      447.000000000000       14.000347260752       -0.517713669575        0.000000000000      273.000000000007        0.000000000000
  2      450.000000000000       14.000347260752       -0.517773924477        0.000000000000      273.000000000006        0.000000000000
  2      453.000000000000       14.000347260752       -0.518140143080        0.000000000000      273.000000000007        0.000000000000
  2      456.000000000000       14.000347260752       -0.539617550565        0.000000000000      273.000000000005        0.000000000000
  3      198.000000000000       14.000347260752        3.642618004075        0.000000000000      272.996137398944        0.000000000000
  3      201.000000000000       14.000347260752        3.974762181620        0.000000000000      272.999251031674        0.000000000000
  3      204.000000000000       14.000347260752        4.156698064994        0.000000000000      272.999920422823        0.000000000000
  3      207.000000000000       14.000347260752        4.327714021253        0.000000000000      272.999987950046        0.000000000000
  3      210.000000000000       14.000347260752        4.536672697334        0.000000000000      272.999997765956        0.000000000000
  3      213.000000000000       14.000347260752        4.803122414895        0.000000000000      272.999999531490        0.000000000000
  3      216.000000000000       14.000347260752        5.189261136271        0.000000000000      272.999999895446        0.000000000000
  3      219.000000000000       14.000347260752        5.498238164163        0.000000000000      272.999999976504        0.000000000000
  3      222.000000000000       14.000347260752        5.779187765266        0.000000000000      272.999999994881        0.000000000000
  3      225.000000000000       14.000347260752        5.811809616566        0.000000000000      272.999999998953        0.000000000000
  3      228.000000000000       14.000347260752        5.715414971887        0.000000000000      272.999999999802        0.000000000000
  3      231.000000000000       14.000347260752        5.520436696460        0.000000000000      272.999999999970        0.000000000000
  3      234.000000000000       14.000347260752        5.282769724532        0.000000000000      273.000000000003        0.000000000000
  3      237.000000000000       14.000347260752        5.021627567145        0.000000000000      273.000000000010        0.000000000000
  3      240.000000000000       14.000347260752        4.758038357598        0.000000000000      273.000000000011        0.000000000000
  3      243.000000000000       14.000347260752        4.499715428805        0.000000000000      273.000000000012        0.000000000000
  3      246.000000000000       14.000347260752        4.251119543788        0.000000000000      273.000000000012        0.000000000000
  3      249.000000000000       14.000347260752        4.015070612812        0.000000000000      273.000000000012        0.000000000000
  3      252.000000000000       14.000347260752        3.792787449329        0.000000000000      273.000000000012        0.000000000000
  3      255.000000000000       14.000347260752        3.584411801096        0.000000000000      273.000000000011        0.000000000000
  3      258.000000000000       14.000347260752        3.389485473677        0.000000000000      273.000000000012        0.000000000000
  3      261.000000000000       14.000347260752        3.207225264937        0.000000000000      273.000000000012        0.000000000000
  3      264.000000000000       14.000347260752        3.036798857726        0.000000000000      273.000000000012        0.000000000000
  3      267.000000000000       14.000347260752        2.877614926771        0.000000000000      273.000000000011        0.000000000000
  3      270.000000000000       14.000347260752        2.729168498982        0.000000000000      273.000000000011        0.000000000000
  3      273.000000000000       14.000347260752        2.590474122160        0.000000000000      273.000000000011        0.000000000000
  3      276.000000000000       14.000347260752        2.460723483492        0.000000000000      273.000000000011        0.000000000000
  3      279.000000000000       14.000347260752        2.339542418909        0.000000000000      273.000000000011        0.000000000000
  3      282.000000000000       14.000347260752        2.226377922853        0.000000000000      273.000000000012        0.000000000000
  3      285.000000000000       14.000347260752        2.120641777887        0.000000000000      273.000000000012        0.000000000000
  3      288.000000000000       14.000347260752        2.021834484928        0.000000000000      273.000000000012        0.000000000000
  3      291.000000000000       14.000347260752        1.929485825231        0.000000000000      273.000000000012        0.000000000000
  3      294.000000000000       14.000347260752        1.843181414524        0.000000000000      273.000000000012        0.000000000000
  3      297.000000000000       14.000347260752        1.762582593947        0.000000000000      273.000000000011        0.000000000000
  3      300.000000000000       14.000347260752        1.687335759632        0.000000000000      273.000000000011        0.000000000000
  3      303.000000000000       14.000347260752        1.617076252994        0.000000000000      273.000000000011        0.000000000000
  3      306.000000000000       14.000347260752        1.551443275912        0.000000000000      273.000000000011        0.000000000000
  3      309.000000000000       14.000347260752        1.490118244834        0.000000000000      273.000000000011        0.000000000000
  3      312.000000000000       14.000347260752        1.432810920814        0.000000000000      273.000000000012        0.000000000000
  3      315.000000000000       14.000347260752        1.379244090677        0.000000000000      273.000000000012        0.000000000000
  3      318.000000000000       14.000347260752        1.329159073468        0.000000000000      273.000000000011        0.000000000000
  3      321.000000000000       14.000347260752        1.282319343368        0.000000000000      273.000000000010        0.000000000000
  3      324.000000000000       14.000347260752        1.238510712043        0.000000000000      273.000000000010        0.000000000000
  3      327.000000000000       14.000347260752        1.197535214412        0.000000000000      273.000000000011        0.000000000000
  3      330.000000000000       14.000347260752        1.159203326233        0.000000000000      273.000000000011        0.000000000000
  3      333.000000000000       14.000347260752        1.123344068668        0.000000000000      273.000000000011        0.000000000000
  3      336.000000000000       14.000347260752        1.089795822880        0.000000000000      273.000000000011        0.000000000000
  3      339.000000000000       14.000347260752        1.058407887501        0.000000000000      273.000000000011        0.000000000000
  3      342.000000000000       14.000347260752        1.029054041090        0.000000000000      273.000000000011        0.000000000000
  3      345.000000000000       14.000347260752        1.001621234075        0.000000000000      273.000000000011        0.000000000000
  3      348.000000000000       14.000347260752        0.975994809020        0.000000000000      273.000000000011        0.000000000000
  3      351.000000000000       14.000347260752        0.952059220291        0.000000000000      273.000000000011        0.000000000000
  3      354.000000000000       14.000347260752        0.929701139266        0.000000000000      273.000000000012        0.000000000000
  3      357.000000000000       14.000347260752        0.908813199718        0.000000000000      273.000000000011        0.000000000000
  3      360.000000000000       14.000347260752        0.889297274215        0.000000000000      273.000000000012        0.000000000000
  3      363.000000000000       14.000347260752        0.871060109256        0.000000000000      273.000000000011        0.000000000000
  3      366.000000000000       14.000347260752        0.854011442661        0.000000000000      273.000000000012        0.000000000000
  3      369.000000000000       14.000347260752        0.838073268164        0.000000000000      273.000000000011        0.000000000000
  3      372.000000000000       14.000347260752        0.823172939517        0.000000000000      273.000000000012        0.000000000000
  3      375.000000000000       14.000347260752        0.809219965054        0.000000000000      273.000000000011        0.000000000000
  3      378.000000000000       14.000347260752        0.796141368726        0.000000000000      273.000000000011        0.000000000000
  3      381.000000000000       14.000347260752        0.783889889161        0.000000000000      273.000000000011        0.000000000000
  3      384.000000000000       14.000347260752        0.772419527556        0.000000000000      273.000000000011        0.000000000000
  3      387.000000000000       14.000347260752        0.761672334359        0.000000000000      273.000000000010        0.000000000000
  3      390.000000000000       14.000347260752        0.751600386307        0.000000000000      273.000000000011        0.000000000000
  3      393.000000000000       14.000347260752        0.742182118324        0.000000000000      273.000000000011        0.000000000000
  3      396.000000000000       14.000347260752        0.733382129035        0.000000000000      273.000000000012        0.000000000000
  3      399.000000000000       14.000347260752        0.725179084629        0.000000000000      273.000000000011        0.000000000000
  3      402.000000000000       14.000347260752        0.717528899147        0.000000000000      273.000000000011        0.000000000000
  3      405.000000000000       14.000347260752        0.710401333071        0.000000000000      273.000000000011        0.000000000000
  3      408.000000000000       14.000347260752        0.703790844691        0.000000000000      273.000000000011        0.000000000000
  3      411.000000000000       14.000347260752        0.697687622077        0.000000000000      273.000000000010        0.000000000000
  3      414.000000000000       14.000347260752        0.692063274387        0.000000000000      273.000000000010        0.000000000000
  3      417.000000000000       14.000347260752        0.686896346135        0.000000000000      273.000000000011        0.000000000000
  3      420.000000000000       14.000347260752        0.682177295402        0.000000000000      273.000000000011        0.000000000000
  3      423.000000000000       14.000347260752        0.677895802265        0.000000000000      273.000000000011        0.000000000000
  3      426.000000000000       14.000347260752        0.674030202236        0.000000000000      273.000000000011        0.000000000000
  3      429.000000000000       14.000347260752        0.670569464466        0.000000000000      273.000000000011        0.000000000000
  3      432.000000000000       14.000347260752        0.667499492046        0.000000000000      273.000000000011        0.000000000000
  3      435.000000000000       14.000347260752        0.664808740021        0.000000000000      273.000000000012        0.000000000000
  3      438.000000000000       14.000347260752        0.662485152043        0.000000000000      273.000000000011        0.000000000000
  3      441.000000000000       14.000347260752        0.660518913614        0.000000000000      273.000000000011        0.000000000000
  3      444.000000000000       14.000347260752        0.658895008875        0.000000000000      273.000000000010        0.000000000000
  3      447.000000000000       14.000347260752        0.657607395007        0.000000000000      273.000000000012        0.000000000000
  3      450.000000000000       14.000347260752        0.656665509101        0.000000000000      273.000000000011        0.000000000000
  3      453.000000000000       14.000347260752        0.655646580875        0.000000000000      273.000000000011        0.000000000000
  3      456.000000000000       14.000347260752        0.612237910255        0.000000000000      273.000000000010        0.000000000000
  4      198.000000000000        2.830961799411       -2.973986112192      212.679155405937      750.415932822965        0.000000000000
  4      201.000000000000        2.026337838349       18.244904607676     3777.981486359227      792.884469930942       -1.204225500848
  4      204.000000000000        1.805568770780       26.693296227255    11728.592243409352      798.863789715448       -3.359591785554
  4      207.000000000000        1.844830195677       29.873940699085    13262.911736501845      799.266704399742      103.975440511489
  4      210.000000000000        2.019671628905       29.056785887977     8763.573554032300      794.342214642462      110.805405313649
  4      213.000000000000        2.336271907337       27.047658672050     4012.545233970630      767.717075245502       10.962389808265
  4      216.000000000000        2.765098784316       22.979062064065     1269.318591613802      733.451056397835        3.949719681150
  4      219.000000000000        2.946758162607       20.234575018374      780.659786404512      706.370062818423        4.203685357710
  4      222.000000000000        3.029930688042       19.126925749750      696.187816877760      691.318340124116       31.660213225144
  4      225.000000000000        3.086007429291       19.011656554739      677.671533115882      687.474539018109       16.680375942964
  4      228.000000000000        3.091101549817       18.865541925065      677.651924721579      689.421286320826       -1.797937339053
  4      231.000000000000        3.063206691675       18.416471604599      663.158323175028      691.653086267836       -7.156782655873
  4      234.000000000000        3.013325124214       18.212224472450      665.403926734693      696.856919733836      -14.315755114431
  4      237.000000000000        3.023442071887       18.429099273563      590.044962216425      696.622252470024       75.720144934993
  4      240.000000000000        3.127188154484       18.559394679035      401.785698281511      683.746318396812     2659.004317157270
  4      243.000000000000        3.332441182642       18.219964507347      211.975913851640      640.841968542676       26.582437873979
  4      246.000000000000        3.507379211938       18.456021391982      133.264845949775      584.678052664242        4.370144607374
  4      249.000000000000        3.603453201838       19.386906613714      112.788244599750      536.628262513332   170096.226574201544
  4      252.000000000000        3.664232299190       18.665621611321       88.147188436841      480.839810202048        0.080368921479
  4      255.000000000000        3.905929399403       12.967550975300       26.177427227427      372.933469119155        0.022237365974
  4      258.000000000000        4.794841289377        5.850845265006        1.032242207978      279.781025581444        0.022661818730
  4      261.000000000000       14.000347260752        4.645538003771        0.000000000000      272.999996304351        0.000000000000
  4      264.000000000000       14.000347260752        4.287940676701        0.000000000000      272.999996514194        0.000000000000
  4      267.000000000000       14.000347260752        3.686464827070        0.000000000000      272.999997673682        0.000000000000
  4      270.000000000000       14.000347260752        2.875447760780        0.000000000000      272.999998599681        0.000000000000
  4      273.000000000000       14.000347260752        2.023070857095        0.000000000000      272.999999189941        0.000000000000
  4      276.000000000000       14.000347260752        1.186447154914        0.000000000000      272.999999543892        0.000000000000
  4      279.000000000000       14.000347260752        0.413985933920        0.000000000000      272.999999752635        0.000000000000
  4      282.000000000000       14.000347260752       -0.219430494634        0.000000000000      272.999999873281        0.000000000000
  4      285.000000000000       14.000347260752       -0.682135259751        0.000000000000      272.999999940157        0.000000000000
  4      288.000000000000       14.000347260752       -0.990451746283        0.000000000000      272.999999974274        0.000000000000
  4      291.000000000000       14.000347260752       -1.178130533057        0.000000000000      272.999999990036        0.000000000000
  4      294.000000000000       14.000347260752       -1.273747350816        0.000000000000      272.999999996551        0.000000000000
  4      297.000000000000       14.000347260752       -1.299663320229        0.000000000000      272.999999998943        0.000000000000
  4      300.000000000000       14.000347260752       -1.279001858215        0.000000000000      272.999999999720        0.000000000000
  4      303.000000000000       14.000347260752       -1.224241889876        0.000000000000      272.999999999944        0.000000000000
  4      306.000000000000       14.000347260752       -1.150523412754        0.000000000000      273.000000000001        0.000000000000
  4      309.000000000000       14.000347260752       -1.067899095444        0.000000000000      273.000000000013        0.000000000000
  4      312.000000000000       14.000347260752       -0.981335252318        0.000000000000      273.000000000016        0.000000000000
  4      315.000000000000       14.000347260752       -0.895306178991        0.000000000000      273.000000000017        0.000000000000
  4      318.000000000000       14.000347260752       -0.812292797293        0.000000000000      273.000000000017        0.000000000000
  4      321.000000000000       14.000347260752       -0.733609329688        0.000000000000      273.000000000017        0.000000000000
  4      324.000000000000       14.000347260752       -0.659860631118        0.000000000000      273.000000000017        0.000000000000
  4      327.000000000000       14.000347260752       -0.591216294191        0.000000000000      273.000000000016        0.000000000000
  4      330.000000000000       14.000347260752       -0.527582222414        0.000000000000      273.000000000016        0.000000000000
  4      333.000000000000       14.000347260752       -0.468734095010        0.000000000000      273.000000000016        0.000000000000
  4      336.000000000000       14.000347260752       -0.414389785903        0.000000000000      273.000000000017        0.000000000000
  4      339.000000000000       14.000347260752       -0.364220789274        0.000000000000      273.000000000017        0.000000000000
  4      342.000000000000       14.000347260752       -0.317887978482        0.000000000000      273.000000000016        0.000000000000
  4      345.000000000000       14.000347260752       -0.275069378244        0.000000000000      273.000000000017        0.000000000000
  4      348.000000000000       14.000347260752       -0.235467524008        0.000000000000      273.000000000017        0.000000000000
  4      351.000000000000       14.000347260752       -0.198807160057        0.000000000000      273.000000000016        0.000000000000
  4      354.000000000000       14.000347260752       -0.164841698111        0.000000000000      273.000000000016        0.000000000000
  4      357.000000000000       14.000347260752       -0.133355280323        0.000000000000      273.000000000016        0.000000000000
  4      360.000000000000       14.000347260752       -0.104152261517        0.000000000000      273.000000000016        0.000000000000
  4      363.000000000000       14.000347260752       -0.077050222775        0.000000000000      273.000000000017        0.000000000000
  4      366.000000000000       14.000347260752       -0.051882730173        0.000000000000      273.000000000017        0.000000000000
  4      369.000000000000       14.000347260752       -0.028493855115        0.000000000000      273.000000000016        0.000000000000
  4      372.000000000000       14.000347260752       -0.006738460025        0.000000000000      273.000000000016        0.000000000000
  4      375.000000000000       14.000347260752        0.013510506029        0.000000000000      273.000000000016        0.000000000000
  4      378.000000000000       14.000347260752        0.032365850417        0.000000000000      273.000000000016        0.000000000000
  4      381.000000000000       14.000347260752        0.049937482730        0.000000000000      273.000000000015        0.000000000000
  4      384.000000000000       14.000347260752        0.066334185219        0.000000000000      273.000000000016        0.000000000000
  4      387.000000000000       14.000347260752        0.081652738267        0.000000000000      273.000000000017        0.000000000000
  4      390.000000000000       14.000347260752        0.095973529366        0.000000000000      273.000000000016        0.000000000000
  4      393.000000000000       14.000347260752        0.109371691792        0.000000000000      273.000000000016        0.000000000000
  4      396.000000000000       14.000347260752        0.121916468990        0.000000000000      273.000000000016        0.000000000000
  4      399.000000000000       14.000347260752        0.133669549683        0.000000000000      273.000000000017        0.000000000000
  4      402.000000000000       14.000347260752        0.144678948606        0.000000000000      273.000000000016        0.000000000000
  4      405.000000000000       14.000347260752        0.154977121218        0.000000000000      273.000000000017        0.000000000000
  4      408.000000000000       14.000347260752        0.164594410438        0.000000000000      273.000000000016        0.000000000000
  4      411.000000000000       14.000347260752        0.173565080806        0.000000000000      273.000000000017        0.000000000000
  4      414.000000000000       14.000347260752        0.181918664174        0.000000000000      273.000000000016        0.000000000000
  4      417.000000000000       14.000347260752        0.189673710648        0.000000000000      273.000000000016        0.000000000000
  4      420.000000000000       14.000347260752        0.196843834820        0.000000000000      273.000000000016        0.000000000000
  4      423.000000000000       14.000347260752        0.203441512987        0.000000000000      273.000000000018        0.000000000000
  4      426.000000000000       14.000347260752        0.209475234815        0.000000000000      273.000000000016        0.000000000000
  4      429.000000000000       14.000347260752        0.214951121055        0.000000000000      273.000000000015        0.000000000000
  4      432.000000000000       14.000347260752        0.219874822825        0.000000000000      273.000000000016        0.000000000000
  4      435.000000000000       14.000347260752        0.224250725221        0.000000000000      273.000000000016        0.000000000000
  4      438.000000000000       14.000347260752        0.228080623162        0.000000000000      273.000000000016        0.000000000000
  4      441.000000000000       14.000347260752        0.231365207880        0.000000000000      273.000000000016        0.000000000000
  4      444.000000000000       14.000347260752        0.234103653791        0.000000000000      273.000000000015        0.000000000000
  4      447.000000000000       14.000347260752        0.236295223685        0.000000000000      273.000000000018        0.000000000000
  4      450.000000000000       14.000347260752        0.237967642374        0.000000000000      273.000000000016        0.000000000000
  4      453.000000000000       14.000347260752        0.238635837639        0.000000000000      273.000000000017        0.000000000000
  4      456.000000000000       14.000347260752        0.216809649559        0.000000000000      273.000000000016        0.000000000000
  5      198.000000000000        1.153796566264       -2.770899752893    17602.064548953851      799.740608178409        0.000000000000
  5      201.000000000000        0.994649251224       18.318819151706    34069.618206772946      799.836410186520       -4.076270324561
  5      204.000000000000        0.968286436475       25.699652801607    71055.652173628769      799.896696181149       10.177338061942
  5      207.000000000000        1.117123983786       30.605546301828    71856.108953982417      799.930537365366       93.388763684025
  5      210.000000000000        1.650401846959       32.025966907859    23246.011857249228      799.845108313741    93935.100372242377
  5      213.000000000000        2.857507824640       27.938085855765     1180.964196878034      705.002943250666       17.209237446989
  5      216.000000000000        3.998865777354       21.806454214105       69.440819711347      524.940793842201        0.573088214633
  5      219.000000000000        4.583903604632       16.893961705599       18.721911411571      618.004019078084        0.135681549080
  5      222.000000000000        4.679724703184       17.003998130527       19.901248289292      735.212790415345     -626.876275956631
  5      225.000000000000        2.097668478935       16.947378944274     7007.332929308138      790.121601035053      -35.033541902523
  5      228.000000000000        1.883332693958       18.255086459928    11655.097263435513      799.795183678545     -644.853335089745
  5      231.000000000000        1.910505986209       18.213790680832    10779.771775077697      793.211100375242       87.407699677929
  5      234.000000000000        2.307569853745       17.926967972892     4100.641436952274      703.404959074759    10064.238010506640
  5      237.000000000000        3.226041718624       17.166723792213      451.344697631882      518.341654346975       81.918794628143
  5      240.000000000000        3.870168332115       16.917175327738       99.828981175843      439.544091743152    -1264.342850978589
  5      243.000000000000        2.845185864505       17.930457726560      783.633049090696      648.038073281556      -43.602781520869
  5      246.000000000000        2.438568300045       17.042415983076     1871.085291275780      762.281383589743       -3.643071450772
  5      249.000000000000        2.682879286768       15.855509895774      983.392523251379      775.429503586419       62.201137586485
  5      252.000000000000        2.788834387269       15.012821415632      712.827012329877      770.464088976797       53.364064094755
  5      255.000000000000        2.866298142860       13.793329130004      562.909065595200      755.225026963377       14.698697181703
  5      258.000000000000        2.924031077165       12.691708324983      529.600890373276      741.452740117156       26.430719701247
  5      261.000000000000        2.987794944973       12.060728595578      457.709633828802      720.164944104061    11055.096359834321
  5      264.000000000000        3.082578917874       11.430314817874      352.049773441006      689.037003716627       56.018321039955
  5      267.000000000000        3.184453135317       10.523101578560      206.841160194254      664.763019010598     8239.890679833185
  5      270.000000000000        3.277613093163       10.334528940250      185.771529482530      645.760798505544        6.777733300998
  5      273.000000000000        3.475735189505       11.079450564166      138.914977419794      578.554262296829       18.885346040862
  5      276.000000000000        3.469284575669       12.755526836266      172.361619666774      549.259514787613       -7.852243357706
  5      279.000000000000        3.446690621580       12.022051718076      138.413972957982      538.512284963874       20.485096502519
  5      282.000000000000        3.507278689537       11.609493297508       58.626681739023      500.163357430539        4.852545625312
  5      285.000000000000        3.713560746341        9.346452288643       22.976535894602      460.149133494708        0.132174927147
  5      288.000000000000        3.794009384644        1.487598708950        1.600692544607      461.075305864436        0.005975123022
  5      291.000000000000        3.675652816748        0.415761646931        1.317720251081      511.248555402258       -0.715018467246
  5      294.000000000000        3.633229710676        0.554951545457        0.565220098214      518.649289451243        1.248467119360
  5      297.000000000000        4.016379126901       -0.850153772321        0.666208306664      353.488332634889        3.489219805031
  5      300.000000000000        6.358421146396       -1.178666210495        0.002612131419      273.008323446608       13.492664458895
  5      303.000000000000       14.000347260752       -0.988534493244        0.000000000000      273.000002430962        0.000000000000
  5      306.000000000000       14.000347260752       -0.878411431958        0.000000000000      273.000000721420        0.000000000000
  5      309.000000000000       14.000347260752       -0.851257215589        0.000000000000      273.000000114054        0.000000000000
  5      312.000000000000       14.000347260752       -0.872600667960        0.000000000000      273.000000010055        0.000000000000
  5      315.000000000000       14.000347260752       -0.926645074701        0.000000000000      273.000000000590        0.000000000000
  5      318.000000000000       14.000347260752       -1.000044297034        0.000000000000      273.000000000051        0.000000000000
  5      321.000000000000       14.000347260752       -1.085509425033        0.000000000000      273.000000000024        0.000000000000
  5      324.000000000000       14.000347260752       -1.176946977196        0.000000000000      273.000000000022        0.000000000000
  5      327.000000000000       14.000347260752       -1.269926975676        0.000000000000      273.000000000020        0.000000000000
  5      330.000000000000       14.000347260752       -1.360540245055        0.000000000000      273.000000000021        0.000000000000
  5      333.000000000000       14.000347260752       -1.446923923496        0.000000000000      273.000000000021        0.000000000000
  5      336.000000000000       14.000347260752       -1.526918795100        0.000000000000      273.000000000020        0.000000000000
  5      339.000000000000       14.000347260752       -1.596308977933        0.000000000000      273.000000000020        0.000000000000
  5      342.000000000000       14.000347260752       -1.655817251569        0.000000000000      273.000000000021        0.000000000000
  5      345.000000000000       14.000347260752       -1.703619900087        0.000000000000      273.000000000021        0.000000000000
  5      348.000000000000       14.000347260752       -1.740106932135        0.000000000000      273.000000000021        0.000000000000
  5      351.000000000000       14.000347260752       -1.765929239638        0.000000000000      273.000000000021        0.000000000000
  5      354.000000000000       14.000347260752       -1.782078584549        0.000000000000      273.000000000021        0.000000000000
  5      357.000000000000       14.000347260752       -1.789720057248        0.000000000000      273.000000000021        0.000000000000
  5      360.000000000000       14.000347260752       -1.790391689965        0.000000000000      273.000000000021        0.000000000000
  5      363.000000000000       14.000347260752       -1.785249891313        0.000000000000      273.000000000021        0.000000000000
  5      366.000000000000       14.000347260752       -1.775674673556        0.000000000000      273.000000000021        0.000000000000
  5      369.000000000000       14.000347260752       -1.762699710162        0.000000000000      273.000000000021        0.000000000000
  5      372.000000000000       14.000347260752       -1.747204475214        0.000000000000      273.000000000020        0.000000000000
  5      375.000000000000       14.000347260752       -1.729991596541        0.000000000000      273.000000000021        0.000000000000
  5      378.000000000000       14.000347260752       -1.711669503522        0.000000000000      273.000000000021        0.000000000000
  5      381.000000000000       14.000347260752       -1.692741968341        0.000000000000      273.000000000021        0.000000000000
  5      384.000000000000       14.000347260752       -1.673567634791        0.000000000000      273.000000000021        0.000000000000
  5      387.000000000000       14.000347260752       -1.654447446246        0.000000000000      273.000000000020        0.000000000000
  5      390.000000000000       14.000347260752       -1.635566667454        0.000000000000      273.000000000020        0.000000000000
  5      393.000000000000       14.000347260752       -1.617111596645        0.000000000000      273.000000000020        0.000000000000
  5      396.000000000000       14.000347260752       -1.599217164770        0.000000000000      273.000000000021        0.000000000000
  5      399.000000000000       14.000347260752       -1.581979338000        0.000000000000      273.000000000020        0.000000000000
  5      402.000000000000       14.000347260752       -1.565472647938        0.000000000000      273.000000000020        0.000000000000
  5      405.000000000000       14.000347260752       -1.549749754810        0.000000000000      273.000000000020        0.000000000000
  5      408.000000000000       14.000347260752       -1.534852078075        0.000000000000      273.000000000019        0.000000000000
  5      411.000000000000       14.000347260752       -1.520807566717        0.000000000000      273.000000000020        0.000000000000
  5      414.000000000000       14.000347260752       -1.507633925457        0.000000000000      273.000000000020        0.000000000000
  5      417.000000000000       14.000347260752       -1.495337599422        0.000000000000      273.000000000020        0.000000000000
  5      420.000000000000       14.000347260752       -1.483923593145        0.000000000000      273.000000000020        0.000000000000
  5      423.000000000000       14.000347260752       -1.473396009520        0.000000000000      273.000000000021        0.000000000000
  5      426.000000000000       14.000347260752       -1.463757981493        0.000000000000      273.000000000021        0.000000000000
  5      429.000000000000       14.000347260752       -1.455009704993        0.000000000000      273.000000000020        0.000000000000
  5      432.000000000000       14.000347260752       -1.447147873754        0.000000000000      273.000000000020        0.000000000000
  5      435.000000000000       14.000347260752       -1.440170832942        0.000000000000      273.000000000020        0.000000000000
  5      438.000000000000       14.000347260752       -1.434076536427        0.000000000000      273.000000000020        0.000000000000
  5      441.000000000000       14.000347260752       -1.428863203830        0.000000000000      273.000000000021        0.000000000000
  5      444.000000000000       14.000347260752       -1.424530838557        0.000000000000      273.000000000021        0.000000000000
  5      447.000000000000       14.000347260752       -1.421078184103        0.000000000000      273.000000000021        0.000000000000
  5      450.000000000000       14.000347260752       -1.418476768286        0.000000000000      273.000000000020        0.000000000000
  5      453.000000000000       14.000347260752       -1.417192578586        0.000000000000      273.000000000021        0.000000000000
  5      456.000000000000       14.000347260752       -1.382389423267        0.000000000000      273.000000000020        0.000000000000
  6      198.000000000000        0.846549029119       -1.790937662155    65508.771130869936      799.942206244311        0.000000000000
  6      201.000000000000        0.864477080587        6.989882797723    39860.626783131687      799.948206303487       -6.118188685182
  6      204.000000000000        0.780491425436       17.050444476456    47435.635239583462      799.949881863532      -20.678883192388
  6      207.000000000000        0.773964479155       17.313440789778    49741.281937442778      799.962305555717       16.745323757940
  6      210.000000000000        0.790783006282       20.106913571198    64292.738475693382      799.973935208689       28.690084870669
  6      213.000000000000        0.977131941391       27.943668911355    82720.960689379543      799.961300196739       50.823321097199
  6      216.000000000000        1.803479020148       31.888716537766    15931.307448634105      798.160425428652     1597.754816135003
  6      219.000000000000        1.715858325728       27.377023657818    23729.705889248893      798.572894837925      -13.750344923184
  6      222.000000000000        1.315708512340       21.202598273445    46268.443390410612      799.662140245459      -38.551774753141
  6      225.000000000000        1.204801882793       18.001815475789    48211.271801107032      799.786882957741      -27.605162134977
  6      228.000000000000        1.175522735529       15.428604747616    40252.491159176869      799.146901403117       24.580098072309
  6      231.000000000000        1.265734372383       13.319019327882    26298.053411039124      796.429206557520     2340.308144284333
  6      234.000000000000        1.475040099397       11.778956146917    13361.696608360695      799.576126732796     3542.594221964312
  6      237.000000000000        1.581014337993       10.177408787327     8309.962081413765      799.689455849090       80.998240188637
  6      240.000000000000        1.560494457463        7.008386639113     6766.763926787299      799.881011269209        2.022338230943
  6      243.000000000000        1.597132446424        4.021742348788     5065.607261683856      799.840985781163       44.875083529998
  6      246.000000000000        2.017648942782        1.694236839159     1248.772892985404      785.444200754189     2598.217153598816
  6      249.000000000000        3.014282374519        0.371614509209       39.819058662981      639.899723255980       26.712843927933
  6      252.000000000000        3.817907058387        5.501503040315        5.797261322851      463.925669558254        6.114168624123
  6      255.000000000000        3.882152580198        6.510079598499        6.287761966889      435.602445248411        3.315261072170
  6      258.000000000000        3.904607022287        6.899282495760       11.285811481675      426.223599047267       -0.215457840909
  6      261.000000000000        3.959517281070        7.416612663753       16.842131826805      397.672201672763      -12.537428022430
  6      264.000000000000        4.002201987723        6.450274449147       13.892791843615      371.102857602336       -0.181194942897
  6      267.000000000000        4.012774615563        6.568684676479       11.659081277584      367.825710494435        0.060956833379
  6      270.000000000000        4.198272295020        6.149588065342        7.022177628544      332.363551962454       -0.206293890311
  6      273.000000000000        5.178637428239        4.318235043679        0.631905166856      277.843717721990       -0.141042561857
  6      276.000000000000        6.429989533381        2.731067556488        0.030545904621      273.302026788671       -0.007864287296
  6      279.000000000000        6.356642863050        1.362433775635        0.023209401418      273.393496990236        0.000392748964
  6      282.000000000000        6.588385151718        0.371124452925        0.011043247818      273.237250479429       -0.004435160169
  6      285.000000000000        7.218777365856        0.024045823905        0.002025809877      273.062121335287       -0.014500520815
  6      288.000000000000        7.995225683357       -0.054927825624        0.000000030760      273.015389738448       -0.026947578838
  6      291.000000000000       14.000347260752        0.189219976658        0.000000000000      273.004291643886        0.000000000000
  6      294.000000000000       14.000347260752        0.301595348710        0.000000000000      273.001600416976        0.000000000000
  6      297.000000000000       14.000347260752        0.345721672034        0.000000000000      273.000367683531        0.000000000000
  6      300.000000000000       14.000347260752        0.292216058155        0.000000000000      273.000034396265        0.000000000000
  6      303.000000000000       14.000347260752        0.191419660926        0.000000000000      273.000000049348        0.000000000000
  6      306.000000000000       14.000347260752        0.043029825224        0.000000000000      273.000000008285        0.000000000000
  6      309.000000000000       14.000347260752       -0.138139538385        0.000000000000      273.000000001093        0.000000000000
  6      312.000000000000       14.000347260752       -0.329821600693        0.000000000000      273.000000000172        0.000000000000
  6      315.000000000000       14.000347260752       -0.520447276728        0.000000000000      273.000000000076        0.000000000000
  6      318.000000000000       14.000347260752       -0.700253556040        0.000000000000      273.000000000057        0.000000000000
  6      321.000000000000       14.000347260752       -0.854036954741        0.000000000000      273.000000000047        0.000000000000
  6      324.000000000000       14.000347260752       -0.995772082433        0.000000000000      273.000000000042        0.000000000000
  6      327.000000000000       14.000347260752       -1.129740755363        0.000000000000      273.000000000048        0.000000000000
  6      330.000000000000       14.000347260752       -1.269130437538        0.000000000000      273.000000000075        0.000000000000
  6      333.000000000000       14.000347260752       -1.421143779811        0.000000000000      273.000000000139        0.000000000000
  6      336.000000000000       14.000347260752       -1.596117031796        0.000000000000      273.000000000263        0.000000000000
  6      339.000000000000       14.000347260752       -1.802000657483        0.000000000000      273.000000000471        0.000000000000
  6      342.000000000000       14.000347260752       -2.040636196852        0.000000000000      273.000000000873        0.000000000000
  6      345.000000000000       14.000347260752       -2.304459401075        0.000000000000      273.000000001707        0.000000000000
  6      348.000000000000       14.000347260752       -2.577188562592        0.000000000000      273.000000003092        0.000000000000
  6      351.000000000000       14.000347260752       -2.812052369367        0.000000000000      273.000000004479        0.000000000000
  6      354.000000000000       14.000347260752       -2.964855862225        0.000000000000      273.000000004041        0.000000000000
  6      357.000000000000       14.000347260752       -3.036244369270        0.000000000000      273.000000001877        0.000000000000
  6      360.000000000000       14.000347260752       -3.043559653518        0.000000000000      273.000000000560        0.000000000000
  6      363.000000000000       14.000347260752       -2.999738038596        0.000000000000      273.000000000129        0.000000000000
  6      366.000000000000       14.000347260752       -2.925390495129        0.000000000000      273.000000000037        0.000000000000
  6      369.000000000000       14.000347260752       -2.834227407145        0.000000000000      273.000000000024        0.000000000000
  6      372.000000000000       14.000347260752       -2.740476164645        0.000000000000      273.000000000023        0.000000000000
  6      375.000000000000       14.000347260752       -2.651017371238        0.000000000000      273.000000000023        0.000000000000
  6      378.000000000000       14.000347260752       -2.568529646385        0.000000000000      273.000000000023        0.000000000000
  6      381.000000000000       14.000347260752       -2.494254579866        0.000000000000      273.000000000023        0.000000000000
  6      384.000000000000       14.000347260752       -2.428149934579        0.000000000000      273.000000000023        0.000000000000
  6      387.000000000000       14.000347260752       -2.369689578564        0.000000000000      273.000000000023        0.000000000000
  6      390.000000000000       14.000347260752       -2.318185488830        0.000000000000      273.000000000024        0.000000000000
  6      393.000000000000       14.000347260752       -2.272873442593        0.000000000000      273.000000000023        0.000000000000
  6      396.000000000000       14.000347260752       -2.233156197826        0.000000000000      273.000000000024        0.000000000000
  6      399.000000000000       14.000347260752       -2.198341012864        0.000000000000      273.000000000023        0.000000000000
  6      402.000000000000       14.000347260752       -2.167782256280        0.000000000000      273.000000000023        0.000000000000
  6      405.000000000000       14.000347260752       -2.140891635243        0.000000000000      273.000000000023        0.000000000000
  6      408.000000000000       14.000347260752       -2.117173617874        0.000000000000      273.000000000024        0.000000000000
  6      411.000000000000       14.000347260752       -2.096214954970        0.000000000000      273.000000000024        0.000000000000
  6      414.000000000000       14.000347260752       -2.077666106991        0.000000000000      273.000000000024        0.000000000000
  6      417.000000000000       14.000347260752       -2.061234446690        0.000000000000      273.000000000024        0.000000000000
  6      420.000000000000       14.000347260752       -2.046682042135        0.000000000000      273.000000000023        0.000000000000
  6      423.000000000000       14.000347260752       -2.033801511080        0.000000000000      273.000000000024        0.000000000000
  6      426.000000000000       14.000347260752       -2.022426504734        0.000000000000      273.000000000023        0.000000000000
  6      429.000000000000       14.000347260752       -2.012422949981        0.000000000000      273.000000000024        0.000000000000
  6      432.000000000000       14.000347260752       -2.003678270983        0.000000000000      273.000000000023        0.000000000000
  6      435.000000000000       14.000347260752       -1.996102016266        0.000000000000      273.000000000024        0.000000000000
  6      438.000000000000       14.000347260752       -1.989620668009        0.000000000000      273.000000000023        0.000000000000
  6      441.000000000000       14.000347260752       -1.984170511773        0.000000000000      273.000000000024        0.000000000000
  6      444.000000000000       14.000347260752       -1.979706483288        0.000000000000      273.000000000024        0.000000000000
  6      447.000000000000       14.000347260752       -1.976194030040        0.000000000000      273.000000000024        0.000000000000
  6      450.000000000000       14.000347260752       -1.973596462609        0.000000000000      273.000000000022        0.000000000000
  6      453.000000000000       14.000347260752       -1.971700155626        0.000000000000      273.000000000023        0.000000000000
  6      456.000000000000       14.000347260752       -1.903897411184        0.000000000000      273.000000000023        0.000000000000
  7      198.000000000000        0.590921065710        2.164593138716    43615.516553719033      799.983848302941        0.000000000000
  7      201.000000000000        0.678230481162       10.144758351227    39012.278133225562      799.942037405903       32.266003201028
  7      204.000000000000        0.927756010947       18.309267417732    45731.064178849942      799.859224605158       84.556683192972
  7      207.000000000000        1.057905675531       20.255115668057    41121.644305157359      799.806741332491      246.845943379243
  7      210.000000000000        1.043784385425       17.543668959086    48105.244447919606      799.859690139670      -26.707378223739
  7      213.000000000000        0.956298321097       13.944442890846    50050.729006063812      799.893331566092      -39.783872211925
  7      216.000000000000        0.970309762632        9.926423345212    36007.479688069689      799.897698781246       27.171081669068
  7      219.000000000000        0.989420543375        6.619686824957    28172.851692281492      799.898956249628       62.628253945519
  7      222.000000000000        1.046144077658        3.915026084266    21059.879578508488      799.900765587855      336.852317624323
  7      225.000000000000        1.242447158195        2.638818717065    12726.653306558712      797.240404919770      828.386600440878
  7      228.000000000000        1.674882921215        0.961539399232     3803.075944963321      788.751008941365      204.255486501567
  7      231.000000000000        2.066346239588       -1.955994290520      942.818192129070      784.130144534851       61.805249935772
  7      234.000000000000        2.410481967372       -4.332743141554      184.807877294852      740.490190048800      134.366867843495
  7      237.000000000000        2.860884075547        1.607505577597       26.190874093622      677.289957688336        1.438661010311
  7      240.000000000000        3.176522395663        7.177665257693       39.404333182206      615.757253938435        1.483736581799
  7      243.000000000000        4.003979232409        8.279217621354       17.190886094656      423.870086352587        4.814451872787
  7      246.000000000000        4.237314331586        7.744296216407       13.182765988048      331.946039482471       -0.966171111346
  7      249.000000000000        4.102034174597        6.642320887514       15.467679067974      350.379780789979       -0.125705205152
  7      252.000000000000        4.031163021126        5.495993016198       15.241523754438      367.428510383820        0.086865267517
  7      255.000000000000        4.041378916568        4.940316797084       11.991799824104      367.545011913115        0.268042173793
  7      258.000000000000        4.047163809652        4.491331252662        6.487224033248      369.405405416016        0.080568724416
  7      261.000000000000        4.048970675340        3.212024175634        2.779634458232      369.660127517841       -0.004675833403
  7      264.000000000000        4.068073680956        0.147671866619        3.730223673862      363.080283425534       -0.009556226297
  7      267.000000000000        4.131898251706        0.081390479229        3.585761323787      348.689373001258       -0.534299997776
  7      270.000000000000        4.242799921022        1.871583597511        3.378281840708      329.425888616444       -0.015040625284
  7      273.000000000000        4.246637475723        3.618028735380        6.195126790784      328.554339024441       -0.011429375680
  7      276.000000000000        4.131759261055        3.753421816620        8.429664823009      345.012082746086       -0.008895701848
  7      279.000000000000        3.964158674895        4.007836527879       10.195974882413      387.979321935955        4.638518174826
  7      282.000000000000        4.002582075133        3.871682051738        4.669541142647      378.992834950516       -0.682468251281
  7      285.000000000000        4.576790254862        3.567462998555        0.508767707708      292.295091556372       -1.331841632433
  7      288.000000000000        5.154120014007        2.993297950391        0.154925754385      276.764538439002        0.766086608665
  7      291.000000000000        5.010158164530        2.486199881255        0.286330360097      280.487114460628        1.279123140045
  7      294.000000000000        4.954217865271        2.302436100893        0.420621115432      281.703371509319        1.095743953414
  7      297.000000000000        5.003698991146        2.547433619517        0.470549004517      280.810574124549       -0.245550961333
  7      300.000000000000        5.248182499073        2.890327488161        0.306503624686      277.289829378612       -2.389981048228
  7      303.000000000000        6.462796828218        3.051569832599        0.012119731668      273.012429959638      -74.293583116705
  7      306.000000000000       14.000347260752        3.079187980965        0.000000000000      273.000008701974        0.000000000000
  7      309.000000000000       14.000347260752        2.811280189229        0.000000000000      273.000021550284        0.000000000000
  7      312.000000000000       14.000347260752        2.295263874290        0.000000000000      273.000055903890        0.000000000000
  7      315.000000000000       14.000347260752        1.613119562266        0.000000000000      273.000126871899        0.000000000000
  7      318.000000000000       14.000347260752        0.714935715929        0.000000000000      273.000250715782        0.000000000000
  7      321.000000000000       14.000347260752       -0.373581254472        0.000000000000      273.000457962207        0.000000000000
  7      324.000000000000       14.000347260752       -1.204454030310        0.000000000000      273.000689533959        0.000000000000
  7      327.000000000000       14.000347260752       -1.488001170544        0.000000000000      273.000930281680        0.000000000000
  7      330.000000000000       14.000347260752       -1.374501862758        0.000000000000      273.001193842195        0.000000000000
  7      333.000000000000       14.000347260752       -1.235100004809        0.000000000000      273.001830178057        0.000000000000
  7      336.000000000000        5.258560020721       -1.986692086446        0.196234254972      277.465940021367        0.397620768700
  7      339.000000000000        4.681836525899       -3.084308984912        0.622383828760      291.006486396945        0.195568511687
  7      342.000000000000        4.421262972764       -4.276920029027        0.975669647736      306.554767330698        0.111569325508
  7      345.000000000000        4.339709976912       -4.646047254492        1.096204457995      313.922533317141        0.241871928855
  7      348.000000000000        4.313308325697       -4.055141704229        0.957419024115      316.758793503119        3.424825555404
  7      351.000000000000        4.290823716940       -3.399370203111        0.955515789945      320.085095433798        4.902314259809
  7      354.000000000000        4.258880289350       -2.900784740962        1.170011537107      325.245828275781       13.847687039055
  7      357.000000000000        4.213548772980       -2.497853562950        1.341262153576      334.916192024424       14.191255423082
  7      360.000000000000        4.181042720008       -1.999612423545        1.150543407343      341.430499294669        3.533975898861
  7      363.000000000000        4.185508870163       -1.690717685726        0.978818596051      340.435622314439       -1.540516980831
  7      366.000000000000        4.180028606252       -1.610509261203        1.027054045978      339.596732440084      -25.416286835955
  7      369.000000000000        4.171855658837       -1.558622787619        1.064633466769      337.772399908186      -14.506989424529
  7      372.000000000000        4.201280650204       -1.593927852105        0.835429997815      329.787479931958     -170.747681971191
  7      375.000000000000        4.412229209954       -1.732956893617        0.339800812710      303.976594024652       -1.557516206634
  7      378.000000000000        5.093145123317       -1.687975131708        0.045312584556      278.094599917452       -0.237291724887
  7      381.000000000000       14.000347260752       -1.536428114152        0.000000000000      273.000006528975        0.000000000000
  7      384.000000000000       14.000347260752       -1.490285537367        0.000000000000      273.000000018454        0.000000000000
  7      387.000000000000       14.000347260752       -1.482989214464        0.000000000000      273.000000001270        0.000000000000
  7      390.000000000000       14.000347260752       -1.448697363840        0.000000000000      273.000000000272        0.000000000000
  7      393.000000000000       14.000347260752       -1.407977501832        0.000000000000      273.000000000062        0.000000000000
  7      396.000000000000       14.000347260752       -1.371608110426        0.000000000000      273.000000000031        0.000000000000
  7      399.000000000000       14.000347260752       -1.339934086520        0.000000000000      273.000000000028        0.000000000000
  7      402.000000000000       14.000347260752       -1.311375728690        0.000000000000      273.000000000027        0.000000000000
  7      405.000000000000       14.000347260752       -1.285199073412        0.000000000000      273.000000000028        0.000000000000
  7      408.000000000000       14.000347260752       -1.261002705627        0.000000000000      273.000000000027        0.000000000000
  7      411.000000000000       14.000347260752       -1.238218550210        0.000000000000      273.000000000027        0.000000000000
  7      414.000000000000       14.000347260752       -1.216664292760        0.000000000000      273.000000000027        0.000000000000
  7      417.000000000000       14.000347260752       -1.196549770020        0.000000000000      273.000000000028        0.000000000000
  7      420.000000000000       14.000347260752       -1.177896731058        0.000000000000      273.000000000027        0.000000000000
  7      423.000000000000       14.000347260752       -1.160740567893        0.000000000000      273.000000000027        0.000000000000
  7      426.000000000000       14.000347260752       -1.145117315192        0.000000000000      273.000000000028        0.000000000000
  7      429.000000000000       14.000347260752       -1.131033418395        0.000000000000      273.000000000026        0.000000000000
  7      432.000000000000       14.000347260752       -1.118490349839        0.000000000000      273.000000000027        0.000000000000
  7      435.000000000000       14.000347260752       -1.107464608055        0.000000000000      273.000000000027        0.000000000000
  7      438.000000000000       14.000347260752       -1.097910880744        0.000000000000      273.000000000027        0.000000000000
  7      441.000000000000       14.000347260752       -1.089802393700        0.000000000000      273.000000000027        0.000000000000
  7      444.000000000000       14.000347260752       -1.083104321134        0.000000000000      273.000000000029        0.000000000000
  7      447.000000000000       14.000347260752       -1.077797116477        0.000000000000      273.000000000028        0.000000000000
  7      450.000000000000       14.000347260752       -1.073858020319        0.000000000000      273.000000000026        0.000000000000
  7      453.000000000000       14.000347260752       -1.070371213559        0.000000000000      273.000000000027        0.000000000000
  7      456.000000000000       14.000347260752       -0.951145322116        0.000000000000      273.000000000027        0.000000000000
  8      198.000000000000        0.580355823312        8.257244913831    37018.364826744626      799.966864392159        0.000000000000
  8      201.000000000000        0.713358800109       10.601123306284    43124.335822846537      799.959533490879      316.688307626249
  8      204.000000000000        0.768218135455       10.295005638367    39134.528326288535      799.948377977444     1036.520074517743
  8      207.000000000000        0.790885384489       10.590596646835    39305.599040693152      799.936718386196     1287.914366877922
  8      210.000000000000        0.831152351815       10.987525474743    36296.699674120573      799.926555093644     3238.082024634800
  8      213.000000000000        0.915098329823       11.540223293569    30505.153619319928      799.942043357385     9538.832427596260
  8      216.000000000000        1.076040376840       12.268095527332    23009.133168756158      799.941979725902     6693.589167355382
  8      219.000000000000        1.390770056165       13.254985556810    13995.342350087711      799.955081288279     2073.405679242871
  8      222.000000000000        2.129408406824       14.023624365586     2839.117378697682      799.523590629484     1704.673244334370
  8      225.000000000000        3.305330492574       14.012379643150      158.555559893946      609.563581057306       16.371523358766
  8      228.000000000000        4.321389878855       10.576002526854        5.465849827152      336.568908662658        0.359826246508
  8      231.000000000000        5.445259109422        7.896191332333        0.312055538055      278.211836372975       -0.841348737581
  8      234.000000000000        6.165280729669        6.824096898729        0.051756205616      273.585378408068       -1.937091446592
  8      237.000000000000        6.501531168188        6.113674117911        0.022023337496      273.202512963677       -0.032913922602
  8      240.000000000000        6.978622429139        5.618349621243        0.007537003833      273.045191288501       -0.021748172782
  8      243.000000000000        5.461477329475        5.008091361928        0.270892271698      275.153532974395        0.031761772868
  8      246.000000000000        5.069794751039        4.421775456949        0.752556491800      279.141560143691        0.130589471157
  8      249.000000000000        4.902610476262        4.051176623051        1.261583704295      282.824497993733        0.144085178681
  8      252.000000000000        4.851921073443        4.058505991687        1.629311080440      284.105267779341       -0.258502570573
  8      255.000000000000        4.877446072616        4.320658815425        1.666472930784      283.132733851395        0.143108462733
  8      258.000000000000        4.797469450674        4.455750006176        1.929572401246      285.998840383919        0.287330869238
  8      261.000000000000        4.671520539365        4.246048202090        2.164669835552      292.018612310997        1.088041099542
  8      264.000000000000        4.452948970490        3.921958639871        2.677424521215      306.076625935899       14.317433275032
  8      267.000000000000        4.261909130639        3.838021536377        3.336794167096      326.092713256087      156.771274615768
  8      270.000000000000        4.152655098731        4.314379097024        4.662463521053      343.115767992660        1.253035435294
  8      273.000000000000        4.105875400010        5.331296597956        7.231053835567      354.338354428342        0.168329397334
  8      276.000000000000        4.094932608583        5.774158391434       10.440685037852      357.854068330356        0.275380890781
  8      279.000000000000        4.087195675556        5.613842690239       13.351773485460      359.982168243666        0.013867390495
  8      282.000000000000        4.080600442827        5.046531222336       14.038155230530      361.331403678400       -0.002946299802
  8      285.000000000000        4.088136446192        3.572130099527       12.847372503905      359.385797842020       -0.007874063551
  8      288.000000000000        4.120604799716        2.740338437545       11.529222670780      351.833248296543       -0.051190554278
  8      291.000000000000        4.217005225188        2.263952131661        9.347015732531      333.921124825560       -0.240644705736
  8      294.000000000000        4.338147889180        0.546258339808        7.452498224679      316.484477376263       -0.072762492607
  8      297.000000000000        4.438670980715       -1.768263093242        6.565906215729      305.906878575585       -0.014962373383
  8      300.000000000000        4.494148908816       -3.588502300706        6.193421291148      301.667478390048       -0.006081375663
  8      303.000000000000        4.526419622263       -4.372298660130        5.874599387194      299.409523650650       -0.023952964435
  8      306.000000000000        4.548883557380       -4.397839509014        5.678976852200      297.855616691021       -0.442795994294
  8      309.000000000000        4.566668089231       -4.164205968192        5.519202586131      296.827258715917       -0.023510960303
  8      312.000000000000        4.598755601066       -3.746819226599        4.946756386790      295.181287034253       -0.010741459756
  8      315.000000000000        4.634642885623       -3.361446419748        3.918480945442      293.511785401194       -0.001264865855
  8      318.000000000000        4.668706600221       -2.533197526694        2.948166926870      292.218415663157        0.007321071082
  8      321.000000000000        4.682685981205       -1.600665352977        2.268696811875      292.059812895512        0.005490818489
  8      324.000000000000        4.668531611423       -0.589995886063        2.358094683640      292.875431277221        0.005050802209
  8      327.000000000000        4.588161370230        0.618342067928        3.410761470303      296.790070935932        0.053929455948
  8      330.000000000000        4.519895698570        0.570078243126        4.290414616799      300.396566464531        0.003533702673
  8      333.000000000000        4.418914796741       -0.425611380476        3.607219952048      307.349976143730       -0.000647464371
  8      336.000000000000        4.364888373166       -3.620851146561        1.449021043781      310.793149187101       -0.013270257784
  8      339.000000000000        4.731898221542       -5.464355472238        0.576983525429      287.747886710019       -0.197952876636
  8      342.000000000000       14.000347260752       -4.714347768355        0.000000000000      273.006911904418        0.000000000000
  8      345.000000000000       14.000347260752       -4.719168135879        0.000000000000      273.008988127319        0.000000000000
  8      348.000000000000       14.000347260752       -4.783995898482        0.000000000000      273.006980169690        0.000000000000
  8      351.000000000000       14.000347260752       -4.829590030271        0.000000000000      273.004111874894        0.000000000000
  8      354.000000000000       14.000347260752       -4.872742926608        0.000000000000      273.003169401733        0.000000000000
  8      357.000000000000        6.429326258786       -4.896355625226        0.017439606659      273.086697854200       -9.298197496180
  8      360.000000000000        5.807310808035       -4.558980035354        0.065771148836      273.661566959559       -0.060784047469
  8      363.000000000000        5.603950662602       -4.084472602984        0.100700755847      274.325805494818        0.026217425505
  8      366.000000000000        5.450224888276       -3.527845665368        0.143452236395      275.292245279708        0.028414566071
  8      369.000000000000        5.709039764231       -3.065826848202        0.052796202903      274.155472717112        0.108582512910
  8      372.000000000000       14.000347260752       -2.976443609555        0.000000000000      273.004737421731        0.000000000000
  8      375.000000000000       14.000347260752       -3.184604312366        0.000000000000      273.004074869852        0.000000000000
  8      378.000000000000       14.000347260752       -3.246158739053        0.000000000000      273.005599805917        0.000000000000
  8      381.000000000000        7.847114497130       -3.191886472275        0.000072863579      273.011648659351       -0.001460288085
  8      384.000000000000        7.483292086157       -3.041769208424        0.000182988734      273.026285414597        0.001920083640
  8      387.000000000000        7.168632625035       -2.804419595844        0.000412379987      273.051997155677        0.000943757793
  8      390.000000000000        6.947450475756       -2.472304902499        0.000725890981      273.083842754514        0.000300846992
  8      393.000000000000        6.888702060959       -2.067289526108        0.000789146182      273.094894415678       -0.001019795655
  8      396.000000000000        7.510940520107       -1.617739947440        0.000000000000      273.022225294395       -0.001261620992
  8      399.000000000000       14.000347260752       -1.219125664995        0.000000000000      273.000006744442        0.000000000000
  8      402.000000000000       14.000347260752       -0.927179014318        0.000000000000      273.000002254320        0.000000000000
  8      405.000000000000       14.000347260752       -0.774957042236        0.000000000000      273.000000005267        0.000000000000
  8      408.000000000000       14.000347260752       -0.721355071215        0.000000000000      273.000000000118        0.000000000000
  8      411.000000000000       14.000347260752       -0.744934617494        0.000000000000      273.000000000051        0.000000000000
  8      414.000000000000       14.000347260752       -0.813531228732        0.000000000000      273.000000000032        0.000000000000
  8      417.000000000000       14.000347260752       -0.904191453974        0.000000000000      273.000000000030        0.000000000000
  8      420.000000000000       14.000347260752       -0.995346347284        0.000000000000      273.000000000030        0.000000000000
  8      423.000000000000       14.000347260752       -1.078312745982        0.000000000000      273.000000000030        0.000000000000
  8      426.000000000000       14.000347260752       -1.148219679471        0.000000000000      273.000000000030        0.000000000000
  8      429.000000000000       14.000347260752       -1.202962907704        0.000000000000      273.000000000030        0.000000000000
  8      432.000000000000       14.000347260752       -1.245784569207        0.000000000000      273.000000000031        0.000000000000
  8      435.000000000000       14.000347260752       -1.279062924426        0.000000000000      273.000000000031        0.000000000000
  8      438.000000000000       14.000347260752       -1.304695355454        0.000000000000      273.000000000030        0.000000000000
  8      441.000000000000       14.000347260752       -1.324017960848        0.000000000000      273.000000000030        0.000000000000
  8      444.000000000000       14.000347260752       -1.338398680959        0.000000000000      273.000000000031        0.000000000000
  8      447.000000000000       14.000347260752       -1.348737916028        0.000000000000      273.000000000031        0.000000000000
  8      450.000000000000       14.000347260752       -1.355810466963        0.000000000000      273.000000000030        0.000000000000
  8      453.000000000000       14.000347260752       -1.359084237495        0.000000000000      273.000000000030        0.000000000000
  8      456.000000000000       14.000347260752       -1.121360158871        0.000000000000      273.000000000030        0.000000000000
