!------------------------------------------------------------!
  Date: 20191117
  Simulation name: BVY4 
  Filename:slice_3quarter_100m.txt                                                                                                                               
  Produced in mod-subroutine:  column.mod/slice                                                                                                                                      
  Written by AK September 2019
  Description:Veritcal column at x450_z558                                                                                                                          
  Data format: t  YYY  EPP   U_G   DPU   T_G   Ri                                                                                                                   
!------------------------------------------------------------!
  1        195.0000000000         14.0003472608          0.0000000000          0.0000000000        273.0000000000          0.0000000000
  1        198.0000000000         14.0003472608          0.0000000000          0.0000000000        273.0000000000          0.0000000000
  1        201.0000000000         14.0003472608          0.0000000000          0.0000000000        273.0000000000          0.0000000000
  1        204.0000000000         14.0003472608          0.0000000000          0.0000000000        273.0000000000          0.0000000000
  1        207.0000000000         14.0003472608          0.0000000000          0.0000000000        273.0000000000          0.0000000000
  1        210.0000000000         14.0003472608          0.0000000000          0.0000000000        273.0000000000          0.0000000000
  1        213.0000000000         14.0003472608          0.0000000000          0.0000000000        273.0000000000          0.0000000000
  1        216.0000000000         14.0003472608          0.0000000000          0.0000000000        273.0000000000          0.0000000000
  1        219.0000000000         14.0003472608          0.0000000000          0.0000000000        273.0000000000          0.0000000000
  1        222.0000000000         14.0003472608          0.0000000000          0.0000000000        273.0000000000          0.0000000000
  1        225.0000000000         14.0003472608          0.0000000000          0.0000000000        273.0000000000          0.0000000000
  1        228.0000000000         14.0003472608          0.0000000000          0.0000000000        273.0000000000          0.0000000000
  1        231.0000000000         14.0003472608          0.0000000000          0.0000000000        273.0000000000          0.0000000000
  1        234.0000000000         14.0003472608          0.0000000000          0.0000000000        273.0000000000          0.0000000000
  1        237.0000000000         14.0003472608          0.0000000000          0.0000000000        273.0000000000          0.0000000000
  1        240.0000000000         14.0003472608          0.0000000000          0.0000000000        273.0000000000          0.0000000000
  1        243.0000000000         14.0003472608          0.0000000000          0.0000000000        273.0000000000          0.0000000000
  1        246.0000000000         14.0003472608          0.0000000000          0.0000000000        273.0000000000          0.0000000000
  1        249.0000000000         14.0003472608          0.0000000000          0.0000000000        273.0000000000          0.0000000000
  1        252.0000000000         14.0003472608          0.0000000000          0.0000000000        273.0000000000          0.0000000000
  1        255.0000000000         14.0003472608          0.0000000000          0.0000000000        273.0000000000          0.0000000000
  1        258.0000000000         14.0003472608          0.0000000000          0.0000000000        273.0000000000          0.0000000000
  1        261.0000000000         14.0003472608          0.0000000000          0.0000000000        273.0000000000          0.0000000000
  1        264.0000000000         14.0003472608          0.0000000000          0.0000000000        273.0000000000          0.0000000000
  1        267.0000000000         14.0003472608          0.0000000000          0.0000000000        273.0000000000          0.0000000000
  1        270.0000000000         14.0003472608          0.0000000000          0.0000000000        273.0000000000          0.0000000000
  1        273.0000000000         14.0003472608          0.0000000000          0.0000000000        273.0000000000          0.0000000000
  1        276.0000000000         14.0003472608          0.0000000000          0.0000000000        273.0000000000          0.0000000000
  1        279.0000000000         14.0003472608          0.0000000000          0.0000000000        273.0000000000          0.0000000000
  1        282.0000000000         14.0003472608          0.0000000000          0.0000000000        273.0000000000          0.0000000000
  1        285.0000000000         14.0003472608          0.0000000000          0.0000000000        273.0000000000          0.0000000000
  1        288.0000000000         14.0003472608          0.0000000000          0.0000000000        273.0000000000          0.0000000000
  1        291.0000000000         14.0003472608          0.0000000000          0.0000000000        273.0000000000          0.0000000000
  1        294.0000000000         14.0003472608          0.0000000000          0.0000000000        273.0000000000          0.0000000000
  1        297.0000000000         14.0003472608          0.0000000000          0.0000000000        273.0000000000          0.0000000000
  1        300.0000000000         14.0003472608          0.0000000000          0.0000000000        273.0000000000          0.0000000000
  1        303.0000000000         14.0003472608          0.0000000000          0.0000000000        273.0000000000          0.0000000000
  1        306.0000000000         14.0003472608          0.0000000000          0.0000000000        273.0000000000          0.0000000000
  1        309.0000000000         14.0003472608          0.0000000000          0.0000000000        273.0000000000          0.0000000000
  1        312.0000000000         14.0003472608          0.0000000000          0.0000000000        273.0000000000          0.0000000000
  1        315.0000000000         14.0003472608          0.0000000000          0.0000000000        273.0000000000          0.0000000000
  1        318.0000000000         14.0003472608          0.0000000000          0.0000000000        273.0000000000          0.0000000000
  1        321.0000000000         14.0003472608          0.0000000000          0.0000000000        273.0000000000          0.0000000000
  1        324.0000000000         14.0003472608          0.0000000000          0.0000000000        273.0000000000          0.0000000000
  1        327.0000000000         14.0003472608          0.0000000000          0.0000000000        273.0000000000          0.0000000000
  1        330.0000000000         14.0003472608          0.0000000000          0.0000000000        273.0000000000          0.0000000000
  1        333.0000000000         14.0003472608          0.0000000000          0.0000000000        273.0000000000          0.0000000000
  1        336.0000000000         14.0003472608          0.0000000000          0.0000000000        273.0000000000          0.0000000000
  1        339.0000000000         14.0003472608          0.0000000000          0.0000000000        273.0000000000          0.0000000000
  1        342.0000000000         14.0003472608          0.0000000000          0.0000000000        273.0000000000          0.0000000000
  1        345.0000000000         14.0003472608          0.0000000000          0.0000000000        273.0000000000          0.0000000000
  1        348.0000000000         14.0003472608          0.0000000000          0.0000000000        273.0000000000          0.0000000000
  1        351.0000000000         14.0003472608          0.0000000000          0.0000000000        273.0000000000          0.0000000000
  1        354.0000000000         14.0003472608          0.0000000000          0.0000000000        273.0000000000          0.0000000000
  1        357.0000000000         14.0003472608          0.0000000000          0.0000000000        273.0000000000          0.0000000000
  1        360.0000000000         14.0003472608          0.0000000000          0.0000000000        273.0000000000          0.0000000000
  1        363.0000000000         14.0003472608          0.0000000000          0.0000000000        273.0000000000          0.0000000000
  1        366.0000000000         14.0003472608          0.0000000000          0.0000000000        273.0000000000          0.0000000000
  1        369.0000000000         14.0003472608          0.0000000000          0.0000000000        273.0000000000          0.0000000000
  1        372.0000000000         14.0003472608          0.0000000000          0.0000000000        273.0000000000          0.0000000000
  1        375.0000000000         14.0003472608          0.0000000000          0.0000000000        273.0000000000          0.0000000000
  1        378.0000000000         14.0003472608          0.0000000000          0.0000000000        273.0000000000          0.0000000000
  1        381.0000000000         14.0003472608          0.0000000000          0.0000000000        273.0000000000          0.0000000000
  1        384.0000000000         14.0003472608          0.0000000000          0.0000000000        273.0000000000          0.0000000000
  1        387.0000000000         14.0003472608          0.0000000000          0.0000000000        273.0000000000          0.0000000000
  1        390.0000000000         14.0003472608          0.0000000000          0.0000000000        273.0000000000          0.0000000000
  1        393.0000000000         14.0003472608          0.0000000000          0.0000000000        273.0000000000          0.0000000000
  1        396.0000000000         14.0003472608          0.0000000000          0.0000000000        273.0000000000          0.0000000000
  1        399.0000000000         14.0003472608          0.0000000000          0.0000000000        273.0000000000          0.0000000000
  1        402.0000000000         14.0003472608          0.0000000000          0.0000000000        273.0000000000          0.0000000000
  1        405.0000000000         14.0003472608          0.0000000000          0.0000000000        273.0000000000          0.0000000000
  1        408.0000000000         14.0003472608          0.0000000000          0.0000000000        273.0000000000          0.0000000000
  1        411.0000000000         14.0003472608          0.0000000000          0.0000000000        273.0000000000          0.0000000000
  1        414.0000000000         14.0003472608          0.0000000000          0.0000000000        273.0000000000          0.0000000000
  1        417.0000000000         14.0003472608          0.0000000000          0.0000000000        273.0000000000          0.0000000000
  1        420.0000000000         14.0003472608          0.0000000000          0.0000000000        273.0000000000          0.0000000000
  1        423.0000000000         14.0003472608          0.0000000000          0.0000000000        273.0000000000          0.0000000000
  1        426.0000000000         14.0003472608          0.0000000000          0.0000000000        273.0000000000          0.0000000000
  1        429.0000000000         14.0003472608          0.0000000000          0.0000000000        273.0000000000          0.0000000000
  1        432.0000000000         14.0003472608          0.0000000000          0.0000000000        273.0000000000          0.0000000000
  1        435.0000000000         14.0003472608          0.0000000000          0.0000000000        273.0000000000          0.0000000000
  1        438.0000000000         14.0003472608          0.0000000000          0.0000000000        273.0000000000          0.0000000000
  1        441.0000000000         14.0003472608          0.0000000000          0.0000000000        273.0000000000          0.0000000000
  1        444.0000000000         14.0003472608          0.0000000000          0.0000000000        273.0000000000          0.0000000000
  1        447.0000000000         14.0003472608          0.0000000000          0.0000000000        273.0000000000          0.0000000000
  1        450.0000000000         14.0003472608          0.0000000000          0.0000000000        273.0000000000          0.0000000000
  1        453.0000000000         14.0003472608          0.0000000000          0.0000000000        273.0000000000          0.0000000000
  1        456.0000000000         14.0003472608          0.0000000000          0.0000000000        273.0000000000          0.0000000000
  2        195.0000000000         14.0003472608         -0.5975767481          0.0000000000        272.9978660137          0.0000000000
  2        198.0000000000         14.0003472608         -0.4549116279          0.0000000000        272.9999107190          0.0000000000
  2        201.0000000000         14.0003472608         -0.5014157882          0.0000000000        272.9999961871          0.0000000000
  2        204.0000000000         14.0003472608         -0.5290989038          0.0000000000        272.9999998926          0.0000000000
  2        207.0000000000         14.0003472608         -0.5392644317          0.0000000000        272.9999999980          0.0000000000
  2        210.0000000000         14.0003472608         -0.5435889378          0.0000000000        273.0000000000          0.0000000000
  2        213.0000000000         14.0003472608         -0.5461872224          0.0000000000        273.0000000000          0.0000000000
  2        216.0000000000         14.0003472608         -0.5481711428          0.0000000000        273.0000000000          0.0000000000
  2        219.0000000000         14.0003472608         -0.5500819590          0.0000000000        273.0000000000          0.0000000000
  2        222.0000000000         14.0003472608         -0.5520645973          0.0000000000        273.0000000000          0.0000000000
  2        225.0000000000         14.0003472608         -0.5541589731          0.0000000000        273.0000000000          0.0000000000
  2        228.0000000000         14.0003472608         -0.5563874872          0.0000000000        273.0000000000          0.0000000000
  2        231.0000000000         14.0003472608         -0.5587467365          0.0000000000        273.0000000000          0.0000000000
  2        234.0000000000         14.0003472608         -0.5612221033          0.0000000000        273.0000000000          0.0000000000
  2        237.0000000000         14.0003472608         -0.5638060820          0.0000000000        273.0000000000          0.0000000000
  2        240.0000000000         14.0003472608         -0.5665041980          0.0000000000        273.0000000000          0.0000000000
  2        243.0000000000         14.0003472608         -0.5693128910          0.0000000000        273.0000000000          0.0000000000
  2        246.0000000000         14.0003472608         -0.5722311669          0.0000000000        273.0000000000          0.0000000000
  2        249.0000000000         14.0003472608         -0.5752576481          0.0000000000        273.0000000000          0.0000000000
  2        252.0000000000         14.0003472608         -0.5783821423          0.0000000000        273.0000000000          0.0000000000
  2        255.0000000000         14.0003472608         -0.5816063013          0.0000000000        273.0000000000          0.0000000000
  2        258.0000000000         14.0003472608         -0.5849321658          0.0000000000        273.0000000000          0.0000000000
  2        261.0000000000         14.0003472608         -0.5883625204          0.0000000000        273.0000000000          0.0000000000
  2        264.0000000000         14.0003472608         -0.5918976796          0.0000000000        273.0000000000          0.0000000000
  2        267.0000000000         14.0003472608         -0.5955331038          0.0000000000        273.0000000000          0.0000000000
  2        270.0000000000         14.0003472608         -0.5992686263          0.0000000000        273.0000000000          0.0000000000
  2        273.0000000000         14.0003472608         -0.6031003344          0.0000000000        273.0000000000          0.0000000000
  2        276.0000000000         14.0003472608         -0.6070231335          0.0000000000        273.0000000000          0.0000000000
  2        279.0000000000         14.0003472608         -0.6110529792          0.0000000000        273.0000000000          0.0000000000
  2        282.0000000000         14.0003472608         -0.6151929166          0.0000000000        273.0000000000          0.0000000000
  2        285.0000000000         14.0003472608         -0.6194426500          0.0000000000        273.0000000000          0.0000000000
  2        288.0000000000         14.0003472608         -0.6237829784          0.0000000000        273.0000000000          0.0000000000
  2        291.0000000000         14.0003472608         -0.6282214885          0.0000000000        273.0000000000          0.0000000000
  2        294.0000000000         14.0003472608         -0.6327422977          0.0000000000        273.0000000000          0.0000000000
  2        297.0000000000         14.0003472608         -0.6373555974          0.0000000000        273.0000000000          0.0000000000
  2        300.0000000000         14.0003472608         -0.6420669539          0.0000000000        273.0000000000          0.0000000000
  2        303.0000000000         14.0003472608         -0.6468642409          0.0000000000        273.0000000000          0.0000000000
  2        306.0000000000         14.0003472608         -0.6517494160          0.0000000000        273.0000000000          0.0000000000
  2        309.0000000000         14.0003472608         -0.6567198745          0.0000000000        273.0000000000          0.0000000000
  2        312.0000000000         14.0003472608         -0.6617741989          0.0000000000        273.0000000000          0.0000000000
  2        315.0000000000         14.0003472608         -0.6668856051          0.0000000000        273.0000000000          0.0000000000
  2        318.0000000000         14.0003472608         -0.6720426985          0.0000000000        273.0000000000          0.0000000000
  2        321.0000000000         14.0003472608         -0.6773134683          0.0000000000        273.0000000000          0.0000000000
  2        324.0000000000         14.0003472608         -0.6826660016          0.0000000000        273.0000000000          0.0000000000
  2        327.0000000000         14.0003472608         -0.6880008559          0.0000000000        273.0000000000          0.0000000000
  2        330.0000000000         14.0003472608         -0.6934074630          0.0000000000        273.0000000000          0.0000000000
  2        333.0000000000         14.0003472608         -0.6988524402          0.0000000000        273.0000000000          0.0000000000
  2        336.0000000000         14.0003472608         -0.7043689937          0.0000000000        273.0000000000          0.0000000000
  2        339.0000000000         14.0003472608         -0.7098950404          0.0000000000        273.0000000000          0.0000000000
  2        342.0000000000         14.0003472608         -0.7154355034          0.0000000000        273.0000000000          0.0000000000
  2        345.0000000000         14.0003472608         -0.7209994376          0.0000000000        273.0000000000          0.0000000000
  2        348.0000000000         14.0003472608         -0.7265837729          0.0000000000        273.0000000000          0.0000000000
  2        351.0000000000         14.0003472608         -0.7321636788          0.0000000000        273.0000000000          0.0000000000
  2        354.0000000000         14.0003472608         -0.7377293080          0.0000000000        273.0000000000          0.0000000000
  2        357.0000000000         14.0003472608         -0.7432802458          0.0000000000        273.0000000000          0.0000000000
  2        360.0000000000         14.0003472608         -0.7488251082          0.0000000000        273.0000000000          0.0000000000
  2        363.0000000000         14.0003472608         -0.7543146437          0.0000000000        273.0000000000          0.0000000000
  2        366.0000000000         14.0003472608         -0.7597575448          0.0000000000        273.0000000000          0.0000000000
  2        369.0000000000         14.0003472608         -0.7651616440          0.0000000000        273.0000000000          0.0000000000
  2        372.0000000000         14.0003472608         -0.7705050651          0.0000000000        273.0000000000          0.0000000000
  2        375.0000000000         14.0003472608         -0.7757638062          0.0000000000        273.0000000000          0.0000000000
  2        378.0000000000         14.0003472608         -0.7809465792          0.0000000000        273.0000000000          0.0000000000
  2        381.0000000000         14.0003472608         -0.7860467047          0.0000000000        273.0000000000          0.0000000000
  2        384.0000000000         14.0003472608         -0.7910466933          0.0000000000        273.0000000000          0.0000000000
  2        387.0000000000         14.0003472608         -0.7959408319          0.0000000000        273.0000000000          0.0000000000
  2        390.0000000000         14.0003472608         -0.8007010748          0.0000000000        273.0000000000          0.0000000000
  2        393.0000000000         14.0003472608         -0.8053266503          0.0000000000        273.0000000000          0.0000000000
  2        396.0000000000         14.0003472608         -0.8098157639          0.0000000000        273.0000000000          0.0000000000
  2        399.0000000000         14.0003472608         -0.8141586532          0.0000000000        273.0000000000          0.0000000000
  2        402.0000000000         14.0003472608         -0.8183393278          0.0000000000        273.0000000000          0.0000000000
  2        405.0000000000         14.0003472608         -0.8223508971          0.0000000000        273.0000000000          0.0000000000
  2        408.0000000000         14.0003472608         -0.8261878385          0.0000000000        273.0000000000          0.0000000000
  2        411.0000000000         14.0003472608         -0.8298443533          0.0000000000        273.0000000000          0.0000000000
  2        414.0000000000         14.0003472608         -0.8333244932          0.0000000000        273.0000000000          0.0000000000
  2        417.0000000000         14.0003472608         -0.8365818351          0.0000000000        273.0000000000          0.0000000000
  2        420.0000000000         14.0003472608         -0.8396331090          0.0000000000        273.0000000000          0.0000000000
  2        423.0000000000         14.0003472608         -0.8424819613          0.0000000000        273.0000000000          0.0000000000
  2        426.0000000000         14.0003472608         -0.8451105205          0.0000000000        273.0000000000          0.0000000000
  2        429.0000000000         14.0003472608         -0.8475169440          0.0000000000        273.0000000000          0.0000000000
  2        432.0000000000         14.0003472608         -0.8496942355          0.0000000000        273.0000000000          0.0000000000
  2        435.0000000000         14.0003472608         -0.8516421183          0.0000000000        273.0000000000          0.0000000000
  2        438.0000000000         14.0003472608         -0.8533546723          0.0000000000        273.0000000000          0.0000000000
  2        441.0000000000         14.0003472608         -0.8548249393          0.0000000000        273.0000000000          0.0000000000
  2        444.0000000000         14.0003472608         -0.8560531715          0.0000000000        273.0000000000          0.0000000000
  2        447.0000000000         14.0003472608         -0.8570353608          0.0000000000        273.0000000000          0.0000000000
  2        450.0000000000         14.0003472608         -0.8577697331          0.0000000000        273.0000000000          0.0000000000
  2        453.0000000000         14.0003472608         -0.8587686109          0.0000000000        273.0000000000          0.0000000000
  2        456.0000000000         14.0003472608         -0.8925030078          0.0000000000        273.0000000000          0.0000000000
  3        195.0000000000         14.0003472608          0.2248625191          0.0000000000        272.9966480797          0.0000000000
  3        198.0000000000         14.0003472608          0.9833002301          0.0000000000        272.9989999846          0.0000000000
  3        201.0000000000         14.0003472608          0.8962384552          0.0000000000        272.9999327952          0.0000000000
  3        204.0000000000         14.0003472608          0.8790763353          0.0000000000        272.9999960209          0.0000000000
  3        207.0000000000         14.0003472608          0.8790093709          0.0000000000        272.9999998286          0.0000000000
  3        210.0000000000         14.0003472608          0.8800562613          0.0000000000        272.9999999933          0.0000000000
  3        213.0000000000         14.0003472608          0.8818621742          0.0000000000        272.9999999998          0.0000000000
  3        216.0000000000         14.0003472608          0.8839496988          0.0000000000        273.0000000000          0.0000000000
  3        219.0000000000         14.0003472608          0.8859617687          0.0000000000        273.0000000000          0.0000000000
  3        222.0000000000         14.0003472608          0.8877071534          0.0000000000        273.0000000000          0.0000000000
  3        225.0000000000         14.0003472608          0.8890813787          0.0000000000        273.0000000000          0.0000000000
  3        228.0000000000         14.0003472608          0.8900296545          0.0000000000        273.0000000000          0.0000000000
  3        231.0000000000         14.0003472608          0.8905308332          0.0000000000        273.0000000000          0.0000000000
  3        234.0000000000         14.0003472608          0.8905850178          0.0000000000        273.0000000000          0.0000000000
  3        237.0000000000         14.0003472608          0.8901908308          0.0000000000        273.0000000000          0.0000000000
  3        240.0000000000         14.0003472608          0.8893517503          0.0000000000        273.0000000000          0.0000000000
  3        243.0000000000         14.0003472608          0.8880829050          0.0000000000        273.0000000000          0.0000000000
  3        246.0000000000         14.0003472608          0.8863995119          0.0000000000        273.0000000000          0.0000000000
  3        249.0000000000         14.0003472608          0.8843217479          0.0000000000        273.0000000000          0.0000000000
  3        252.0000000000         14.0003472608          0.8818735490          0.0000000000        273.0000000000          0.0000000000
  3        255.0000000000         14.0003472608          0.8790751092          0.0000000000        273.0000000000          0.0000000000
  3        258.0000000000         14.0003472608          0.8759428421          0.0000000000        273.0000000000          0.0000000000
  3        261.0000000000         14.0003472608          0.8724958849          0.0000000000        273.0000000000          0.0000000000
  3        264.0000000000         14.0003472608          0.8687577035          0.0000000000        273.0000000000          0.0000000000
  3        267.0000000000         14.0003472608          0.8647568480          0.0000000000        273.0000000000          0.0000000000
  3        270.0000000000         14.0003472608          0.8605180040          0.0000000000        273.0000000000          0.0000000000
  3        273.0000000000         14.0003472608          0.8560615251          0.0000000000        273.0000000000          0.0000000000
  3        276.0000000000         14.0003472608          0.8514067881          0.0000000000        273.0000000000          0.0000000000
  3        279.0000000000         14.0003472608          0.8465697822          0.0000000000        273.0000000000          0.0000000000
  3        282.0000000000         14.0003472608          0.8415702769          0.0000000000        273.0000000000          0.0000000000
  3        285.0000000000         14.0003472608          0.8364348985          0.0000000000        273.0000000000          0.0000000000
  3        288.0000000000         14.0003472608          0.8311910390          0.0000000000        273.0000000000          0.0000000000
  3        291.0000000000         14.0003472608          0.8258606799          0.0000000000        273.0000000000          0.0000000000
  3        294.0000000000         14.0003472608          0.8204652130          0.0000000000        273.0000000000          0.0000000000
  3        297.0000000000         14.0003472608          0.8150108709          0.0000000000        273.0000000000          0.0000000000
  3        300.0000000000         14.0003472608          0.8095091690          0.0000000000        273.0000000000          0.0000000000
  3        303.0000000000         14.0003472608          0.8039860945          0.0000000000        273.0000000000          0.0000000000
  3        306.0000000000         14.0003472608          0.7984507596          0.0000000000        273.0000000000          0.0000000000
  3        309.0000000000         14.0003472608          0.7929204635          0.0000000000        273.0000000000          0.0000000000
  3        312.0000000000         14.0003472608          0.7874153501          0.0000000000        273.0000000000          0.0000000000
  3        315.0000000000         14.0003472608          0.7819466587          0.0000000000        273.0000000000          0.0000000000
  3        318.0000000000         14.0003472608          0.7765325810          0.0000000000        273.0000000000          0.0000000000
  3        321.0000000000         14.0003472608          0.7711541569          0.0000000000        273.0000000000          0.0000000000
  3        324.0000000000         14.0003472608          0.7658233085          0.0000000000        273.0000000000          0.0000000000
  3        327.0000000000         14.0003472608          0.7606087139          0.0000000000        273.0000000000          0.0000000000
  3        330.0000000000         14.0003472608          0.7554865086          0.0000000000        273.0000000000          0.0000000000
  3        333.0000000000         14.0003472608          0.7504419775          0.0000000000        273.0000000000          0.0000000000
  3        336.0000000000         14.0003472608          0.7454637414          0.0000000000        273.0000000000          0.0000000000
  3        339.0000000000         14.0003472608          0.7405903360          0.0000000000        273.0000000000          0.0000000000
  3        342.0000000000         14.0003472608          0.7358318271          0.0000000000        273.0000000000          0.0000000000
  3        345.0000000000         14.0003472608          0.7311786856          0.0000000000        273.0000000000          0.0000000000
  3        348.0000000000         14.0003472608          0.7266233855          0.0000000000        273.0000000000          0.0000000000
  3        351.0000000000         14.0003472608          0.7221781431          0.0000000000        273.0000000000          0.0000000000
  3        354.0000000000         14.0003472608          0.7178541134          0.0000000000        273.0000000000          0.0000000000
  3        357.0000000000         14.0003472608          0.7136514299          0.0000000000        273.0000000000          0.0000000000
  3        360.0000000000         14.0003472608          0.7095566106          0.0000000000        273.0000000000          0.0000000000
  3        363.0000000000         14.0003472608          0.7055824125          0.0000000000        273.0000000000          0.0000000000
  3        366.0000000000         14.0003472608          0.7017344055          0.0000000000        273.0000000000          0.0000000000
  3        369.0000000000         14.0003472608          0.6980022112          0.0000000000        273.0000000000          0.0000000000
  3        372.0000000000         14.0003472608          0.6943795499          0.0000000000        273.0000000000          0.0000000000
  3        375.0000000000         14.0003472608          0.6908816775          0.0000000000        273.0000000000          0.0000000000
  3        378.0000000000         14.0003472608          0.6875056231          0.0000000000        273.0000000000          0.0000000000
  3        381.0000000000         14.0003472608          0.6842414519          0.0000000000        273.0000000000          0.0000000000
  3        384.0000000000         14.0003472608          0.6810846591          0.0000000000        273.0000000000          0.0000000000
  3        387.0000000000         14.0003472608          0.6780464741          0.0000000000        273.0000000000          0.0000000000
  3        390.0000000000         14.0003472608          0.6751337385          0.0000000000        273.0000000000          0.0000000000
  3        393.0000000000         14.0003472608          0.6723424664          0.0000000000        273.0000000000          0.0000000000
  3        396.0000000000         14.0003472608          0.6696693374          0.0000000000        273.0000000000          0.0000000000
  3        399.0000000000         14.0003472608          0.6671141693          0.0000000000        273.0000000000          0.0000000000
  3        402.0000000000         14.0003472608          0.6646757257          0.0000000000        273.0000000000          0.0000000000
  3        405.0000000000         14.0003472608          0.6623577994          0.0000000000        273.0000000000          0.0000000000
  3        408.0000000000         14.0003472608          0.6601629162          0.0000000000        273.0000000000          0.0000000000
  3        411.0000000000         14.0003472608          0.6580849265          0.0000000000        273.0000000000          0.0000000000
  3        414.0000000000         14.0003472608          0.6561298756          0.0000000000        273.0000000000          0.0000000000
  3        417.0000000000         14.0003472608          0.6543059210          0.0000000000        273.0000000000          0.0000000000
  3        420.0000000000         14.0003472608          0.6526063881          0.0000000000        273.0000000000          0.0000000000
  3        423.0000000000         14.0003472608          0.6510273647          0.0000000000        273.0000000000          0.0000000000
  3        426.0000000000         14.0003472608          0.6495752465          0.0000000000        273.0000000000          0.0000000000
  3        429.0000000000         14.0003472608          0.6482536984          0.0000000000        273.0000000000          0.0000000000
  3        432.0000000000         14.0003472608          0.6470633601          0.0000000000        273.0000000000          0.0000000000
  3        435.0000000000         14.0003472608          0.6460047265          0.0000000000        273.0000000000          0.0000000000
  3        438.0000000000         14.0003472608          0.6450740157          0.0000000000        273.0000000000          0.0000000000
  3        441.0000000000         14.0003472608          0.6442778691          0.0000000000        273.0000000000          0.0000000000
  3        444.0000000000         14.0003472608          0.6436162329          0.0000000000        273.0000000000          0.0000000000
  3        447.0000000000         14.0003472608          0.6430976659          0.0000000000        273.0000000000          0.0000000000
  3        450.0000000000         14.0003472608          0.6427077031          0.0000000000        273.0000000000          0.0000000000
  3        453.0000000000         14.0003472608          0.6414154559          0.0000000000        273.0000000000          0.0000000000
  3        456.0000000000         14.0003472608          0.5802904427          0.0000000000        273.0000000000          0.0000000000
  4        195.0000000000         14.0003472608          1.6970000864          0.0000000000        272.9952665318          0.0000000000
  4        198.0000000000         14.0003472608          2.9054308013          0.0000000000        272.9976128258          0.0000000000
  4        201.0000000000         14.0003472608          2.8892158912          0.0000000000        272.9998556102          0.0000000000
  4        204.0000000000         14.0003472608          2.9089050832          0.0000000000        272.9999902452          0.0000000000
  4        207.0000000000         14.0003472608          2.9164604178          0.0000000000        272.9999993022          0.0000000000
  4        210.0000000000         14.0003472608          2.9226932730          0.0000000000        272.9999999520          0.0000000000
  4        213.0000000000         14.0003472608          2.9332078785          0.0000000000        272.9999999967          0.0000000000
  4        216.0000000000         14.0003472608          2.9471829308          0.0000000000        272.9999999998          0.0000000000
  4        219.0000000000         14.0003472608          2.9641112133          0.0000000000        273.0000000000          0.0000000000
  4        222.0000000000         14.0003472608          2.9830414959          0.0000000000        273.0000000000          0.0000000000
  4        225.0000000000         14.0003472608          3.0032256149          0.0000000000        273.0000000000          0.0000000000
  4        228.0000000000         14.0003472608          3.0234495037          0.0000000000        273.0000000000          0.0000000000
  4        231.0000000000         14.0003472608          3.0426917610          0.0000000000        273.0000000000          0.0000000000
  4        234.0000000000         14.0003472608          3.0600636172          0.0000000000        273.0000000000          0.0000000000
  4        237.0000000000         14.0003472608          3.0747049718          0.0000000000        273.0000000000          0.0000000000
  4        240.0000000000         14.0003472608          3.0856616837          0.0000000000        273.0000000000          0.0000000000
  4        243.0000000000         14.0003472608          3.0929432138          0.0000000000        273.0000000000          0.0000000000
  4        246.0000000000         14.0003472608          3.0956514237          0.0000000000        273.0000000000          0.0000000000
  4        249.0000000000         14.0003472608          3.0936658707          0.0000000000        273.0000000000          0.0000000000
  4        252.0000000000         14.0003472608          3.0870856245          0.0000000000        273.0000000000          0.0000000000
  4        255.0000000000         14.0003472608          3.0759621809          0.0000000000        273.0000000000          0.0000000000
  4        258.0000000000         14.0003472608          3.0605506534          0.0000000000        273.0000000000          0.0000000000
  4        261.0000000000         14.0003472608          3.0412064166          0.0000000000        273.0000000000          0.0000000000
  4        264.0000000000         14.0003472608          3.0183326608          0.0000000000        273.0000000000          0.0000000000
  4        267.0000000000         14.0003472608          2.9923334188          0.0000000000        273.0000000000          0.0000000000
  4        270.0000000000         14.0003472608          2.9636432451          0.0000000000        273.0000000000          0.0000000000
  4        273.0000000000         14.0003472608          2.9326852387          0.0000000000        273.0000000000          0.0000000000
  4        276.0000000000         14.0003472608          2.8998394585          0.0000000000        273.0000000000          0.0000000000
  4        279.0000000000         14.0003472608          2.8654639689          0.0000000000        273.0000000000          0.0000000000
  4        282.0000000000         14.0003472608          2.8298707776          0.0000000000        273.0000000000          0.0000000000
  4        285.0000000000         14.0003472608          2.7933789624          0.0000000000        273.0000000000          0.0000000000
  4        288.0000000000         14.0003472608          2.7561493478          0.0000000000        273.0000000000          0.0000000000
  4        291.0000000000         14.0003472608          2.7184219408          0.0000000000        273.0000000000          0.0000000000
  4        294.0000000000         14.0003472608          2.6803463622          0.0000000000        273.0000000000          0.0000000000
  4        297.0000000000         14.0003472608          2.6420224745          0.0000000000        273.0000000000          0.0000000000
  4        300.0000000000         14.0003472608          2.6036330891          0.0000000000        273.0000000000          0.0000000000
  4        303.0000000000         14.0003472608          2.5651896715          0.0000000000        273.0000000000          0.0000000000
  4        306.0000000000         14.0003472608          2.5268242144          0.0000000000        273.0000000000          0.0000000000
  4        309.0000000000         14.0003472608          2.4886466482          0.0000000000        273.0000000000          0.0000000000
  4        312.0000000000         14.0003472608          2.4507191540          0.0000000000        273.0000000000          0.0000000000
  4        315.0000000000         14.0003472608          2.4131261954          0.0000000000        273.0000000000          0.0000000000
  4        318.0000000000         14.0003472608          2.3759371335          0.0000000000        273.0000000000          0.0000000000
  4        321.0000000000         14.0003472608          2.3392282656          0.0000000000        273.0000000000          0.0000000000
  4        324.0000000000         14.0003472608          2.3030574467          0.0000000000        273.0000000000          0.0000000000
  4        327.0000000000         14.0003472608          2.2674962264          0.0000000000        273.0000000000          0.0000000000
  4        330.0000000000         14.0003472608          2.2326456335          0.0000000000        273.0000000000          0.0000000000
  4        333.0000000000         14.0003472608          2.1985536303          0.0000000000        273.0000000000          0.0000000000
  4        336.0000000000         14.0003472608          2.1652360943          0.0000000000        273.0000000000          0.0000000000
  4        339.0000000000         14.0003472608          2.1327233315          0.0000000000        273.0000000000          0.0000000000
  4        342.0000000000         14.0003472608          2.1010765221          0.0000000000        273.0000000000          0.0000000000
  4        345.0000000000         14.0003472608          2.0703438507          0.0000000000        273.0000000000          0.0000000000
  4        348.0000000000         14.0003472608          2.0405265610          0.0000000000        273.0000000000          0.0000000000
  4        351.0000000000         14.0003472608          2.0116335540          0.0000000000        273.0000000000          0.0000000000
  4        354.0000000000         14.0003472608          1.9836872646          0.0000000000        273.0000000000          0.0000000000
  4        357.0000000000         14.0003472608          1.9566960194          0.0000000000        273.0000000000          0.0000000000
  4        360.0000000000         14.0003472608          1.9306507626          0.0000000000        273.0000000000          0.0000000000
  4        363.0000000000         14.0003472608          1.9055476303          0.0000000000        273.0000000000          0.0000000000
  4        366.0000000000         14.0003472608          1.8813861968          0.0000000000        273.0000000000          0.0000000000
  4        369.0000000000         14.0003472608          1.8581556236          0.0000000000        273.0000000000          0.0000000000
  4        372.0000000000         14.0003472608          1.8358439806          0.0000000000        273.0000000000          0.0000000000
  4        375.0000000000         14.0003472608          1.8144462124          0.0000000000        273.0000000000          0.0000000000
  4        378.0000000000         14.0003472608          1.7939573373          0.0000000000        273.0000000000          0.0000000000
  4        381.0000000000         14.0003472608          1.7743632598          0.0000000000        273.0000000000          0.0000000000
  4        384.0000000000         14.0003472608          1.7556441430          0.0000000000        273.0000000000          0.0000000000
  4        387.0000000000         14.0003472608          1.7377901618          0.0000000000        273.0000000000          0.0000000000
  4        390.0000000000         14.0003472608          1.7207977029          0.0000000000        273.0000000000          0.0000000000
  4        393.0000000000         14.0003472608          1.7046577856          0.0000000000        273.0000000000          0.0000000000
  4        396.0000000000         14.0003472608          1.6893559984          0.0000000000        273.0000000000          0.0000000000
  4        399.0000000000         14.0003472608          1.6748778060          0.0000000000        273.0000000000          0.0000000000
  4        402.0000000000         14.0003472608          1.6612088576          0.0000000000        273.0000000000          0.0000000000
  4        405.0000000000         14.0003472608          1.6483379246          0.0000000000        273.0000000000          0.0000000000
  4        408.0000000000         14.0003472608          1.6362557891          0.0000000000        273.0000000000          0.0000000000
  4        411.0000000000         14.0003472608          1.6249499193          0.0000000000        273.0000000000          0.0000000000
  4        414.0000000000         14.0003472608          1.6144111987          0.0000000000        273.0000000000          0.0000000000
  4        417.0000000000         14.0003472608          1.6046315933          0.0000000000        273.0000000000          0.0000000000
  4        420.0000000000         14.0003472608          1.5955989613          0.0000000000        273.0000000000          0.0000000000
  4        423.0000000000         14.0003472608          1.5873002120          0.0000000000        273.0000000000          0.0000000000
  4        426.0000000000         14.0003472608          1.5797272525          0.0000000000        273.0000000000          0.0000000000
  4        429.0000000000         14.0003472608          1.5728753352          0.0000000000        273.0000000000          0.0000000000
  4        432.0000000000         14.0003472608          1.5667375331          0.0000000000        273.0000000000          0.0000000000
  4        435.0000000000         14.0003472608          1.5613050162          0.0000000000        273.0000000000          0.0000000000
  4        438.0000000000         14.0003472608          1.5565679690          0.0000000000        273.0000000000          0.0000000000
  4        441.0000000000         14.0003472608          1.5525231673          0.0000000000        273.0000000000          0.0000000000
  4        444.0000000000         14.0003472608          1.5491659124          0.0000000000        273.0000000000          0.0000000000
  4        447.0000000000         14.0003472608          1.5464993828          0.0000000000        273.0000000000          0.0000000000
  4        450.0000000000         14.0003472608          1.5445107874          0.0000000000        273.0000000000          0.0000000000
  4        453.0000000000         14.0003472608          1.5418770172          0.0000000000        273.0000000000          0.0000000000
  4        456.0000000000         14.0003472608          1.4799237565          0.0000000000        273.0000000000          0.0000000000
  5        195.0000000000          3.7257561359          0.4359750650         13.0910909269        460.6852121802          0.0000000000
  5        198.0000000000          3.7926790897          0.5134698462         11.5549473132        430.8764508968          5.3647761637
  5        201.0000000000          4.1434491140          0.4320210025          3.3281917344        326.8903272731         23.6788796665
  5        204.0000000000          5.5823834771          0.1108140743          0.0541560011        273.0454922098         18.9246285324
  5        207.0000000000         14.0003472608          0.0909046400          0.0000000000        272.9994126385          0.0000000000
  5        210.0000000000         14.0003472608          0.0938229687          0.0000000000        272.9997698914          0.0000000000
  5        213.0000000000         14.0003472608          0.1146503655          0.0000000000        272.9999402058          0.0000000000
  5        216.0000000000         14.0003472608          0.1506355848          0.0000000000        272.9999894211          0.0000000000
  5        219.0000000000         14.0003472608          0.2037719171          0.0000000000        272.9999987525          0.0000000000
  5        222.0000000000         14.0003472608          0.2778970313          0.0000000000        272.9999999116          0.0000000000
  5        225.0000000000         14.0003472608          0.3734441202          0.0000000000        272.9999999976          0.0000000000
  5        228.0000000000         14.0003472608          0.4862301125          0.0000000000        273.0000000000          0.0000000000
  5        231.0000000000         14.0003472608          0.6143850621          0.0000000000        273.0000000000          0.0000000000
  5        234.0000000000         14.0003472608          0.7578966481          0.0000000000        273.0000000000          0.0000000000
  5        237.0000000000         14.0003472608          0.9179131792          0.0000000000        273.0000000000          0.0000000000
  5        240.0000000000         14.0003472608          1.1015712836          0.0000000000        273.0000000000          0.0000000000
  5        243.0000000000         14.0003472608          1.3250921932          0.0000000000        273.0000000000          0.0000000000
  5        246.0000000000         14.0003472608          1.6214630800          0.0000000000        273.0000000002          0.0000000000
  5        249.0000000000         14.0003472608          2.0606792367          0.0000000000        273.0000000022          0.0000000000
  5        252.0000000000         14.0003472608          2.7840467056          0.0000000000        273.0000000227          0.0000000000
  5        255.0000000000         14.0003472608          4.0443141849          0.0000000000        273.0000018064          0.0000000000
  5        258.0000000000          4.5863239857          6.1357185666          2.7297680965        291.0435785252         -0.0633802795
  5        261.0000000000          3.7453802572          8.9207485228         28.0574348464        451.0727007260         -0.2763430382
  5        264.0000000000          3.4982426497         10.8320532398         61.6129954962        580.4949813877         -0.3376028554
  5        267.0000000000          3.4458483751         11.3882853840         69.1117070596        610.6875458645         -0.2254821356
  5        270.0000000000          3.4379918355         11.5624839199         62.0341613470        614.7928403788          0.1673051546
  5        273.0000000000          3.4651237700         11.2613949455         48.2446928377        594.5749090351          1.9996353377
  5        276.0000000000          3.6219718280          8.1524707721         20.2812952770        490.6275473747          0.1040450352
  5        279.0000000000          4.1949884782          4.9547135002          2.8942632277        327.4843185697          0.0575237240
  5        282.0000000000         14.0003472608          4.1159512415          0.0000000000        273.0000170260          0.0000000000
  5        285.0000000000         14.0003472608          4.0136103770          0.0000000000        273.0000000270          0.0000000000
  5        288.0000000000         14.0003472608          3.8087082623          0.0000000000        273.0000000123          0.0000000000
  5        291.0000000000         14.0003472608          3.5490970932          0.0000000000        273.0000000042          0.0000000000
  5        294.0000000000         14.0003472608          3.2956924852          0.0000000000        273.0000000013          0.0000000000
  5        297.0000000000         14.0003472608          3.0533717385          0.0000000000        273.0000000004          0.0000000000
  5        300.0000000000         14.0003472608          2.8105079620          0.0000000000        273.0000000001          0.0000000000
  5        303.0000000000         14.0003472608          2.5604836777          0.0000000000        273.0000000001          0.0000000000
  5        306.0000000000         14.0003472608          2.3067809159          0.0000000000        273.0000000000          0.0000000000
  5        309.0000000000         14.0003472608          2.0578483348          0.0000000000        273.0000000000          0.0000000000
  5        312.0000000000         14.0003472608          1.8220913382          0.0000000000        273.0000000000          0.0000000000
  5        315.0000000000         14.0003472608          1.6052515943          0.0000000000        273.0000000000          0.0000000000
  5        318.0000000000         14.0003472608          1.4095079458          0.0000000000        273.0000000000          0.0000000000
  5        321.0000000000         14.0003472608          1.2341089217          0.0000000000        273.0000000000          0.0000000000
  5        324.0000000000         14.0003472608          1.0767644169          0.0000000000        273.0000000000          0.0000000000
  5        327.0000000000         14.0003472608          0.9351555370          0.0000000000        273.0000000000          0.0000000000
  5        330.0000000000         14.0003472608          0.8073459495          0.0000000000        273.0000000000          0.0000000000
  5        333.0000000000         14.0003472608          0.6916104833          0.0000000000        273.0000000000          0.0000000000
  5        336.0000000000         14.0003472608          0.5863991539          0.0000000000        273.0000000000          0.0000000000
  5        339.0000000000         14.0003472608          0.4905333377          0.0000000000        273.0000000000          0.0000000000
  5        342.0000000000         14.0003472608          0.4029629707          0.0000000000        273.0000000000          0.0000000000
  5        345.0000000000         14.0003472608          0.3228235783          0.0000000000        273.0000000000          0.0000000000
  5        348.0000000000         14.0003472608          0.2493997116          0.0000000000        273.0000000000          0.0000000000
  5        351.0000000000         14.0003472608          0.1820931459          0.0000000000        273.0000000000          0.0000000000
  5        354.0000000000         14.0003472608          0.1203943289          0.0000000000        273.0000000000          0.0000000000
  5        357.0000000000         14.0003472608          0.0638391143          0.0000000000        273.0000000000          0.0000000000
  5        360.0000000000         14.0003472608          0.0120124268          0.0000000000        273.0000000000          0.0000000000
  5        363.0000000000         14.0003472608         -0.0354922670          0.0000000000        273.0000000000          0.0000000000
  5        366.0000000000         14.0003472608         -0.0790500813          0.0000000000        273.0000000000          0.0000000000
  5        369.0000000000         14.0003472608         -0.1189709832          0.0000000000        273.0000000000          0.0000000000
  5        372.0000000000         14.0003472608         -0.1555361242          0.0000000000        273.0000000000          0.0000000000
  5        375.0000000000         14.0003472608         -0.1890100996          0.0000000000        273.0000000000          0.0000000000
  5        378.0000000000         14.0003472608         -0.2196257739          0.0000000000        273.0000000000          0.0000000000
  5        381.0000000000         14.0003472608         -0.2476218305          0.0000000000        273.0000000000          0.0000000000
  5        384.0000000000         14.0003472608         -0.2732087203          0.0000000000        273.0000000000          0.0000000000
  5        387.0000000000         14.0003472608         -0.2965941579          0.0000000000        273.0000000000          0.0000000000
  5        390.0000000000         14.0003472608         -0.3179506579          0.0000000000        273.0000000000          0.0000000000
  5        393.0000000000         14.0003472608         -0.3374361073          0.0000000000        273.0000000000          0.0000000000
  5        396.0000000000         14.0003472608         -0.3551954734          0.0000000000        273.0000000000          0.0000000000
  5        399.0000000000         14.0003472608         -0.3713615677          0.0000000000        273.0000000000          0.0000000000
  5        402.0000000000         14.0003472608         -0.3860597741          0.0000000000        273.0000000000          0.0000000000
  5        405.0000000000         14.0003472608         -0.3994076287          0.0000000000        273.0000000000          0.0000000000
  5        408.0000000000         14.0003472608         -0.4115077196          0.0000000000        273.0000000000          0.0000000000
  5        411.0000000000         14.0003472608         -0.4224532562          0.0000000000        273.0000000000          0.0000000000
  5        414.0000000000         14.0003472608         -0.4323288953          0.0000000000        273.0000000000          0.0000000000
  5        417.0000000000         14.0003472608         -0.4412112061          0.0000000000        273.0000000000          0.0000000000
  5        420.0000000000         14.0003472608         -0.4491713742          0.0000000000        273.0000000000          0.0000000000
  5        423.0000000000         14.0003472608         -0.4562764461          0.0000000000        273.0000000000          0.0000000000
  5        426.0000000000         14.0003472608         -0.4625867955          0.0000000000        273.0000000000          0.0000000000
  5        429.0000000000         14.0003472608         -0.4681544046          0.0000000000        273.0000000000          0.0000000000
  5        432.0000000000         14.0003472608         -0.4730244328          0.0000000000        273.0000000000          0.0000000000
  5        435.0000000000         14.0003472608         -0.4772396091          0.0000000000        273.0000000000          0.0000000000
  5        438.0000000000         14.0003472608         -0.4808402583          0.0000000000        273.0000000000          0.0000000000
  5        441.0000000000         14.0003472608         -0.4838588281          0.0000000000        273.0000000000          0.0000000000
  5        444.0000000000         14.0003472608         -0.4863223999          0.0000000000        273.0000000000          0.0000000000
  5        447.0000000000         14.0003472608         -0.4882484430          0.0000000000        273.0000000000          0.0000000000
  5        450.0000000000         14.0003472608         -0.4896287143          0.0000000000        273.0000000000          0.0000000000
  5        453.0000000000         14.0003472608         -0.4918575895          0.0000000000        273.0000000000          0.0000000000
  5        456.0000000000         14.0003472608         -0.5470094088          0.0000000000        273.0000000000          0.0000000000
  6        195.0000000000          4.4011990502          5.5024495500          1.3223895725        309.0260529380          0.0000000000
  6        198.0000000000          6.0295637114         14.5117748967          0.2651519145        273.3160218577         -0.0710005787
  6        201.0000000000          3.1057919811         27.5603218630        671.2625264608        681.8832768250         -0.2812762891
  6        204.0000000000          3.0133311499         30.4949843992        963.1189295100        726.5485855646        101.8019254869
  6        207.0000000000          3.1794519729         29.2766954613        615.3469558223        692.6173378879          2.1072874907
  6        210.0000000000          3.4104604418         24.8617570843        269.0987679452        645.8334494646          0.4760739983
  6        213.0000000000          3.3743996272         20.4938092200        229.2146889003        662.0077227568         -0.0787133697
  6        216.0000000000          3.3071770178         14.2278630973        198.3819896524        670.0853809273          0.0074343611
  6        219.0000000000          3.4270433636          4.1805817380        105.5004814367        603.8948332667          0.0607462942
  6        222.0000000000          4.0569429589         -3.6733889832         17.9540875809        351.0592861673          0.3108212595
  6        225.0000000000         14.0003472608         -2.8778809584          0.0000000000        273.0000194515          0.0000000000
  6        228.0000000000         14.0003472608         -1.4003769986          0.0000000000        273.0000001566          0.0000000000
  6        231.0000000000         14.0003472608         -1.1063526675          0.0000000000        273.0000149734          0.0000000000
  6        234.0000000000          4.2051221606         -1.7288151559          2.9293773531        318.0144956193         -0.0167551175
  6        237.0000000000          3.7167204772          6.7963845204         17.7211350297        490.4616414644         -0.1236991767
  6        240.0000000000          3.3241827449         11.2672790556         77.1534763138        652.0418874124         -0.7905530325
  6        243.0000000000          3.3927476540         12.0145090463         68.1652482470        637.4879614973         40.2139312351
  6        246.0000000000          3.5344251883         10.0552741183         38.3082588498        593.6250467336          0.1113759868
  6        249.0000000000          3.4270678130          4.9926475008         16.7759615764        643.8059397981         -0.2059042161
  6        252.0000000000          3.3578083687          2.8761306203          6.0226191221        656.3663316473         -0.0642044287
  6        255.0000000000          3.4135695883          0.4863035683          0.3364081213        623.2038251375          0.4906997271
  6        258.0000000000          3.5386667934         -1.9796042582          1.5912596717        550.2731773314          0.9267466741
  6        261.0000000000          3.7267748306         -3.6567401973          5.3346174596        461.4350236377          5.3566636866
  6        264.0000000000          3.9869348521         -2.9751979976          4.0183549581        379.6589860075          1.6236220439
  6        267.0000000000          4.0009921895         -1.0131605472          3.7812101143        376.0199767946         -0.0041088040
  6        270.0000000000          3.7805705698          3.7661060525         12.2871478106        481.0261414934         -0.0223058363
  6        273.0000000000          3.7531521928          3.5984586395          8.9857999056        498.4705387807         -0.7629292421
  6        276.0000000000          3.7154975815          3.8632632323          7.2555033571        514.4488212243         -2.6965643492
  6        279.0000000000          3.6902039664          3.2408440298          7.3642017622        528.0992374283        -69.1476142713
  6        282.0000000000          3.6825385502          3.8728003621          9.6340238455        535.8356183599          0.3302547662
  6        285.0000000000          3.6810509825          3.3741607418          8.0694898049        541.6406356473         -0.1837108385
  6        288.0000000000          3.6734872139          2.9549760134          4.9036418630        542.8279220978         -0.0747030433
  6        291.0000000000          3.6322713493         -0.9323955175          6.7032725090        564.9226658064         -0.1148649282
  6        294.0000000000          3.6259292087         -0.4732167492          6.7563628546        583.7640692775         -0.0259179331
  6        297.0000000000          3.6048843401          2.1108712907          5.3817348646        586.3444930730         -0.0484990343
  6        300.0000000000          3.5996894858          1.0148983935          2.2402231067        579.4260565030          3.3245387960
  6        303.0000000000          3.6511750731         -3.3836279718         13.1576662215        539.6761371945          0.0743239718
  6        306.0000000000          3.9186869668         -6.8352169921         22.5614430631        400.3384781547          0.0328140521
  6        309.0000000000          4.1730075616         -7.0980681233         13.8927596751        333.9494601712          0.0462113853
  6        312.0000000000          4.0781993651         -5.9035290907         16.9230228631        356.9954674352          0.0549723152
  6        315.0000000000          3.9174681744         -1.3401798797         17.1024553918        418.2295753156          0.0027144131
  6        318.0000000000          3.9013304434          9.5438495756         18.1127850582        421.5940878114         -0.0004758340
  6        321.0000000000          3.9870740964         13.9013759866         24.5316217410        389.8609356482          0.0024852036
  6        324.0000000000          4.0359471633         12.1504635603         21.3366615834        375.0317221820          0.0115169842
  6        327.0000000000          4.0012064227          7.7593994243         16.6057915319        389.1184561009          0.0009410544
  6        330.0000000000          4.0110533866          0.2445360266         11.2693242013        383.2461976771         -0.0039323777
  6        333.0000000000          4.1218289910         -3.1578154982          6.6635866692        349.3190409885         -0.0144912845
  6        336.0000000000          4.2820341655         -2.9064471743          3.0876625159        319.1524869251         -1.0874978391
  6        339.0000000000          4.2505522795         -2.2253266904          2.7542431616        325.0385804254          0.1268257526
  6        342.0000000000          4.1300700477         -1.2835740986          2.7179872229        348.0204632177          0.0524894863
  6        345.0000000000          4.0090627249          0.3071418738          2.3315210338        381.5243993852          0.0380294230
  6        348.0000000000          3.9745642954          1.8809638167          2.3043049867        400.6600366453          0.0279526687
  6        351.0000000000          3.9895378752          3.1855005004          2.7025306785        395.1548162604         -0.0863685701
  6        354.0000000000          4.0837801372          3.6779564978          2.2927149859        363.3131803618         -9.8621449863
  6        357.0000000000          4.3649092744          3.5640097130          1.2351355112        309.2173986765         -1.8238797790
  6        360.0000000000          5.2577800907          2.7474958371          0.1337421043        274.5069100426         -0.0612622355
  6        363.0000000000         14.0003472608          1.6850796570          0.0000000000        273.0000002617          0.0000000000
  6        366.0000000000         14.0003472608          0.7929615047          0.0000000000        273.0000000026          0.0000000000
  6        369.0000000000         14.0003472608          0.1201257684          0.0000000000        273.0000000005          0.0000000000
  6        372.0000000000         14.0003472608         -0.3627743455          0.0000000000        273.0000000001          0.0000000000
  6        375.0000000000         14.0003472608         -0.7061284305          0.0000000000        273.0000000000          0.0000000000
  6        378.0000000000         14.0003472608         -0.9559633617          0.0000000000        273.0000000000          0.0000000000
  6        381.0000000000         14.0003472608         -1.1406716123          0.0000000000        273.0000000000          0.0000000000
  6        384.0000000000         14.0003472608         -1.2770119306          0.0000000000        273.0000000000          0.0000000000
  6        387.0000000000         14.0003472608         -1.3783752392          0.0000000000        273.0000000000          0.0000000000
  6        390.0000000000         14.0003472608         -1.4549342314          0.0000000000        273.0000000000          0.0000000000
  6        393.0000000000         14.0003472608         -1.5135198475          0.0000000000        273.0000000000          0.0000000000
  6        396.0000000000         14.0003472608         -1.5588578861          0.0000000000        273.0000000000          0.0000000000
  6        399.0000000000         14.0003472608         -1.5942865263          0.0000000000        273.0000000000          0.0000000000
  6        402.0000000000         14.0003472608         -1.6221967896          0.0000000000        273.0000000000          0.0000000000
  6        405.0000000000         14.0003472608         -1.6443268417          0.0000000000        273.0000000000          0.0000000000
  6        408.0000000000         14.0003472608         -1.6619616073          0.0000000000        273.0000000000          0.0000000000
  6        411.0000000000         14.0003472608         -1.6760598378          0.0000000000        273.0000000000          0.0000000000
  6        414.0000000000         14.0003472608         -1.6873554468          0.0000000000        273.0000000000          0.0000000000
  6        417.0000000000         14.0003472608         -1.6964067710          0.0000000000        273.0000000000          0.0000000000
  6        420.0000000000         14.0003472608         -1.7036511120          0.0000000000        273.0000000000          0.0000000000
  6        423.0000000000         14.0003472608         -1.7094369076          0.0000000000        273.0000000000          0.0000000000
  6        426.0000000000         14.0003472608         -1.7140443171          0.0000000000        273.0000000000          0.0000000000
  6        429.0000000000         14.0003472608         -1.7176968956          0.0000000000        273.0000000000          0.0000000000
  6        432.0000000000         14.0003472608         -1.7205738396          0.0000000000        273.0000000000          0.0000000000
  6        435.0000000000         14.0003472608         -1.7228226566          0.0000000000        273.0000000000          0.0000000000
  6        438.0000000000         14.0003472608         -1.7245632887          0.0000000000        273.0000000000          0.0000000000
  6        441.0000000000         14.0003472608         -1.7258937209          0.0000000000        273.0000000000          0.0000000000
  6        444.0000000000         14.0003472608         -1.7268886764          0.0000000000        273.0000000000          0.0000000000
  6        447.0000000000         14.0003472608         -1.7276058582          0.0000000000        273.0000000000          0.0000000000
  6        450.0000000000         14.0003472608         -1.7280439722          0.0000000000        273.0000000000          0.0000000000
  6        453.0000000000         14.0003472608         -1.7295640472          0.0000000000        273.0000000000          0.0000000000
  6        456.0000000000         14.0003472608         -1.7627598047          0.0000000000        273.0000000000          0.0000000000
  7        195.0000000000          1.9954884516          7.2545426644       1072.4446177464        797.0268285576          0.0000000000
  7        198.0000000000          2.0111474454         22.9993132653       5768.2641773943        797.3814176144          1.1206211631
  7        201.0000000000          2.4704227237         26.4453472792       2433.8117567173        787.2396890282        114.2414756058
  7        204.0000000000          3.1811248452         22.7273944522        353.5852848447        625.5246780127          1.6179236141
  7        207.0000000000          3.5630541691         12.7170572208         47.5194239717        549.7332310490          0.2212720712
  7        210.0000000000          3.6400971327         10.7223322606         27.3129905138        547.6909031131          1.2347874253
  7        213.0000000000          3.6503518876         12.0445693011         36.2674320511        553.8018518168          0.9250434238
  7        216.0000000000          3.7378424812         13.7000342225         46.3919934315        506.7199547508          0.9742682432
  7        219.0000000000          3.8954787441         13.7588019196         39.4346381249        433.3722319555          2.8640185370
  7        222.0000000000          3.8994182261         11.0703805063         31.6025794884        429.5553088413         -0.0443537095
  7        225.0000000000          3.7792322689          6.7049311407         20.0079218316        491.5911361801         -0.0279282366
  7        228.0000000000          3.7470174108          5.2922725508         12.2882473289        508.9599858034          0.0048396977
  7        231.0000000000          3.7633065794          5.4581344251         12.2207710631        507.7105966110        108.6822209719
  7        234.0000000000          3.7972108233          6.4535925981         13.4010524657        491.7554216861          0.1395669497
  7        237.0000000000          3.8115258263          7.3700831199         13.4486623987        484.6974827007          0.0420054048
  7        240.0000000000          3.8192417315          8.5419162586         13.5313260615        482.0723790752          0.0353894398
  7        243.0000000000          3.8199770128          9.5843732436         15.2742009751        482.6446755752         -0.0505498727
  7        246.0000000000          3.8186428224         10.3443508942         18.0690933650        479.3860944145         -0.1229032118
  7        249.0000000000          3.8443986969         10.7206074963         18.6327203183        461.1672488086         -0.0557295100
  7        252.0000000000          3.8806387488         11.1510519248         17.8616735688        438.2820074896         -0.0089023541
  7        255.0000000000          3.8980338780         11.4876685873         17.5619099794        430.9699634303          0.1921126024
  7        258.0000000000          3.8892843391         11.3009333380         16.7547418411        435.9557605607         -0.0120304405
  7        261.0000000000          3.8273027049          6.0563162132          5.6715398938        468.2441839864         -0.0059822790
  7        264.0000000000          3.8079588695          1.3084673277          0.3930560423        472.8265509032         -0.0073673157
  7        267.0000000000          3.7539121783         -1.2110005046          2.0944546112        507.3047321461          0.0255709884
  7        270.0000000000          3.7942454836         -1.6086443643          4.1293522421        493.2829615546          0.1836189695
  7        273.0000000000          3.7871945399         -1.1096800445          4.5930210115        493.4755775761         -0.0362055522
  7        276.0000000000          3.8186297766         -0.7136310946          3.8465885428        470.7518883442        612.8804240422
  7        279.0000000000          3.8854129590         -0.6645718539          3.2619283419        437.6497771179          0.1482634665
  7        282.0000000000          3.9593272076         -0.9933449489          2.8651668132        408.1705751202          0.0539868140
  7        285.0000000000          3.9359348895         -1.4361972821          2.1095943505        420.1868992186         -0.0304445071
  7        288.0000000000          3.8726511537         -1.4963304739          1.2628094172        446.1720232725         -1.4241879386
  7        291.0000000000          3.8584865503         -1.2478088490          0.5382630165        448.7600890288          0.4697139078
  7        294.0000000000          3.9295251644         -1.1351609294          0.2011117340        419.4600979520          0.1864726391
  7        297.0000000000          4.0472235333         -2.0761310499          0.7769324619        379.4566362807         -0.1989878576
  7        300.0000000000          4.1349116820         -2.7100721852          1.1916807069        351.2829165237         -0.4017205525
  7        303.0000000000          4.1625539671         -3.4503391769          1.7753939134        341.5497435255         -0.2658329739
  7        306.0000000000          4.1700579148         -4.0684335136          2.3445767490        339.6211135758         -0.2176030084
  7        309.0000000000          4.1870045701         -4.5504381229          2.7408278915        336.6034596840         -2.1613944820
  7        312.0000000000          4.2100944369         -4.5268042340          3.1282407055        331.6746292736         -0.0160702755
  7        315.0000000000          4.2041421469         -3.6787621289          3.5265085498        332.9581629757          0.0045564911
  7        318.0000000000          4.1909841709         -2.6105573847          3.9898838975        335.4881700135         -0.0038413215
  7        321.0000000000          4.2053514471         -2.0696340323          5.0083703422        332.1138693829         -0.0436214854
  7        324.0000000000          4.2184266342         -1.5387086213          6.4327325044        329.1293768363         -0.0633476434
  7        327.0000000000          4.2150183194         -0.8477873416          8.3875693688        329.6259905863          0.0365913386
  7        330.0000000000          4.2039044179         -0.1545383956         10.4107922548        331.4500759084          0.0952642041
  7        333.0000000000          4.1861255621          0.5009118099         12.1290718340        334.2787727171         -0.0240529682
  7        336.0000000000          4.1570534084          1.3281328686         13.2943064655        338.5500000835          0.1931588394
  7        339.0000000000          4.1271134470          2.2368764443         13.9820368629        345.7561450231          0.2435208432
  7        342.0000000000          4.0983504486          3.2184991716         14.5145103186        353.6668266337          1.2738926345
  7        345.0000000000          4.0901530445          3.4929128127         14.2628009192        358.0975103871          0.2610921527
  7        348.0000000000          4.0959535883          3.1310349239         13.4073891225        356.8267103665          0.0009032139
  7        351.0000000000          4.1264722764          2.8079630514         10.7891397483        350.7744959980          0.1697721780
  7        354.0000000000          4.1357939432          3.0426579001         11.1001791084        350.8712680777          3.2151124341
  7        357.0000000000          4.1208921551          2.8627225557         12.3356750210        356.7809774811          0.5818820018
  7        360.0000000000          4.1277281082          1.1436887074         10.6575511201        355.9528117955         -0.0216080267
  7        363.0000000000          4.2767564679         -3.1782751804          5.6092312405        327.7303975582         -0.0268547957
  7        366.0000000000          5.0024337147         -6.3933400729          1.0327917675        281.1249015349         -0.0505128480
  7        369.0000000000          5.2742005879         -7.1234767944          0.5692501668        277.0343830671          0.3965683146
  7        372.0000000000          4.8591112075         -6.9493700758          1.5962274555        284.7974166864          0.5740560024
  7        375.0000000000          4.4487862049         -6.1681455275          5.9785035235        306.5983339293          0.1093883790
  7        378.0000000000          4.2725109315         -3.7355225260         13.7313794128        326.7260138452          0.0280874614
  7        381.0000000000          4.1734360526         -1.0212602736         17.9281742470        341.9548901229          0.0018917408
  7        384.0000000000          4.1692730652          1.6634949308         15.3022615712        341.5576748781         -0.0173357699
  7        387.0000000000          4.1702426448          1.7631214197          9.6536823205        340.3210262549          0.1808444551
  7        390.0000000000          4.1266478820          0.8895743199          5.5237671813        349.4990771393          0.7190516612
  7        393.0000000000          3.9800942456         -0.0276435412          3.6775936549        398.9497176938          5.5155493004
  7        396.0000000000          3.9312530002          0.3458627550          3.4831640006        428.0737804244          0.0416784115
  7        399.0000000000          3.9433224237          2.2512559208          4.4240850456        421.2387004141         -0.0591198074
  7        402.0000000000          4.0322785070          3.5306206481          4.1505389349        383.9157740786       -119.2075660737
  7        405.0000000000          4.5177226069          3.2344887893          0.9998761390        298.0549408999         -0.4376025732
  7        408.0000000000          7.3190276443          2.0099917498          0.0003746620        273.0000059932         -0.0646593542
  7        411.0000000000         14.0003472608          1.0903767900          0.0000000000        273.0000000026          0.0000000000
  7        414.0000000000         14.0003472608          0.6681364980          0.0000000000        273.0000000004          0.0000000000
  7        417.0000000000         14.0003472608          0.4356754668          0.0000000000        273.0000000001          0.0000000000
  7        420.0000000000         14.0003472608          0.2745591183          0.0000000000        273.0000000000          0.0000000000
  7        423.0000000000         14.0003472608          0.1603502176          0.0000000000        273.0000000000          0.0000000000
  7        426.0000000000         14.0003472608          0.0790527830          0.0000000000        273.0000000000          0.0000000000
  7        429.0000000000         14.0003472608          0.0187878395          0.0000000000        273.0000000000          0.0000000000
  7        432.0000000000         14.0003472608         -0.0273117448          0.0000000000        273.0000000000          0.0000000000
  7        435.0000000000         14.0003472608         -0.0632337817          0.0000000000        273.0000000000          0.0000000000
  7        438.0000000000         14.0003472608         -0.0915120357          0.0000000000        273.0000000000          0.0000000000
  7        441.0000000000         14.0003472608         -0.1138000655          0.0000000000        273.0000000000          0.0000000000
  7        444.0000000000         14.0003472608         -0.1311817104          0.0000000000        273.0000000000          0.0000000000
  7        447.0000000000         14.0003472608         -0.1443802614          0.0000000000        273.0000000000          0.0000000000
  7        450.0000000000         14.0003472608         -0.1538506192          0.0000000000        273.0000000000          0.0000000000
  7        453.0000000000         14.0003472608         -0.1611424173          0.0000000000        273.0000000000          0.0000000000
  7        456.0000000000         14.0003472608         -0.1598242488          0.0000000000        273.0000000000          0.0000000000
  8        195.0000000000          1.9243934944          5.9861698096        641.7358896484        798.2081734923          0.0000000000
  8        198.0000000000          2.0870195919         17.1868785432       2618.5317872218        798.4206929545          3.2787572754
  8        201.0000000000          2.8273706062         19.4930731609        584.5784664570        750.5983477841         70.2284862475
  8        204.0000000000          3.5755929741         11.1708721759         46.6894489269        512.9751366014          0.5270690769
  8        207.0000000000          3.7322772206          6.0620835417         32.0406784635        468.7212595533          0.1191088877
  8        210.0000000000          4.0225232995          5.4444282686         17.8237108256        390.1526562446          0.8935801119
  8        213.0000000000          4.4048830803          4.8131238511          7.8858432572        309.5022574907         -1.9270550137
  8        216.0000000000          4.6141357208          4.2877197887          4.6154547762        292.0676852464         -0.3230647742
  8        219.0000000000          4.3749251750          4.6816483511          4.4152086324        308.0029581197          0.7072346247
  8        222.0000000000          3.9864221413          4.6025474761          3.2832112087        382.3439055066        675.2017573828
  8        225.0000000000          3.8942614020          3.6385832438          2.7155760339        430.3084408044          0.3346568501
  8        228.0000000000          3.8741920477          4.6374876998          5.5523493759        442.5886461861          0.0199325401
  8        231.0000000000          3.8603682235          4.8282417663          9.6480752505        448.5502579779         -0.1903895533
  8        234.0000000000          3.8525830597          4.2867275151         13.6464661379        453.6408875697         -0.0568839189
  8        237.0000000000          3.8374915893          3.0612522212         13.6145399978        459.8699848672         -0.0277728463
  8        240.0000000000          3.8383118588          1.7225418309         10.8375990097        460.8308868565          0.2413290285
  8        243.0000000000          3.8538681911          1.1929102316          8.6191734537        454.6306594562        373.0748089294
  8        246.0000000000          3.8733571207          1.4014892894          8.9623963570        445.3641430745          0.3384660769
  8        249.0000000000          3.8977839999          2.0093435431          9.9221348917        437.0569378167          0.3117848206
  8        252.0000000000          3.9204644478          2.7104729400         10.2260792167        431.3710885365          0.8721938090
  8        255.0000000000          3.9400247821          3.3134596549          8.8383579684        425.4936670472          0.1624366645
  8        258.0000000000          3.9646066219          4.3283140176          7.1274051050        415.8876879348         -0.0057517671
  8        261.0000000000          3.9866337094          7.2764008132          8.2469558353        405.9590511520         -0.0086433618
  8        264.0000000000          3.9807137917         10.5806214165         12.5073173561        404.5286528036         -0.0410608693
  8        267.0000000000          3.9635913022         10.0191072477         11.9776680994        405.0943400424         -0.3458515127
  8        270.0000000000          4.1537731944          8.3059843430          7.9321393892        347.4229823594         -0.4039844540
  8        273.0000000000          4.8443024696          8.1598122189          1.4262819127        282.9303400971         -4.2104932991
  8        276.0000000000          4.7364520157          6.8290475980          1.4785043714        284.5816644246          0.0650283641
  8        279.0000000000          4.1391925138          2.8781538123          2.7638409806        342.3546648704          0.0369915163
  8        282.0000000000          3.9446196869          0.2055565070          1.5185789489        403.7423685908          0.1385817587
  8        285.0000000000          3.9924728469          0.2665292939          2.0526123047        397.7203959785        222.8085887442
  8        288.0000000000          4.1117966315         -0.2965302248          2.4366303156        358.8994854833         -0.3377565212
  8        291.0000000000          4.3298624803         -1.9801071555          1.6364192957        314.2609256576         -0.0721552792
  8        294.0000000000          4.1953967698         -3.5301208203          2.3248251993        334.7244771230          0.1325026883
  8        297.0000000000          4.1008162589         -3.7205779434          2.8833163571        353.4701266504          0.5345525891
  8        300.0000000000          4.0682092454         -3.4425811137          2.4046845624        360.8184181448          2.5602461418
  8        303.0000000000          4.0981293267         -3.2700822167          1.7678365495        354.5252619664         -0.5029668154
  8        306.0000000000          4.1431487534         -3.2282720676          1.7689652627        342.6599917965         -0.2013582782
  8        309.0000000000          4.1198675993         -2.8895873876          1.8110703221        346.4914094681          0.5753107304
  8        312.0000000000          4.0586370937         -2.7348184999          2.5569645029        363.5168472726     785194.1526105112
  8        315.0000000000          4.0447887974         -2.6540579931          3.5489050829        370.6897718603        112.5177330918
  8        318.0000000000          4.0515244868         -2.7504550182          4.8731986205        369.0043811633         -0.1167994015
  8        321.0000000000          4.0722038065         -3.0424391799          7.0548763772        363.8824203622         -0.0599874416
  8        324.0000000000          4.1240242131         -3.3312250488          8.6498147624        352.2803978137         -0.0784489310
  8        327.0000000000          4.1910987670         -3.2617090341          7.6599790642        339.2643557677         -0.1514323652
  8        330.0000000000          4.1975954723         -3.0432424954          7.1389898379        338.3744643765         47.4527515888
  8        333.0000000000          4.1727099599         -2.7363670004          7.1823670212        343.5583925331          1.2746485716
  8        336.0000000000          4.1509981133         -2.5642049705          8.0033681052        347.4327582171         -0.0851320007
  8        339.0000000000          4.1534005189         -2.3610360283          9.0072440118        346.3214660114         -0.0472904745
  8        342.0000000000          4.1699520821         -1.5054917963          9.5499553198        341.2433337035         -0.0185793633
  8        345.0000000000          4.2066062125          1.1322047361          9.2283769424        333.3668969506         -0.0154214452
  8        348.0000000000          4.2431848178          4.1165073961          9.6178609803        326.5698859735         -0.0218102322
  8        351.0000000000          4.2743643654          6.3902722580         10.8076936502        321.5635172925         -0.0273879071
  8        354.0000000000          4.3015233822          7.9606078607         12.2286798501        317.9660766775          0.0029662364
  8        357.0000000000          4.3144646750          9.0339685676         13.6107961376        317.3572806424          0.0813301966
  8        360.0000000000          4.3379765319          9.3491456758         13.4269782717        315.0219698330      -9740.0491383579
  8        363.0000000000          4.4032640586          9.1509722407         11.2714043586        308.1890958911         -1.0458006799
  8        366.0000000000          4.5180050667          8.7694978205          8.1755172419        298.3824189191         -0.4342496664
  8        369.0000000000          4.6534086802          8.1475834163          5.4754134890        290.3754207794         -0.1713987926
  8        372.0000000000          4.6973264510          7.3140697680          4.4835995338        288.6898631400          0.0002523272
  8        375.0000000000          4.6763909805          6.4815460555          4.3004010943        289.5115639325          0.0387448185
  8        378.0000000000          4.6243956261          5.6680119503          4.4495775859        291.8428046938          0.0095516771
  8        381.0000000000          4.5297738353          4.7994241504          5.0716354750        296.1663955233         -0.0465404766
  8        384.0000000000          4.4654935096          3.7483677776          5.4090293496        299.5369198751         -0.1582138367
  8        387.0000000000          4.4284354058          2.5336959311          5.4785232619        301.5717772717          0.0844765331
  8        390.0000000000          4.3365531308          1.3361233503          7.6511748492        309.7175973824          0.2002188900
  8        393.0000000000          4.2840572662          0.3597985177         11.8356945468        318.5545332683          0.0948518532
  8        396.0000000000          4.3235966238         -0.8206324681         12.4720696913        315.2235265726         -0.0006328584
  8        399.0000000000          4.5173322931         -3.0525309469          8.0425764141        299.9357903336         -0.0482307212
  8        402.0000000000          4.7082146150         -3.6511283468          4.6050530258        289.4757735078         -0.5364512686
  8        405.0000000000          4.7053593369         -3.2758396025          4.2268467710        289.2686887875         -0.1765105536
  8        408.0000000000          4.6614627474         -1.9516272878          4.1631369554        290.5674195966         -0.0164839220
  8        411.0000000000          4.5338413928         -0.0302381320          4.9188564122        296.1774400607          0.0225617126
  8        414.0000000000          4.5053000919          1.5470457676          4.4605372014        299.1019562913          0.0333364092
  8        417.0000000000          4.5237789638          2.3825300489          3.6604968839        297.8353316738          0.0001523125
  8        420.0000000000          4.5589178244          3.9188315858          3.2470829903        296.2206321386          0.0030913052
  8        423.0000000000          4.5475815684          6.0436426110          3.8437881240        297.1758534689          0.0221302094
  8        426.0000000000          4.4886587193          6.1431951338          4.3588567205        301.6427412403          0.5595546948
  8        429.0000000000          4.3278074212          5.4452983623          5.6727043456        317.6904062017          0.0797332357
  8        432.0000000000          4.1638482682          3.7473760378          7.1196722939        342.1421071585          0.0226874265
  8        435.0000000000          4.1460573700          2.0887225127          5.8178781329        345.5557321422         -0.0154713215
  8        438.0000000000          4.2059490477          2.1855304708          3.4478204114        334.6511611388      -2620.6949411814
  8        441.0000000000          4.5380582522          2.6846450279          0.9015629541        298.5297867771         -4.3921314367
  8        444.0000000000          5.8069536119          2.6308927979          0.0291832810        273.6655343929        -72.7149097533
  8        447.0000000000         14.0003472608          2.0702597092          0.0000000000        273.0000000640          0.0000000000
  8        450.0000000000         14.0003472608          1.6512899100          0.0000000000        273.0000000001          0.0000000000
  8        453.0000000000         14.0003472608          1.4921259300          0.0000000000        273.0000000000          0.0000000000
  8        456.0000000000         14.0003472608          1.4506100636          0.0000000000        273.0000000000          0.0000000000
