!------------------------------------------------------------!
  Date: 20191011
  Simulation name: BVY7 
  Filename:slice_halfl.txt                                                                                                                                       
  Produced in mod-subroutine:  column.mod/slice                                                                                                                                      
  Written by AK September 2019
  Description:Veritcal column at x300_z555                                                                                                                          
  Data format: t  YYY  EPP   U_G   DPU   T_G   Ri                                                                                                                   
!------------------------------------------------------------!
  1      198.000000000000       14.000347260752        0.000000000000        0.000000000000      273.000000000000        0.000000000000
  1      201.000000000000       14.000347260752        0.000000000000        0.000000000000      273.000000000000        0.000000000000
  1      204.000000000000       14.000347260752        0.000000000000        0.000000000000      273.000000000000        0.000000000000
  1      207.000000000000       14.000347260752        0.000000000000        0.000000000000      273.000000000000        0.000000000000
  1      210.000000000000       14.000347260752        0.000000000000        0.000000000000      273.000000000000        0.000000000000
  1      213.000000000000       14.000347260752        0.000000000000        0.000000000000      273.000000000000        0.000000000000
  1      216.000000000000       14.000347260752        0.000000000000        0.000000000000      273.000000000000        0.000000000000
  1      219.000000000000       14.000347260752        0.000000000000        0.000000000000      273.000000000000        0.000000000000
  1      222.000000000000       14.000347260752        0.000000000000        0.000000000000      273.000000000000        0.000000000000
  1      225.000000000000       14.000347260752        0.000000000000        0.000000000000      273.000000000000        0.000000000000
  1      228.000000000000       14.000347260752        0.000000000000        0.000000000000      273.000000000000        0.000000000000
  1      231.000000000000       14.000347260752        0.000000000000        0.000000000000      273.000000000000        0.000000000000
  1      234.000000000000       14.000347260752        0.000000000000        0.000000000000      273.000000000000        0.000000000000
  1      237.000000000000       14.000347260752        0.000000000000        0.000000000000      273.000000000000        0.000000000000
  1      240.000000000000       14.000347260752        0.000000000000        0.000000000000      273.000000000000        0.000000000000
  1      243.000000000000       14.000347260752        0.000000000000        0.000000000000      273.000000000000        0.000000000000
  1      246.000000000000       14.000347260752        0.000000000000        0.000000000000      273.000000000000        0.000000000000
  1      249.000000000000       14.000347260752        0.000000000000        0.000000000000      273.000000000000        0.000000000000
  1      252.000000000000       14.000347260752        0.000000000000        0.000000000000      273.000000000000        0.000000000000
  1      255.000000000000       14.000347260752        0.000000000000        0.000000000000      273.000000000000        0.000000000000
  1      258.000000000000       14.000347260752        0.000000000000        0.000000000000      273.000000000000        0.000000000000
  1      261.000000000000       14.000347260752        0.000000000000        0.000000000000      273.000000000000        0.000000000000
  1      264.000000000000       14.000347260752        0.000000000000        0.000000000000      273.000000000000        0.000000000000
  1      267.000000000000       14.000347260752        0.000000000000        0.000000000000      273.000000000000        0.000000000000
  1      270.000000000000       14.000347260752        0.000000000000        0.000000000000      273.000000000000        0.000000000000
  1      273.000000000000       14.000347260752        0.000000000000        0.000000000000      273.000000000000        0.000000000000
  1      276.000000000000       14.000347260752        0.000000000000        0.000000000000      273.000000000000        0.000000000000
  1      279.000000000000       14.000347260752        0.000000000000        0.000000000000      273.000000000000        0.000000000000
  1      282.000000000000       14.000347260752        0.000000000000        0.000000000000      273.000000000000        0.000000000000
  1      285.000000000000       14.000347260752        0.000000000000        0.000000000000      273.000000000000        0.000000000000
  1      288.000000000000       14.000347260752        0.000000000000        0.000000000000      273.000000000000        0.000000000000
  1      291.000000000000       14.000347260752        0.000000000000        0.000000000000      273.000000000000        0.000000000000
  1      294.000000000000       14.000347260752        0.000000000000        0.000000000000      273.000000000000        0.000000000000
  1      297.000000000000       14.000347260752        0.000000000000        0.000000000000      273.000000000000        0.000000000000
  1      300.000000000000       14.000347260752        0.000000000000        0.000000000000      273.000000000000        0.000000000000
  1      303.000000000000       14.000347260752        0.000000000000        0.000000000000      273.000000000000        0.000000000000
  1      306.000000000000       14.000347260752        0.000000000000        0.000000000000      273.000000000000        0.000000000000
  1      309.000000000000       14.000347260752        0.000000000000        0.000000000000      273.000000000000        0.000000000000
  1      312.000000000000       14.000347260752        0.000000000000        0.000000000000      273.000000000000        0.000000000000
  1      315.000000000000       14.000347260752        0.000000000000        0.000000000000      273.000000000000        0.000000000000
  1      318.000000000000       14.000347260752        0.000000000000        0.000000000000      273.000000000000        0.000000000000
  1      321.000000000000       14.000347260752        0.000000000000        0.000000000000      273.000000000000        0.000000000000
  1      324.000000000000       14.000347260752        0.000000000000        0.000000000000      273.000000000000        0.000000000000
  1      327.000000000000       14.000347260752        0.000000000000        0.000000000000      273.000000000000        0.000000000000
  1      330.000000000000       14.000347260752        0.000000000000        0.000000000000      273.000000000000        0.000000000000
  1      333.000000000000       14.000347260752        0.000000000000        0.000000000000      273.000000000000        0.000000000000
  1      336.000000000000       14.000347260752        0.000000000000        0.000000000000      273.000000000000        0.000000000000
  1      339.000000000000       14.000347260752        0.000000000000        0.000000000000      273.000000000000        0.000000000000
  1      342.000000000000       14.000347260752        0.000000000000        0.000000000000      273.000000000000        0.000000000000
  1      345.000000000000       14.000347260752        0.000000000000        0.000000000000      273.000000000000        0.000000000000
  1      348.000000000000       14.000347260752        0.000000000000        0.000000000000      273.000000000000        0.000000000000
  1      351.000000000000       14.000347260752        0.000000000000        0.000000000000      273.000000000000        0.000000000000
  1      354.000000000000       14.000347260752        0.000000000000        0.000000000000      273.000000000000        0.000000000000
  1      357.000000000000       14.000347260752        0.000000000000        0.000000000000      273.000000000000        0.000000000000
  1      360.000000000000       14.000347260752        0.000000000000        0.000000000000      273.000000000000        0.000000000000
  1      363.000000000000       14.000347260752        0.000000000000        0.000000000000      273.000000000000        0.000000000000
  1      366.000000000000       14.000347260752        0.000000000000        0.000000000000      273.000000000000        0.000000000000
  1      369.000000000000       14.000347260752        0.000000000000        0.000000000000      273.000000000000        0.000000000000
  1      372.000000000000       14.000347260752        0.000000000000        0.000000000000      273.000000000000        0.000000000000
  1      375.000000000000       14.000347260752        0.000000000000        0.000000000000      273.000000000000        0.000000000000
  1      378.000000000000       14.000347260752        0.000000000000        0.000000000000      273.000000000000        0.000000000000
  1      381.000000000000       14.000347260752        0.000000000000        0.000000000000      273.000000000000        0.000000000000
  1      384.000000000000       14.000347260752        0.000000000000        0.000000000000      273.000000000000        0.000000000000
  1      387.000000000000       14.000347260752        0.000000000000        0.000000000000      273.000000000000        0.000000000000
  1      390.000000000000       14.000347260752        0.000000000000        0.000000000000      273.000000000000        0.000000000000
  1      393.000000000000       14.000347260752        0.000000000000        0.000000000000      273.000000000000        0.000000000000
  1      396.000000000000       14.000347260752        0.000000000000        0.000000000000      273.000000000000        0.000000000000
  1      399.000000000000       14.000347260752        0.000000000000        0.000000000000      273.000000000000        0.000000000000
  1      402.000000000000       14.000347260752        0.000000000000        0.000000000000      273.000000000000        0.000000000000
  1      405.000000000000       14.000347260752        0.000000000000        0.000000000000      273.000000000000        0.000000000000
  1      408.000000000000       14.000347260752        0.000000000000        0.000000000000      273.000000000000        0.000000000000
  1      411.000000000000       14.000347260752        0.000000000000        0.000000000000      273.000000000000        0.000000000000
  1      414.000000000000       14.000347260752        0.000000000000        0.000000000000      273.000000000000        0.000000000000
  1      417.000000000000       14.000347260752        0.000000000000        0.000000000000      273.000000000000        0.000000000000
  1      420.000000000000       14.000347260752        0.000000000000        0.000000000000      273.000000000000        0.000000000000
  1      423.000000000000       14.000347260752        0.000000000000        0.000000000000      273.000000000000        0.000000000000
  1      426.000000000000       14.000347260752        0.000000000000        0.000000000000      273.000000000000        0.000000000000
  1      429.000000000000       14.000347260752        0.000000000000        0.000000000000      273.000000000000        0.000000000000
  1      432.000000000000       14.000347260752        0.000000000000        0.000000000000      273.000000000000        0.000000000000
  1      435.000000000000       14.000347260752        0.000000000000        0.000000000000      273.000000000000        0.000000000000
  1      438.000000000000       14.000347260752        0.000000000000        0.000000000000      273.000000000000        0.000000000000
  1      441.000000000000       14.000347260752        0.000000000000        0.000000000000      273.000000000000        0.000000000000
  1      444.000000000000       14.000347260752        0.000000000000        0.000000000000      273.000000000000        0.000000000000
  1      447.000000000000       14.000347260752        0.000000000000        0.000000000000      273.000000000000        0.000000000000
  1      450.000000000000       14.000347260752        0.000000000000        0.000000000000      273.000000000000        0.000000000000
  1      453.000000000000       14.000347260752        0.000000000000        0.000000000000      273.000000000000        0.000000000000
  1      456.000000000000       14.000347260752        0.000000000000        0.000000000000      273.000000000000        0.000000000000
  2      198.000000000000       14.000347260752        0.042452664149        0.000000000000      272.997806987817        0.000000000000
  2      201.000000000000       14.000347260752        0.049472363566        0.000000000000      272.999979586188        0.000000000000
  2      204.000000000000       14.000347260752        0.062864620943        0.000000000000      272.999999339899        0.000000000000
  2      207.000000000000       14.000347260752        0.065605722254        0.000000000000      272.999999969526        0.000000000000
  2      210.000000000000       14.000347260752        0.063830926695        0.000000000000      272.999999998312        0.000000000000
  2      213.000000000000       14.000347260752        0.058568573320        0.000000000000      272.999999999903        0.000000000000
  2      216.000000000000       14.000347260752        0.049801849360        0.000000000000      272.999999999995        0.000000000000
  2      219.000000000000       14.000347260752        0.021961866962        0.000000000000      272.999999999794        0.000000000000
  2      222.000000000000       14.000347260752        0.001409749325        0.000000000000      272.999999999861        0.000000000000
  2      225.000000000000       14.000347260752       -0.001685052272        0.000000000000      272.999999999962        0.000000000000
  2      228.000000000000       14.000347260752        0.000711807607        0.000000000000      272.999999999999        0.000000000000
  2      231.000000000000       14.000347260752        0.002851841843        0.000000000000      273.000000000005        0.000000000000
  2      234.000000000000       14.000347260752        0.003461050762        0.000000000000      273.000000000005        0.000000000000
  2      237.000000000000       14.000347260752        0.001507804308        0.000000000000      273.000000000005        0.000000000000
  2      240.000000000000       14.000347260752       -0.002131533919        0.000000000000      273.000000000005        0.000000000000
  2      243.000000000000       14.000347260752       -0.006595155299        0.000000000000      273.000000000003        0.000000000000
  2      246.000000000000       14.000347260752       -0.011593858479        0.000000000000      273.000000000005        0.000000000000
  2      249.000000000000       14.000347260752       -0.017176809266        0.000000000000      273.000000000005        0.000000000000
  2      252.000000000000       14.000347260752       -0.023129819264        0.000000000000      273.000000000004        0.000000000000
  2      255.000000000000       14.000347260752       -0.029432752324        0.000000000000      273.000000000005        0.000000000000
  2      258.000000000000       14.000347260752       -0.036027534787        0.000000000000      273.000000000006        0.000000000000
  2      261.000000000000       14.000347260752       -0.042927364334        0.000000000000      273.000000000005        0.000000000000
  2      264.000000000000       14.000347260752       -0.050142232992        0.000000000000      273.000000000005        0.000000000000
  2      267.000000000000       14.000347260752       -0.057637970652        0.000000000000      273.000000000004        0.000000000000
  2      270.000000000000       14.000347260752       -0.065396430220        0.000000000000      273.000000000006        0.000000000000
  2      273.000000000000       14.000347260752       -0.073387853093        0.000000000000      273.000000000005        0.000000000000
  2      276.000000000000       14.000347260752       -0.081546348597        0.000000000000      273.000000000006        0.000000000000
  2      279.000000000000       14.000347260752       -0.089880195978        0.000000000000      273.000000000004        0.000000000000
  2      282.000000000000       14.000347260752       -0.098440028926        0.000000000000      273.000000000005        0.000000000000
  2      285.000000000000       14.000347260752       -0.107153460044        0.000000000000      273.000000000004        0.000000000000
  2      288.000000000000       14.000347260752       -0.115969092445        0.000000000000      273.000000000005        0.000000000000
  2      291.000000000000       14.000347260752       -0.124882347455        0.000000000000      273.000000000005        0.000000000000
  2      294.000000000000       14.000347260752       -0.133857841233        0.000000000000      273.000000000005        0.000000000000
  2      297.000000000000       14.000347260752       -0.142876495919        0.000000000000      273.000000000006        0.000000000000
  2      300.000000000000       14.000347260752       -0.151920072423        0.000000000000      273.000000000006        0.000000000000
  2      303.000000000000       14.000347260752       -0.160965752404        0.000000000000      273.000000000005        0.000000000000
  2      306.000000000000       14.000347260752       -0.170009473426        0.000000000000      273.000000000005        0.000000000000
  2      309.000000000000       14.000347260752       -0.179017379107        0.000000000000      273.000000000004        0.000000000000
  2      312.000000000000       14.000347260752       -0.187964356445        0.000000000000      273.000000000006        0.000000000000
  2      315.000000000000       14.000347260752       -0.196833233220        0.000000000000      273.000000000005        0.000000000000
  2      318.000000000000       14.000347260752       -0.205667540893        0.000000000000      273.000000000005        0.000000000000
  2      321.000000000000       14.000347260752       -0.214432559078        0.000000000000      273.000000000005        0.000000000000
  2      324.000000000000       14.000347260752       -0.223117416003        0.000000000000      273.000000000005        0.000000000000
  2      327.000000000000       14.000347260752       -0.231723096877        0.000000000000      273.000000000004        0.000000000000
  2      330.000000000000       14.000347260752       -0.240271876178        0.000000000000      273.000000000005        0.000000000000
  2      333.000000000000       14.000347260752       -0.248717240463        0.000000000000      273.000000000005        0.000000000000
  2      336.000000000000       14.000347260752       -0.257117896103        0.000000000000      273.000000000005        0.000000000000
  2      339.000000000000       14.000347260752       -0.265429343029        0.000000000000      273.000000000005        0.000000000000
  2      342.000000000000       14.000347260752       -0.273647964641        0.000000000000      273.000000000004        0.000000000000
  2      345.000000000000       14.000347260752       -0.281808254161        0.000000000000      273.000000000005        0.000000000000
  2      348.000000000000       14.000347260752       -0.289929970236        0.000000000000      273.000000000005        0.000000000000
  2      351.000000000000       14.000347260752       -0.298005301285        0.000000000000      273.000000000005        0.000000000000
  2      354.000000000000       14.000347260752       -0.306007853731        0.000000000000      273.000000000004        0.000000000000
  2      357.000000000000       14.000347260752       -0.313951105813        0.000000000000      273.000000000005        0.000000000000
  2      360.000000000000       14.000347260752       -0.321858985192        0.000000000000      273.000000000005        0.000000000000
  2      363.000000000000       14.000347260752       -0.329724025883        0.000000000000      273.000000000004        0.000000000000
  2      366.000000000000       14.000347260752       -0.337546163574        0.000000000000      273.000000000004        0.000000000000
  2      369.000000000000       14.000347260752       -0.345336574603        0.000000000000      273.000000000003        0.000000000000
  2      372.000000000000       14.000347260752       -0.353063972517        0.000000000000      273.000000000004        0.000000000000
  2      375.000000000000       14.000347260752       -0.360717334501        0.000000000000      273.000000000005        0.000000000000
  2      378.000000000000       14.000347260752       -0.368347556537        0.000000000000      273.000000000004        0.000000000000
  2      381.000000000000       14.000347260752       -0.375889766025        0.000000000000      273.000000000003        0.000000000000
  2      384.000000000000       14.000347260752       -0.383341509910        0.000000000000      273.000000000006        0.000000000000
  2      387.000000000000       14.000347260752       -0.390718402941        0.000000000000      273.000000000006        0.000000000000
  2      390.000000000000       14.000347260752       -0.397987775294        0.000000000000      273.000000000005        0.000000000000
  2      393.000000000000       14.000347260752       -0.405125145581        0.000000000000      273.000000000005        0.000000000000
  2      396.000000000000       14.000347260752       -0.412122897637        0.000000000000      273.000000000005        0.000000000000
  2      399.000000000000       14.000347260752       -0.418980417256        0.000000000000      273.000000000004        0.000000000000
  2      402.000000000000       14.000347260752       -0.425680729770        0.000000000000      273.000000000004        0.000000000000
  2      405.000000000000       14.000347260752       -0.432164293027        0.000000000000      273.000000000004        0.000000000000
  2      408.000000000000       14.000347260752       -0.438456153487        0.000000000000      273.000000000005        0.000000000000
  2      411.000000000000       14.000347260752       -0.444522221630        0.000000000000      273.000000000004        0.000000000000
  2      414.000000000000       14.000347260752       -0.450330889921        0.000000000000      273.000000000004        0.000000000000
  2      417.000000000000       14.000347260752       -0.455861605667        0.000000000000      273.000000000005        0.000000000000
  2      420.000000000000       14.000347260752       -0.461089808875        0.000000000000      273.000000000005        0.000000000000
  2      423.000000000000       14.000347260752       -0.466000378857        0.000000000000      273.000000000005        0.000000000000
  2      426.000000000000       14.000347260752       -0.470582848724        0.000000000000      273.000000000005        0.000000000000
  2      429.000000000000       14.000347260752       -0.474808631801        0.000000000000      273.000000000005        0.000000000000
  2      432.000000000000       14.000347260752       -0.478667281158        0.000000000000      273.000000000005        0.000000000000
  2      435.000000000000       14.000347260752       -0.482136071400        0.000000000000      273.000000000004        0.000000000000
  2      438.000000000000       14.000347260752       -0.485202528250        0.000000000000      273.000000000004        0.000000000000
  2      441.000000000000       14.000347260752       -0.487860788190        0.000000000000      273.000000000007        0.000000000000
  2      444.000000000000       14.000347260752       -0.490091665802        0.000000000000      273.000000000006        0.000000000000
  2      447.000000000000       14.000347260752       -0.491878408768        0.000000000000      273.000000000005        0.000000000000
  2      450.000000000000       14.000347260752       -0.493199561289        0.000000000000      273.000000000005        0.000000000000
  2      453.000000000000       14.000347260752       -0.494596967749        0.000000000000      273.000000000007        0.000000000000
  2      456.000000000000       14.000347260752       -0.529892842927        0.000000000000      273.000000000006        0.000000000000
  3      198.000000000000       14.000347260752        6.327967654748        0.000000000000      272.996564147743        0.000000000000
  3      201.000000000000       14.000347260752        9.125517723651        0.000000000000      272.997776546232        0.000000000000
  3      204.000000000000       14.000347260752        9.658314920397        0.000000000000      272.999082803990        0.000000000000
  3      207.000000000000       14.000347260752        9.694827924471        0.000000000000      272.999557567385        0.000000000000
  3      210.000000000000       14.000347260752        9.557921208947        0.000000000000      272.999773689272        0.000000000000
  3      213.000000000000       14.000347260752        9.302842010912        0.000000000000      272.999883692207        0.000000000000
  3      216.000000000000       14.000347260752        9.231515834342        0.000000000000      272.999941908009        0.000000000000
  3      219.000000000000       14.000347260752        9.204568540422        0.000000000000      272.999972479349        0.000000000000
  3      222.000000000000       14.000347260752        9.207224666569        0.000000000000      272.999987878038        0.000000000000
  3      225.000000000000       14.000347260752        9.067470672884        0.000000000000      272.999995135785        0.000000000000
  3      228.000000000000       14.000347260752        8.701596936670        0.000000000000      272.999998235627        0.000000000000
  3      231.000000000000       14.000347260752        8.268696197549        0.000000000000      272.999999420636        0.000000000000
  3      234.000000000000       14.000347260752        7.816112400888        0.000000000000      272.999999826756        0.000000000000
  3      237.000000000000       14.000347260752        7.356064587886        0.000000000000      272.999999952479        0.000000000000
  3      240.000000000000       14.000347260752        6.903197161532        0.000000000000      272.999999987953        0.000000000000
  3      243.000000000000       14.000347260752        6.465122059804        0.000000000000      272.999999997163        0.000000000000
  3      246.000000000000       14.000347260752        6.044996708741        0.000000000000      272.999999999380        0.000000000000
  3      249.000000000000       14.000347260752        5.643861938719        0.000000000000      272.999999999878        0.000000000000
  3      252.000000000000       14.000347260752        5.262538467306        0.000000000000      272.999999999982        0.000000000000
  3      255.000000000000       14.000347260752        4.901861687664        0.000000000000      273.000000000003        0.000000000000
  3      258.000000000000       14.000347260752        4.562562622059        0.000000000000      273.000000000006        0.000000000000
  3      261.000000000000       14.000347260752        4.245098553545        0.000000000000      273.000000000007        0.000000000000
  3      264.000000000000       14.000347260752        3.949451854057        0.000000000000      273.000000000007        0.000000000000
  3      267.000000000000       14.000347260752        3.675243977454        0.000000000000      273.000000000007        0.000000000000
  3      270.000000000000       14.000347260752        3.421702495994        0.000000000000      273.000000000007        0.000000000000
  3      273.000000000000       14.000347260752        3.187914616191        0.000000000000      273.000000000006        0.000000000000
  3      276.000000000000       14.000347260752        2.972915796215        0.000000000000      273.000000000007        0.000000000000
  3      279.000000000000       14.000347260752        2.775660425725        0.000000000000      273.000000000007        0.000000000000
  3      282.000000000000       14.000347260752        2.595016727685        0.000000000000      273.000000000007        0.000000000000
  3      285.000000000000       14.000347260752        2.429813204731        0.000000000000      273.000000000008        0.000000000000
  3      288.000000000000       14.000347260752        2.278865226057        0.000000000000      273.000000000007        0.000000000000
  3      291.000000000000       14.000347260752        2.141020775545        0.000000000000      273.000000000008        0.000000000000
  3      294.000000000000       14.000347260752        2.015195922919        0.000000000000      273.000000000008        0.000000000000
  3      297.000000000000       14.000347260752        1.900392870392        0.000000000000      273.000000000007        0.000000000000
  3      300.000000000000       14.000347260752        1.795688507021        0.000000000000      273.000000000007        0.000000000000
  3      303.000000000000       14.000347260752        1.700228675552        0.000000000000      273.000000000007        0.000000000000
  3      306.000000000000       14.000347260752        1.613225045986        0.000000000000      273.000000000006        0.000000000000
  3      309.000000000000       14.000347260752        1.533952564407        0.000000000000      273.000000000007        0.000000000000
  3      312.000000000000       14.000347260752        1.461737032827        0.000000000000      273.000000000007        0.000000000000
  3      315.000000000000       14.000347260752        1.395982264243        0.000000000000      273.000000000007        0.000000000000
  3      318.000000000000       14.000347260752        1.336125892109        0.000000000000      273.000000000006        0.000000000000
  3      321.000000000000       14.000347260752        1.281650421222        0.000000000000      273.000000000006        0.000000000000
  3      324.000000000000       14.000347260752        1.232103140974        0.000000000000      273.000000000006        0.000000000000
  3      327.000000000000       14.000347260752        1.187010778607        0.000000000000      273.000000000006        0.000000000000
  3      330.000000000000       14.000347260752        1.145977276655        0.000000000000      273.000000000007        0.000000000000
  3      333.000000000000       14.000347260752        1.108637327619        0.000000000000      273.000000000006        0.000000000000
  3      336.000000000000       14.000347260752        1.074650471815        0.000000000000      273.000000000007        0.000000000000
  3      339.000000000000       14.000347260752        1.043701903397        0.000000000000      273.000000000007        0.000000000000
  3      342.000000000000       14.000347260752        1.015503551646        0.000000000000      273.000000000007        0.000000000000
  3      345.000000000000       14.000347260752        0.989798769780        0.000000000000      273.000000000006        0.000000000000
  3      348.000000000000       14.000347260752        0.966354477584        0.000000000000      273.000000000006        0.000000000000
  3      351.000000000000       14.000347260752        0.944950537244        0.000000000000      273.000000000008        0.000000000000
  3      354.000000000000       14.000347260752        0.925387594717        0.000000000000      273.000000000008        0.000000000000
  3      357.000000000000       14.000347260752        0.907497001312        0.000000000000      273.000000000007        0.000000000000
  3      360.000000000000       14.000347260752        0.891128434301        0.000000000000      273.000000000007        0.000000000000
  3      363.000000000000       14.000347260752        0.876138745301        0.000000000000      273.000000000006        0.000000000000
  3      366.000000000000       14.000347260752        0.862394265028        0.000000000000      273.000000000007        0.000000000000
  3      369.000000000000       14.000347260752        0.849774702107        0.000000000000      273.000000000006        0.000000000000
  3      372.000000000000       14.000347260752        0.838167552170        0.000000000000      273.000000000006        0.000000000000
  3      375.000000000000       14.000347260752        0.827480668561        0.000000000000      273.000000000006        0.000000000000
  3      378.000000000000       14.000347260752        0.817629936390        0.000000000000      273.000000000006        0.000000000000
  3      381.000000000000       14.000347260752        0.808528289510        0.000000000000      273.000000000006        0.000000000000
  3      384.000000000000       14.000347260752        0.800127084276        0.000000000000      273.000000000006        0.000000000000
  3      387.000000000000       14.000347260752        0.792355812949        0.000000000000      273.000000000007        0.000000000000
  3      390.000000000000       14.000347260752        0.785150547592        0.000000000000      273.000000000006        0.000000000000
  3      393.000000000000       14.000347260752        0.778479132883        0.000000000000      273.000000000007        0.000000000000
  3      396.000000000000       14.000347260752        0.772320029889        0.000000000000      273.000000000006        0.000000000000
  3      399.000000000000       14.000347260752        0.766626968836        0.000000000000      273.000000000006        0.000000000000
  3      402.000000000000       14.000347260752        0.761358727625        0.000000000000      273.000000000006        0.000000000000
  3      405.000000000000       14.000347260752        0.756521066010        0.000000000000      273.000000000007        0.000000000000
  3      408.000000000000       14.000347260752        0.752085284923        0.000000000000      273.000000000007        0.000000000000
  3      411.000000000000       14.000347260752        0.748035738866        0.000000000000      273.000000000006        0.000000000000
  3      414.000000000000       14.000347260752        0.744350968578        0.000000000000      273.000000000007        0.000000000000
  3      417.000000000000       14.000347260752        0.741023627592        0.000000000000      273.000000000007        0.000000000000
  3      420.000000000000       14.000347260752        0.738041976532        0.000000000000      273.000000000007        0.000000000000
  3      423.000000000000       14.000347260752        0.735392378353        0.000000000000      273.000000000008        0.000000000000
  3      426.000000000000       14.000347260752        0.733044452560        0.000000000000      273.000000000007        0.000000000000
  3      429.000000000000       14.000347260752        0.730978009078        0.000000000000      273.000000000007        0.000000000000
  3      432.000000000000       14.000347260752        0.729177701301        0.000000000000      273.000000000007        0.000000000000
  3      435.000000000000       14.000347260752        0.727627662899        0.000000000000      273.000000000007        0.000000000000
  3      438.000000000000       14.000347260752        0.726312352286        0.000000000000      273.000000000006        0.000000000000
  3      441.000000000000       14.000347260752        0.725215686706        0.000000000000      273.000000000006        0.000000000000
  3      444.000000000000       14.000347260752        0.724321276240        0.000000000000      273.000000000006        0.000000000000
  3      447.000000000000       14.000347260752        0.723624129474        0.000000000000      273.000000000008        0.000000000000
  3      450.000000000000       14.000347260752        0.723143821328        0.000000000000      273.000000000007        0.000000000000
  3      453.000000000000       14.000347260752        0.722182326581        0.000000000000      273.000000000008        0.000000000000
  3      456.000000000000       14.000347260752        0.661838614955        0.000000000000      273.000000000007        0.000000000000
  4      198.000000000000        1.344713502858        0.533821092467    17935.289410519705      799.279311872030        0.000000000000
  4      201.000000000000        1.009262855347       24.963189556566    67992.780864174056      799.570250248286       -4.724071089588
  4      204.000000000000        0.971935455267       33.121796446008   122535.568036606681      799.633978921160       52.789184317683
  4      207.000000000000        1.408897866867       33.679663867815    45330.260345768882      799.625862383742 16822586.246762592345
  4      210.000000000000        2.316121391315       30.022713554801     4671.954853414058      779.293734274800       14.687414151060
  4      213.000000000000        3.456198318185       19.173907080196      259.871808359897      581.324310549067        0.786230420355
  4      216.000000000000        3.761986837728       14.658072805800      173.864901755125      590.712448292800        0.138982221174
  4      219.000000000000        3.589970670808       15.947442284987      302.518061271049      656.922227488807      -11.420366386792
  4      222.000000000000        2.947498112351       17.274352196975     1421.169670666419      716.624348799368       -9.608174766090
  4      225.000000000000        2.886123436671       18.233611244448     1618.171703507890      699.720086076906      443.004182377339
  4      228.000000000000        3.061355325436       19.012701393141     1082.853624435176      654.945407009669       32.195704679727
  4      231.000000000000        3.382635514532       17.978418708845      499.524443033129      550.843869538917      362.856377868403
  4      234.000000000000        3.848163773764       17.471951867994      176.391113348904      477.332922170355       47.616413446032
  4      237.000000000000        3.901174944197       16.094316142680      167.035962635105      428.797294352770       -0.767597830937
  4      240.000000000000        3.895794254851       16.597984260593      187.233160391703      424.365352761250       -2.046834390834
  4      243.000000000000        3.870730787935       17.725659373323      207.387057314020      431.002203395573      -48.731994012094
  4      246.000000000000        3.848580350131       17.640816462137      220.620461046171      446.808639806153       18.860765127177
  4      249.000000000000        3.849869399761       17.279633612319      215.703253474042      457.595978223807       14.972919843438
  4      252.000000000000        3.854981480135       16.907300349660      211.391266792392      458.375363759539        0.010237826502
  4      255.000000000000        3.843224995563       16.013774947983      212.786335291843      462.057750422115       -0.360915986415
  4      258.000000000000        3.802199074742       14.487202683256      212.074562405784      469.465252041418       -0.751999166399
  4      261.000000000000        3.730494194704       13.133883202008      188.601886248045      478.045647233906       -0.456333756147
  4      264.000000000000        3.680831455613       11.375052075307      145.282981283101      496.041230472167       -0.125218786314
  4      267.000000000000        3.632856300229        7.608201191472      106.489765174969      523.421915172274       -0.694268338243
  4      270.000000000000        3.501138106050        5.763392540854      108.264025503449      588.115597079908      -16.968055588210
  4      273.000000000000        3.231150377529        8.094078704030      209.443540814549      674.043659638836       -2.593222385141
  4      276.000000000000        3.103235183295       11.203440264727      276.171209568745      707.511175342448       -1.489162750709
  4      279.000000000000        3.149393682640       10.518466227507      207.621483292724      697.198110847176       21.944851299947
  4      282.000000000000        3.247988845406        7.779746446015      126.537414309145      671.851707757401        2.568247980781
  4      285.000000000000        3.394528297857        5.754771946823       78.789214646210      616.439299820707        0.887776389343
  4      288.000000000000        3.680440334450        3.306371573569       27.936487400287      477.893185845503        0.263543309806
  4      291.000000000000        4.256994401202       -0.068325364198        3.884591506242      326.479039066409        0.110931892248
  4      294.000000000000        7.393932094608       -1.366134117309        0.000396641235      273.013830189741       -9.159046465718
  4      297.000000000000       14.000347260752       -1.050738652096        0.000000000000      273.000039295887        0.000000000000
  4      300.000000000000       14.000347260752       -0.561296635719        0.000000000000      273.000021267911        0.000000000000
  4      303.000000000000       14.000347260752       -0.385978323920        0.000000000000      273.000007462570        0.000000000000
  4      306.000000000000       14.000347260752       -0.363801646713        0.000000000000      273.000001864860        0.000000000000
  4      309.000000000000       14.000347260752       -0.358100539473        0.000000000000      273.000000354962        0.000000000000
  4      312.000000000000       14.000347260752       -0.352960989919        0.000000000000      273.000000054826        0.000000000000
  4      315.000000000000       14.000347260752       -0.354034808511        0.000000000000      273.000000007327        0.000000000000
  4      318.000000000000       14.000347260752       -0.363674815785        0.000000000000      273.000000000916        0.000000000000
  4      321.000000000000       14.000347260752       -0.377703700836        0.000000000000      273.000000000123        0.000000000000
  4      324.000000000000       14.000347260752       -0.390845135420        0.000000000000      273.000000000025        0.000000000000
  4      327.000000000000       14.000347260752       -0.400860890787        0.000000000000      273.000000000012        0.000000000000
  4      330.000000000000       14.000347260752       -0.406453020826        0.000000000000      273.000000000010        0.000000000000
  4      333.000000000000       14.000347260752       -0.407175641256        0.000000000000      273.000000000009        0.000000000000
  4      336.000000000000       14.000347260752       -0.403219166634        0.000000000000      273.000000000009        0.000000000000
  4      339.000000000000       14.000347260752       -0.394613227889        0.000000000000      273.000000000009        0.000000000000
  4      342.000000000000       14.000347260752       -0.382021514179        0.000000000000      273.000000000009        0.000000000000
  4      345.000000000000       14.000347260752       -0.365981116441        0.000000000000      273.000000000009        0.000000000000
  4      348.000000000000       14.000347260752       -0.347080920005        0.000000000000      273.000000000009        0.000000000000
  4      351.000000000000       14.000347260752       -0.325876817303        0.000000000000      273.000000000010        0.000000000000
  4      354.000000000000       14.000347260752       -0.302905470247        0.000000000000      273.000000000009        0.000000000000
  4      357.000000000000       14.000347260752       -0.278664368031        0.000000000000      273.000000000009        0.000000000000
  4      360.000000000000       14.000347260752       -0.253604242258        0.000000000000      273.000000000009        0.000000000000
  4      363.000000000000       14.000347260752       -0.228112120123        0.000000000000      273.000000000009        0.000000000000
  4      366.000000000000       14.000347260752       -0.202497545492        0.000000000000      273.000000000009        0.000000000000
  4      369.000000000000       14.000347260752       -0.176999594393        0.000000000000      273.000000000009        0.000000000000
  4      372.000000000000       14.000347260752       -0.151824035895        0.000000000000      273.000000000009        0.000000000000
  4      375.000000000000       14.000347260752       -0.127145056411        0.000000000000      273.000000000010        0.000000000000
  4      378.000000000000       14.000347260752       -0.103095713621        0.000000000000      273.000000000009        0.000000000000
  4      381.000000000000       14.000347260752       -0.079775444414        0.000000000000      273.000000000009        0.000000000000
  4      384.000000000000       14.000347260752       -0.057263111248        0.000000000000      273.000000000009        0.000000000000
  4      387.000000000000       14.000347260752       -0.035618682932        0.000000000000      273.000000000009        0.000000000000
  4      390.000000000000       14.000347260752       -0.014883271704        0.000000000000      273.000000000010        0.000000000000
  4      393.000000000000       14.000347260752        0.004913537766        0.000000000000      273.000000000009        0.000000000000
  4      396.000000000000       14.000347260752        0.023749502153        0.000000000000      273.000000000009        0.000000000000
  4      399.000000000000       14.000347260752        0.041611376295        0.000000000000      273.000000000009        0.000000000000
  4      402.000000000000       14.000347260752        0.058490943638        0.000000000000      273.000000000010        0.000000000000
  4      405.000000000000       14.000347260752        0.074384844184        0.000000000000      273.000000000009        0.000000000000
  4      408.000000000000       14.000347260752        0.089299458376        0.000000000000      273.000000000008        0.000000000000
  4      411.000000000000       14.000347260752        0.103247631544        0.000000000000      273.000000000008        0.000000000000
  4      414.000000000000       14.000347260752        0.116241232634        0.000000000000      273.000000000009        0.000000000000
  4      417.000000000000       14.000347260752        0.128294644571        0.000000000000      273.000000000008        0.000000000000
  4      420.000000000000       14.000347260752        0.139428611487        0.000000000000      273.000000000009        0.000000000000
  4      423.000000000000       14.000347260752        0.149661815926        0.000000000000      273.000000000010        0.000000000000
  4      426.000000000000       14.000347260752        0.159002420664        0.000000000000      273.000000000010        0.000000000000
  4      429.000000000000       14.000347260752        0.167454954339        0.000000000000      273.000000000009        0.000000000000
  4      432.000000000000       14.000347260752        0.175030346262        0.000000000000      273.000000000009        0.000000000000
  4      435.000000000000       14.000347260752        0.181739924224        0.000000000000      273.000000000010        0.000000000000
  4      438.000000000000       14.000347260752        0.187591557656        0.000000000000      273.000000000008        0.000000000000
  4      441.000000000000       14.000347260752        0.192590748468        0.000000000000      273.000000000008        0.000000000000
  4      444.000000000000       14.000347260752        0.196743875499        0.000000000000      273.000000000009        0.000000000000
  4      447.000000000000       14.000347260752        0.200061470225        0.000000000000      273.000000000008        0.000000000000
  4      450.000000000000       14.000347260752        0.202601282747        0.000000000000      273.000000000008        0.000000000000
  4      453.000000000000       14.000347260752        0.203543799092        0.000000000000      273.000000000010        0.000000000000
  4      456.000000000000       14.000347260752        0.172011858013        0.000000000000      273.000000000009        0.000000000000
  5      198.000000000000        0.558926128801       -4.812198116810   144430.139361741691      799.918273669721        0.000000000000
  5      201.000000000000        0.638978911554        4.053315229818    19072.660782279072      799.889834711227       13.150540343953
  5      204.000000000000        0.704792928643       12.103262262632    29633.621969611195      799.869317802907       -3.649933162484
  5      207.000000000000        0.615073630532       21.539470303829   135326.847161350073      799.939723085839       -1.764191826999
  5      210.000000000000        0.693960882233       29.568937436458   201763.058377249516      799.987051601332      179.574516012596
  5      213.000000000000        1.084205483752       31.857937162221    92002.936457931966      799.084339974105      237.565587374954
  5      216.000000000000        2.253714095945       22.650878637102     4647.748036915815      776.256324137390       15.579107606051
  5      219.000000000000        2.720050119929       12.118042932183     1833.186472575500      782.268846118661       -3.008108134162
  5      222.000000000000        1.924542300273       11.509146855097    11566.979061724425      796.632160685270     -530.441865312654
  5      225.000000000000        1.426496937608       11.212372651125    35807.576143294122      799.593789420804    -7105.182830825638
  5      228.000000000000        1.184560923973       10.958923445891    54849.477611019676      799.924316101409    -8923.131874232125
  5      231.000000000000        1.063930328069       10.324651914176    57841.007005553998      799.878739268488    -1100.491244049817
  5      234.000000000000        1.084135192061        9.500613031546    40732.270587637831      799.610080981690      687.775827791193
  5      237.000000000000        1.171087042572        9.471009448806    25400.757313633385      799.433735215431       34.153793304841
  5      240.000000000000        1.122080058876       10.835885987238    26256.965375265710      799.605466609547     -232.804513717387
  5      243.000000000000        1.056153557756       12.544573909198    32106.846414345589      799.798453073440     -706.172409475069
  5      246.000000000000        1.021194950213       11.985474921875    33273.051711708395      799.883917539389      -24.568733987239
  5      249.000000000000        1.013785011557        8.630396071232    25593.971608628297      799.904527940044       12.293807336793
  5      252.000000000000        1.056683662317        3.641994655478    15117.373795824904      799.899400430392      288.291750423989
  5      255.000000000000        1.252631038423        1.385968150224     7801.077236724683      799.862903859036      514.378830644096
  5      258.000000000000        1.678486843108        4.642212147638     5434.337271860130      797.022541222889      365.470752085317
  5      261.000000000000        2.384952355438        7.121191726004     1609.152970969871      780.990371407301     8846.874573498029
  5      264.000000000000        2.912995691154        6.029081079799      468.200769699549      744.096774954236      288.954193947632
  5      267.000000000000        2.878028715239        5.332230531381      241.213349267806      756.346952770487        0.133491811891
  5      270.000000000000        3.151699459689       16.223890634040      260.493903291068      696.215354235112        0.124795976842
  5      273.000000000000        4.096075708117       35.329663021886      102.846770682797      392.723923030739        0.607940756841
  5      276.000000000000        4.262763629147       34.287042302498       68.906098168108      333.081706916569       -0.023950112174
  5      279.000000000000        4.097952317162       28.588727382597       75.723880857191      359.634887010646       -0.001212147665
  5      282.000000000000        4.015009657691       21.190059113786       58.546810196407      377.988461734120       -0.002629610031
  5      285.000000000000        3.973281867667       16.042115685987       46.307765227117      388.529682490812       -0.003955439316
  5      288.000000000000        3.906201467993       11.340673656145       38.812405808778      410.994634514129       -0.006452717884
  5      291.000000000000        3.837692010102        6.316270286791       28.315415534415      437.741652134845       -0.028429293198
  5      294.000000000000        3.683260633289        3.760454467255       16.057272388784      506.485934372672        0.017523829513
  5      297.000000000000        3.812036944283        6.325680842738        7.192039791247      461.630757294558        0.213586299157
  5      300.000000000000        3.954106764789        8.386883618731       43.922227865740      414.910529640219        0.040073207952
  5      303.000000000000        3.996141766606        7.550030125052       65.547283411875      396.974812518463       -0.086995111917
  5      306.000000000000        3.994079649818        7.084069424877       60.124954032117      399.166711848180       12.928609415486
  5      309.000000000000        3.970259990983        8.572099322055       48.484854760682      410.904317386106        0.663252126961
  5      312.000000000000        3.904754641959        9.427029173907       36.901815955160      457.309101378803       -0.162890843200
  5      315.000000000000        3.780057337570        6.673550626035       13.929246901758      519.371891280497       -0.455912601425
  5      318.000000000000        3.649694625717        3.432599320724       11.221151222446      563.620471746021       -0.097619170165
  5      321.000000000000        3.642264979227        0.745996682330       16.202430451625      557.877671463582        0.072574001669
  5      324.000000000000        3.915977078693       -1.000117504274        6.555273802471      410.945770915774        0.212123015898
  5      327.000000000000        5.007734512927       -1.100385213666        0.224545076692      278.352764342497     -177.611167872009
  5      330.000000000000       14.000347260752       -1.427089586397        0.000000000000      273.000001261713        0.000000000000
  5      333.000000000000       14.000347260752       -1.941963261590        0.000000000000      273.000000277491        0.000000000000
  5      336.000000000000       14.000347260752       -2.330319406641        0.000000000000      273.000000058383        0.000000000000
  5      339.000000000000       14.000347260752       -2.626382972743        0.000000000000      273.000000005054        0.000000000000
  5      342.000000000000       14.000347260752       -2.851123241217        0.000000000000      273.000000000317        0.000000000000
  5      345.000000000000       14.000347260752       -3.000009454709        0.000000000000      273.000000000156        0.000000000000
  5      348.000000000000       14.000347260752       -3.072061913436        0.000000000000      273.000000000151        0.000000000000
  5      351.000000000000       14.000347260752       -3.085086406023        0.000000000000      273.000000000133        0.000000000000
  5      354.000000000000       14.000347260752       -3.048617672003        0.000000000000      273.000000000071        0.000000000000
  5      357.000000000000       14.000347260752       -2.980077400467        0.000000000000      273.000000000039        0.000000000000
  5      360.000000000000       14.000347260752       -2.895148303896        0.000000000000      273.000000000024        0.000000000000
  5      363.000000000000       14.000347260752       -2.806995680498        0.000000000000      273.000000000016        0.000000000000
  5      366.000000000000       14.000347260752       -2.721170557865        0.000000000000      273.000000000015        0.000000000000
  5      369.000000000000       14.000347260752       -2.641270457531        0.000000000000      273.000000000015        0.000000000000
  5      372.000000000000       14.000347260752       -2.568991186416        0.000000000000      273.000000000015        0.000000000000
  5      375.000000000000       14.000347260752       -2.504752165146        0.000000000000      273.000000000015        0.000000000000
  5      378.000000000000       14.000347260752       -2.448122228178        0.000000000000      273.000000000015        0.000000000000
  5      381.000000000000       14.000347260752       -2.398342409352        0.000000000000      273.000000000015        0.000000000000
  5      384.000000000000       14.000347260752       -2.354429319830        0.000000000000      273.000000000015        0.000000000000
  5      387.000000000000       14.000347260752       -2.315613865169        0.000000000000      273.000000000014        0.000000000000
  5      390.000000000000       14.000347260752       -2.281176013135        0.000000000000      273.000000000015        0.000000000000
  5      393.000000000000       14.000347260752       -2.250490290999        0.000000000000      273.000000000015        0.000000000000
  5      396.000000000000       14.000347260752       -2.223057042922        0.000000000000      273.000000000015        0.000000000000
  5      399.000000000000       14.000347260752       -2.198433398377        0.000000000000      273.000000000014        0.000000000000
  5      402.000000000000       14.000347260752       -2.176241560695        0.000000000000      273.000000000014        0.000000000000
  5      405.000000000000       14.000347260752       -2.156176106311        0.000000000000      273.000000000015        0.000000000000
  5      408.000000000000       14.000347260752       -2.137994144804        0.000000000000      273.000000000014        0.000000000000
  5      411.000000000000       14.000347260752       -2.121493102459        0.000000000000      273.000000000013        0.000000000000
  5      414.000000000000       14.000347260752       -2.106533569839        0.000000000000      273.000000000014        0.000000000000
  5      417.000000000000       14.000347260752       -2.092913836631        0.000000000000      273.000000000014        0.000000000000
  5      420.000000000000       14.000347260752       -2.080575591819        0.000000000000      273.000000000014        0.000000000000
  5      423.000000000000       14.000347260752       -2.069388855548        0.000000000000      273.000000000015        0.000000000000
  5      426.000000000000       14.000347260752       -2.059308322179        0.000000000000      273.000000000015        0.000000000000
  5      429.000000000000       14.000347260752       -2.050267848379        0.000000000000      273.000000000015        0.000000000000
  5      432.000000000000       14.000347260752       -2.042245753726        0.000000000000      273.000000000013        0.000000000000
  5      435.000000000000       14.000347260752       -2.035175137349        0.000000000000      273.000000000015        0.000000000000
  5      438.000000000000       14.000347260752       -2.029007106132        0.000000000000      273.000000000014        0.000000000000
  5      441.000000000000       14.000347260752       -2.023771119169        0.000000000000      273.000000000014        0.000000000000
  5      444.000000000000       14.000347260752       -2.019455870320        0.000000000000      273.000000000015        0.000000000000
  5      447.000000000000       14.000347260752       -2.016025891543        0.000000000000      273.000000000014        0.000000000000
  5      450.000000000000       14.000347260752       -2.013412733794        0.000000000000      273.000000000015        0.000000000000
  5      453.000000000000       14.000347260752       -2.012402578673        0.000000000000      273.000000000015        0.000000000000
  5      456.000000000000       14.000347260752       -1.957718539702        0.000000000000      273.000000000015        0.000000000000
  6      198.000000000000        0.397381493912       -4.749261488275   213843.239513825247      799.980158817882        0.000000000000
  6      201.000000000000        0.471825443480        7.427020162099   119406.540634706951      799.982344693440       21.412307415593
  6      204.000000000000        0.562742835196       12.137346604342    51044.202378924172      799.981567550769       51.803277446660
  6      207.000000000000        0.625179999590       17.909989163022    99731.874018979041      799.982163610032       43.564126518185
  6      210.000000000000        0.714429770703       27.503272277650   169241.629929593037      799.964235308226      134.499559414443
  6      213.000000000000        1.148625346298       31.839631913730    72888.864959549945      799.412118790322     1222.486852254173
  6      216.000000000000        1.868186574950       31.370016788991    14452.833723775086      798.333245954762      155.890475753823
  6      219.000000000000        2.869951639916       23.148742391378     1227.279332441437      797.627621505580        0.665333016508
  6      222.000000000000        1.955827458824       16.668037410856     8315.204514998481      798.583978168564      -31.044598076485
  6      225.000000000000        1.239168833752       13.376451332464    38760.301258181906      799.228894966599   -11540.710924378585
  6      228.000000000000        0.941357412388       12.278574711474    66510.729122459350      799.729931079325  -192605.038471127627
  6      231.000000000000        0.790688152293       11.428934393937    76663.873087050742      799.890748301926    -2649.489732494168
  6      234.000000000000        0.712682534885       10.954569031302    74456.216227616111      799.923495395112     -401.096954829068
  6      237.000000000000        0.686989514657        9.928375128990    61879.533220603109      799.926370301193      -19.829800499934
  6      240.000000000000        0.703827700961        8.392015108065    47345.819522478319      799.917555025215      106.295838554546
  6      243.000000000000        0.733114014502        6.059698723789    37658.487139712328      799.904810647807      443.626320428300
  6      246.000000000000        0.920748429546        5.352063419609    26001.785804206585      799.882562183312      478.558913031859
  6      249.000000000000        1.705486204128        2.707079900377     2530.863611551963      797.420675765309       87.680921491029
  6      252.000000000000        3.454553593020        3.250787160258       32.013369655065      468.602326359737        4.803074451825
  6      255.000000000000        4.146401086927       21.519003434952       39.937347871299      366.910790755158       12.439744288619
  6      258.000000000000        4.181928859014       18.753001087662       32.933671387715      341.869489812444       -0.028988819153
  6      261.000000000000        4.375875418035       11.742857845544       11.947326725789      310.615492061627       -0.029839467341
  6      264.000000000000        5.739649233295        9.839084926059        0.360402730340      275.460368850662       -0.508360212707
  6      267.000000000000        6.836792109142        9.630454345956        0.026907037112      273.098142516863       -1.495097251245
  6      270.000000000000        6.580693685043        9.183763974480        0.045635748222      273.194352965039        0.014985448134
  6      273.000000000000        6.570009517677        8.612900064915        0.043791492475      273.217036301787        0.004534997293
  6      276.000000000000        6.848099127510        8.003683122139        0.022050627496      273.129139160513       -0.013520403295
  6      279.000000000000        7.364426037450        7.629989512436        0.006632218754      273.038985763811       -0.797506940587
  6      282.000000000000        7.151333494570        7.590264604379        0.011058849994      273.031620249713        0.112196316231
  6      285.000000000000        4.411423460482        8.503769793871        5.609396128116      302.576000096409        4.185947545486
  6      288.000000000000        3.935068322628        8.644986766414       10.387467489123      397.355404951324        0.077150066890
  6      291.000000000000        3.909429574403        4.184537951654        2.823174747619      412.007142778305       77.795079148441
  6      294.000000000000        4.097122202328        4.452450203306        2.339132950936      356.622247419868       -0.018117336096
  6      297.000000000000        4.079366799136        6.933479531177        4.743080460444      354.339131533532        0.064717976328
  6      300.000000000000        3.976969836485        8.781933314823        9.026482809272      392.843153957457        1.556540871748
  6      303.000000000000        3.910170999405        9.892790433093       14.101373743972      420.589415657711       23.346040601030
  6      306.000000000000        3.874309006049        9.597902200947       18.371295778378      439.974240732977        0.178114500578
  6      309.000000000000        3.872195685038        8.912265386274       21.105682047046      447.056917159411        0.041139392211
  6      312.000000000000        3.875981655277        7.335993047915       22.676506756352      447.856440478682        0.012061557473
  6      315.000000000000        3.882809950297        5.735323429147       23.383721534753      447.241409002455        0.011318418680
  6      318.000000000000        3.905000902582        3.894292983859       27.484538273163      439.767549073172        0.082810597358
  6      321.000000000000        3.982331391099        4.356347501418       31.822285304993      409.444245354677       -0.132069273066
  6      324.000000000000        4.060350293784        4.098044866248       28.754042057505      379.332273719144       -0.309840046312
  6      327.000000000000        4.141812079590        4.213698883257       21.923704862518      358.192523188724       -0.086229514687
  6      330.000000000000        4.193317950818        6.476235131634       20.424248596408      341.574751997277        0.042370290681
  6      333.000000000000        4.032817965405        6.208665135051       18.132225042971      386.502825921773        0.043384167550
  6      336.000000000000        4.001351070410        0.414235969768        1.180526706262      410.819611033741       -0.001718252302
  6      339.000000000000        3.983764344160       -7.388986138427        7.114155128199      397.656673766265       -0.049457476824
  6      342.000000000000        4.128547065519       -8.509426648061        6.859137896960      342.258923467732       -0.905026282377
  6      345.000000000000        5.086077295296       -6.108120617190        0.373386079671      277.667099074423       -0.055009541062
  6      348.000000000000       14.000347260752       -4.354650345083        0.000000000000      273.000002174239        0.000000000000
  6      351.000000000000       14.000347260752       -3.802632485581        0.000000000000      273.000000000388        0.000000000000
  6      354.000000000000       14.000347260752       -3.447757554120        0.000000000000      273.000000000669        0.000000000000
  6      357.000000000000       14.000347260752       -3.224604399279        0.000000000000      273.000000000931        0.000000000000
  6      360.000000000000       14.000347260752       -3.096546910431        0.000000000000      273.000000001231        0.000000000000
  6      363.000000000000       14.000347260752       -3.038283091216        0.000000000000      273.000000001787        0.000000000000
  6      366.000000000000       14.000347260752       -3.058784650035        0.000000000000      273.000000002417        0.000000000000
  6      369.000000000000       14.000347260752       -3.101431427422        0.000000000000      273.000000001759        0.000000000000
  6      372.000000000000       14.000347260752       -3.150091696929        0.000000000000      273.000000001397        0.000000000000
  6      375.000000000000       14.000347260752       -3.219844913233        0.000000000000      273.000000000674        0.000000000000
  6      378.000000000000       14.000347260752       -3.300943891644        0.000000000000      273.000000000235        0.000000000000
  6      381.000000000000       14.000347260752       -3.379488202393        0.000000000000      273.000000000100        0.000000000000
  6      384.000000000000       14.000347260752       -3.437919644799        0.000000000000      273.000000000051        0.000000000000
  6      387.000000000000       14.000347260752       -3.466621866247        0.000000000000      273.000000000030        0.000000000000
  6      390.000000000000       14.000347260752       -3.454978787683        0.000000000000      273.000000000027        0.000000000000
  6      393.000000000000       14.000347260752       -3.407513860250        0.000000000000      273.000000000019        0.000000000000
  6      396.000000000000       14.000347260752       -3.330941229259        0.000000000000      273.000000000019        0.000000000000
  6      399.000000000000       14.000347260752       -3.235657375119        0.000000000000      273.000000000019        0.000000000000
  6      402.000000000000       14.000347260752       -3.132976626872        0.000000000000      273.000000000018        0.000000000000
  6      405.000000000000       14.000347260752       -3.031281967704        0.000000000000      273.000000000018        0.000000000000
  6      408.000000000000       14.000347260752       -2.935790691626        0.000000000000      273.000000000019        0.000000000000
  6      411.000000000000       14.000347260752       -2.849422820519        0.000000000000      273.000000000019        0.000000000000
  6      414.000000000000       14.000347260752       -2.773129838781        0.000000000000      273.000000000019        0.000000000000
  6      417.000000000000       14.000347260752       -2.706821709398        0.000000000000      273.000000000019        0.000000000000
  6      420.000000000000       14.000347260752       -2.649755303323        0.000000000000      273.000000000019        0.000000000000
  6      423.000000000000       14.000347260752       -2.600972048825        0.000000000000      273.000000000019        0.000000000000
  6      426.000000000000       14.000347260752       -2.559522842370        0.000000000000      273.000000000020        0.000000000000
  6      429.000000000000       14.000347260752       -2.524500761479        0.000000000000      273.000000000018        0.000000000000
  6      432.000000000000       14.000347260752       -2.495079785542        0.000000000000      273.000000000019        0.000000000000
  6      435.000000000000       14.000347260752       -2.470500281942        0.000000000000      273.000000000019        0.000000000000
  6      438.000000000000       14.000347260752       -2.450147016889        0.000000000000      273.000000000019        0.000000000000
  6      441.000000000000       14.000347260752       -2.433534140707        0.000000000000      273.000000000018        0.000000000000
  6      444.000000000000       14.000347260752       -2.420257854276        0.000000000000      273.000000000020        0.000000000000
  6      447.000000000000       14.000347260752       -2.410006758537        0.000000000000      273.000000000019        0.000000000000
  6      450.000000000000       14.000347260752       -2.402546739237        0.000000000000      273.000000000019        0.000000000000
  6      453.000000000000       14.000347260752       -2.396584060176        0.000000000000      273.000000000019        0.000000000000
  6      456.000000000000       14.000347260752       -2.287886337630        0.000000000000      273.000000000019        0.000000000000
  7      198.000000000000        0.386997508734        9.746296867090    85993.466262757007      799.960286959804        0.000000000000
  7      201.000000000000        0.445042565173       13.488402053349   102527.586848395222      799.952305272915      285.609827855158
  7      204.000000000000        0.517551642650       14.044136097235    87438.109056214264      799.939560133215     4482.130523663188
  7      207.000000000000        0.558851912397       14.459763279862    88817.323248048648      799.930775408102    25230.514968220912
  7      210.000000000000        0.622628461271       13.952999505276    82340.228243053643      799.938993368062    11496.211065227681
  7      213.000000000000        0.769738953451       12.142457289316    51051.128809103648      799.938720085377108362858.257996708155
  7      216.000000000000        0.946640787470       10.234859130582    29813.743983666365      799.938260829475    11806.797815860202
  7      219.000000000000        1.112248879208        8.321344781626    19531.007471356021      799.936561156501     1237.567998099415
  7      222.000000000000        1.326416217083        8.628565446054    13689.220013124590      799.899233588073      173.506252594205
  7      225.000000000000        1.604807629624        6.498699080536     5770.691013072637      798.482028699116       17.257238673477
  7      228.000000000000        2.298799798706       -3.621499825432      176.463314665976      776.947235939007       23.414908861313
  7      231.000000000000        3.377546994688       -2.765809731483        8.737514550030      544.660446138050        3.051901422434
  7      234.000000000000        3.558420649246       10.039679368580       27.773154677827      515.751860787617        0.145226793700
  7      237.000000000000        3.843730666523        9.420060136711       13.654318138664      471.390546482947      467.570673367867
  7      240.000000000000        5.513553898233        7.786955020106        0.292368105741      280.272079386355       -0.666300846935
  7      243.000000000000        7.411106817895        7.575849000065        0.003153957856      273.099200546326       -3.011527780602
  7      246.000000000000       14.000347260752        7.282810225493        0.000000000000      273.002960560388        0.000000000000
  7      249.000000000000       14.000347260752        6.999223928838        0.000000000000      273.001814875415        0.000000000000
  7      252.000000000000       14.000347260752        6.775355554535        0.000000000000      273.001054191526        0.000000000000
  7      255.000000000000       14.000347260752        6.601135735582        0.000000000000      273.000538177572        0.000000000000
  7      258.000000000000       14.000347260752        6.485658981740        0.000000000000      273.000266395015        0.000000000000
  7      261.000000000000       14.000347260752        6.402548289534        0.000000000000      273.000187303689        0.000000000000
  7      264.000000000000       14.000347260752        6.371018259345        0.000000000000      273.000242792051        0.000000000000
  7      267.000000000000       14.000347260752        6.383889744019        0.000000000000      273.000424110746        0.000000000000
  7      270.000000000000       14.000347260752        6.440143799519        0.000000000000      273.000766765732        0.000000000000
  7      273.000000000000       14.000347260752        6.531851110272        0.000000000000      273.001346949183        0.000000000000
  7      276.000000000000       14.000347260752        6.685870548188        0.000000000000      273.002262878258        0.000000000000
  7      279.000000000000       14.000347260752        6.913733155341        0.000000000000      273.003567765941        0.000000000000
  7      282.000000000000       14.000347260752        7.225057459427        0.000000000000      273.005166765801        0.000000000000
  7      285.000000000000       14.000347260752        7.628773814513        0.000000000000      273.008939796135        0.000000000000
  7      288.000000000000       14.000347260752        8.115854271093        0.000000000000      273.017852595528        0.000000000000
  7      291.000000000000        6.226088587176        8.553474248501        0.067750942316      273.465291969098       -0.003269595755
  7      294.000000000000        5.009227325744        8.879230183326        1.137120858914      279.726297253911        1.707732552716
  7      297.000000000000        4.508800386907        9.194175460806        3.305942322007      300.680229366974        1.004737202407
  7      300.000000000000        4.395154494706       10.205601875545        4.602242653265      311.189123204046        0.696391944036
  7      303.000000000000        4.362857706865       10.262742458507        4.805043904141      316.213615677433        0.657637926699
  7      306.000000000000        4.247808310118        8.980062391528        4.753076130525      330.972975518017       -0.001152360190
  7      309.000000000000        4.075927961425        7.754649294270        5.234792593317      357.445729309638        0.045166989593
  7      312.000000000000        3.995738696042        8.258367199268        7.175885037597      382.116141870231        0.961510598455
  7      315.000000000000        4.293720152250        9.242497815137        4.306073912023      323.693065393672       -0.741511316780
  7      318.000000000000        4.875387795904       10.535598343098        1.489955182581      284.151572779128       -0.364169385519
  7      321.000000000000        4.734839831826       11.247067406581        2.479240961848      288.373734016787        1.154292868992
  7      324.000000000000        4.283697656076        9.674844706549        5.552944935080      324.150368893356        0.036312196141
  7      327.000000000000        4.191962330039        5.451047253376        3.833173484293      338.246211769872        0.003636987388
  7      330.000000000000        4.200501743334       -0.253623850651        4.727079807024      337.822397004555       -0.002795915363
  7      333.000000000000        4.260952341595       -1.145121238972        5.221551265796      327.476863825779       -0.071149692650
  7      336.000000000000        4.398636379869       -0.030537272927        4.520949056166      311.258445712110       -1.758463350300
  7      339.000000000000        4.724054578769        0.155754372947        2.001362676550      289.888928879425       -1.605509672398
  7      342.000000000000        5.391625217763        0.404829092085        0.326607767627      276.354210665674       -0.253529402922
  7      345.000000000000        7.205968770502        0.612816311071        0.001610106976      273.034776297958       -0.197775719947
  7      348.000000000000       14.000347260752        0.149009394732        0.000000000000      273.003337850988        0.000000000000
  7      351.000000000000       14.000347260752       -0.628289901708        0.000000000000      273.000153204798        0.000000000000
  7      354.000000000000       14.000347260752       -1.369063885632        0.000000000000      273.000003176869        0.000000000000
  7      357.000000000000       14.000347260752       -1.688290206388        0.000000000000      273.000000485217        0.000000000000
  7      360.000000000000       14.000347260752       -1.501832731518        0.000000000000      273.000000329695        0.000000000000
  7      363.000000000000       14.000347260752       -0.948165952321        0.000000000000      273.000000348891        0.000000000000
  7      366.000000000000       14.000347260752       -0.288502544545        0.000000000000      273.000000392503        0.000000000000
  7      369.000000000000        6.663513449628        0.070420998955        0.001964697474      273.000015635417       -0.204760399897
  7      372.000000000000        4.849431506366       -0.000267843544        0.016598130589      280.580434684066        3.671587466020
  7      375.000000000000        4.440303658516       -1.794106625904        0.391630396772      309.123066158609        0.551836987473
  7      378.000000000000        4.240552491887       -4.413897290656        3.719824144181      339.495267489917        0.056224322927
  7      381.000000000000        4.123775034000       -6.541524504642       10.686279705582      364.621344949268        0.018482572188
  7      384.000000000000        4.055249342847       -8.212606139214       17.501476881454      383.345734256542        0.045751311790
  7      387.000000000000        4.033745468091       -7.969296437911       17.763538180533      394.177316652560       27.305937465802
  7      390.000000000000        4.039156624915       -7.189824275709       14.006085573214      391.881877652400       -0.388047884601
  7      393.000000000000        4.086491582595       -5.606679138486        7.012478027683      371.225798146072       -3.216987730258
  7      396.000000000000        4.187652775758       -5.161119542772        2.952870069347      336.858836497772       -6.035351108900
  7      399.000000000000        4.259689976441       -6.373616199262        2.619353684446      324.223431071587       -0.852623348335
  7      402.000000000000        4.371232873528       -8.302738545978        3.570114678517      310.472002384911       -1.520921095266
  7      405.000000000000        4.697976800466       -8.269589802618        1.917026697118      288.131163894137       -0.077076391364
  7      408.000000000000        4.666913266220       -6.631769515643        1.416763783106      289.874163264626        0.122683589068
  7      411.000000000000        4.429116216163       -4.849799748289        1.238346244323      306.613397141750        1.064643856452
  7      414.000000000000        4.425796101083       -3.538690400552        0.764143145969      307.934220909762      -35.753008248723
  7      417.000000000000        4.891326964024       -3.629822214868        0.229629940823      284.190381191980       -5.568061286073
  7      420.000000000000       14.000347260752       -3.731792361182        0.000000000000      273.003130191993        0.000000000000
  7      423.000000000000       14.000347260752       -3.252119257902        0.000000000000      273.000000012858        0.000000000000
  7      426.000000000000       14.000347260752       -2.743525697469        0.000000000000      273.000000006791        0.000000000000
  7      429.000000000000       14.000347260752       -2.396608620126        0.000000000000      273.000000000955        0.000000000000
  7      432.000000000000       14.000347260752       -2.159761176614        0.000000000000      273.000000000123        0.000000000000
  7      435.000000000000       14.000347260752       -1.982491187043        0.000000000000      273.000000000032        0.000000000000
  7      438.000000000000       14.000347260752       -1.846736864324        0.000000000000      273.000000000025        0.000000000000
  7      441.000000000000       14.000347260752       -1.743511688738        0.000000000000      273.000000000024        0.000000000000
  7      444.000000000000       14.000347260752       -1.665771641982        0.000000000000      273.000000000024        0.000000000000
  7      447.000000000000       14.000347260752       -1.608589325725        0.000000000000      273.000000000023        0.000000000000
  7      450.000000000000       14.000347260752       -1.568349944181        0.000000000000      273.000000000024        0.000000000000
  7      453.000000000000       14.000347260752       -1.542082862262        0.000000000000      273.000000000024        0.000000000000
  7      456.000000000000       14.000347260752       -1.347310279990        0.000000000000      273.000000000023        0.000000000000
  8      198.000000000000        0.448824379438        6.608847315872    62690.180289791715      799.966701295944        0.000000000000
  8      201.000000000000        0.490311594583       14.346945980776   148210.637186292210      799.968855392453       87.635585711355
  8      204.000000000000        0.579120704524       15.744642555221   122446.072503045318      799.961158573044 53897226.282573938370
  8      207.000000000000        0.714914584214       15.479288619631    71685.558452374680      799.942798476841     4525.275095885547
  8      210.000000000000        0.805670816542       17.054762260336    64216.260336495310      799.918384701776      431.293412980022
  8      213.000000000000        0.918787053600       18.363283288114    55084.597183145146      799.908291660616     1479.433856225923
  8      216.000000000000        1.090321800167       18.562370362152    42344.194910719780      799.912871439133     1166.174530901235
  8      219.000000000000        1.399396191726       15.701646271716    17753.095638363284      799.652885574954       78.818586716804
  8      222.000000000000        2.276381772309        8.167339100169     1230.513311528444      721.347390005440       27.629640750263
  8      225.000000000000        3.564234404986        1.388250683818        4.239457250888      485.821434503241       12.521165678150
  8      228.000000000000        3.975304510882        3.514344712500        2.073858788012      509.481320775862        6.622719634288
  8      231.000000000000        5.387462696993        5.018141353230        0.117834197558      369.819553915328       -2.450430971991
  8      234.000000000000        6.693141757939        6.021446182441        0.007631911054      273.486491772387       -1.392906327671
  8      237.000000000000       14.000347260752        5.854237947810        0.000000000000      273.014632288025        0.000000000000
  8      240.000000000000       14.000347260752        5.704252886797        0.000000000000      273.000955581300        0.000000000000
  8      243.000000000000       14.000347260752        5.639364649333        0.000000000000      273.000131725357        0.000000000000
  8      246.000000000000       14.000347260752        5.617664135893        0.000000000000      273.000108660457        0.000000000000
  8      249.000000000000       14.000347260752        5.650999002182        0.000000000000      273.000171534860        0.000000000000
  8      252.000000000000       14.000347260752        5.712320854988        0.000000000000      273.000313313938        0.000000000000
  8      255.000000000000       14.000347260752        5.784802760228        0.000000000000      273.000535830165        0.000000000000
  8      258.000000000000       14.000347260752        5.839747454012        0.000000000000      273.000680106025        0.000000000000
  8      261.000000000000       14.000347260752        5.882797622409        0.000000000000      273.000713067841        0.000000000000
  8      264.000000000000       14.000347260752        5.896303312733        0.000000000000      273.000808425071        0.000000000000
  8      267.000000000000       14.000347260752        5.899797336905        0.000000000000      273.001034211139        0.000000000000
  8      270.000000000000       14.000347260752        5.896474601106        0.000000000000      273.001389887006        0.000000000000
  8      273.000000000000       14.000347260752        5.914458642198        0.000000000000      273.001819629538        0.000000000000
  8      276.000000000000       14.000347260752        5.964853366032        0.000000000000      273.002248093793        0.000000000000
  8      279.000000000000       14.000347260752        6.043825393425        0.000000000000      273.002637853165        0.000000000000
  8      282.000000000000       14.000347260752        6.146907119603        0.000000000000      273.003092100928        0.000000000000
  8      285.000000000000       14.000347260752        6.266833497188        0.000000000000      273.003704073049        0.000000000000
  8      288.000000000000       14.000347260752        6.403892885475        0.000000000000      273.007022979950        0.000000000000
  8      291.000000000000       14.000347260752        6.556901665941        0.000000000000      273.040145703328        0.000000000000
  8      294.000000000000        7.963084169732        6.741858009664        0.000665585807      273.181120744862       -0.062358780274
  8      297.000000000000        6.110670127131        6.980706132108        0.051655919258      273.457285855854        0.257769177991
  8      300.000000000000        5.332348378123        7.198853889926        0.328461562005      276.906797493292        2.666564011431
  8      303.000000000000        4.727420811374        7.194451732053        1.198133324498      288.824373263585        0.687237446922
  8      306.000000000000        4.435143230864        6.545962292639        1.631735614682      304.741384868981        0.087933694319
  8      309.000000000000        4.273252316446        5.694106489423        1.861185236365      320.209808667649        0.026527618202
  8      312.000000000000        4.199257015228        5.273675029851        2.096994974598      329.060981016602        1.782703933789
  8      315.000000000000        4.217020964785        5.908333527777        2.261919483915      329.151735467021       -0.213296462338
  8      318.000000000000        5.433013003785        6.809532567575        0.180814737507      276.539731295506       -0.312599360023
  8      321.000000000000        6.063848950634        7.568551964574        0.049408657269      273.753370044839        0.117062411282
  8      324.000000000000        4.962946284042        7.474700212269        0.598130563579      282.652296628322        0.687097950888
  8      327.000000000000        4.592055636931        5.969866722489        0.958968740067      296.250356826603        0.042028701129
  8      330.000000000000        4.471298246900        3.665733552658        0.933565518610      303.116325501443        0.011304725717
  8      333.000000000000        4.434353934879        1.990165480290        1.614883366155      306.197376036097        0.036445794179
  8      336.000000000000        4.404904051946        2.026839814835        2.183640103665      309.056579390726        0.136538734837
  8      339.000000000000        4.337341010533        2.044292188223        2.046736505715      316.701164853884       86.649899645241
  8      342.000000000000        4.338941204383        2.616818942077        1.500213931766      316.716839822451       -0.008315799129
  8      345.000000000000        4.545554759995        8.402691947998        3.203492084681      298.678591306787       -0.016352385567
  8      348.000000000000        4.676576929247        8.835117525008        5.515659312533      290.869749451339       -0.003115631393
  8      351.000000000000        4.395680725822        5.676584944252       12.766311530803      307.864478622194        0.005726443050
  8      354.000000000000        4.450466329113        4.659639287659        8.535362182815      303.683954290700        0.011717370604
  8      357.000000000000        4.453189296095        2.515094379553        5.291216094913      303.737196701666        0.019664574701
  8      360.000000000000        4.393662857012        0.655525474608        4.172259972871      308.899536115745       -0.005789489613
  8      363.000000000000        4.464485350720        0.597168682827        2.312039195291      302.446318576530       -0.045707319952
  8      366.000000000000        4.478635672713        0.066713461370        1.179186159478      300.980426718813        0.004378632832
  8      369.000000000000        4.309431029039       -4.385811319222        0.941156916595      316.571744553202        0.003611721463
  8      372.000000000000        4.309823881716       -7.355477575746        3.102981095422      316.346609618493       -0.009118900138
  8      375.000000000000        4.394057048835       -8.880367652018        4.397096139890      307.588293084981       -2.531225883195
  8      378.000000000000        4.796412017113       -8.057456928806        1.787831850076      285.907867814131       -0.009321349552
  8      381.000000000000        4.862994321179       -6.129931100741        1.110893678108      284.386843404336        0.000131807132
  8      384.000000000000        4.918341049838       -5.355420146502        0.817096489983      283.085788614158       -0.039404830126
  8      387.000000000000        5.026499979682       -5.455952021861        0.684242940123      280.834203827350       -0.270011551131
  8      390.000000000000        5.216887310610       -5.837157125952        0.547024750330      278.017312510827       -0.124220501747
  8      393.000000000000        5.507443616345       -5.888009280098        0.347745987488      275.484738788957       -0.043670858936
  8      396.000000000000        5.251771486357       -5.400525256959        0.751766565496      277.625372144554        0.572153338471
  8      399.000000000000        4.963876708175       -4.359135647562        1.621782234872      282.295130194159        0.129878719478
  8      402.000000000000        4.817574340367       -2.291158953357        1.949362692756      286.197278474862        0.017987804200
  8      405.000000000000        4.828117115070       -0.210456589297        1.363623187139      286.085544810550        0.021057041868
  8      408.000000000000        4.735686016947        0.056013891691        1.143655450061      289.139252826712        0.288502528963
  8      411.000000000000        4.575615031213       -0.594197327272        2.451254855934      296.261366765529        0.006109348656
  8      414.000000000000        4.603462082020       -5.100171720846        3.191665547109      294.639596174968       -0.007475214168
  8      417.000000000000        4.748455699070       -8.272847789495        2.991304592877      287.996554035371       -0.041554769371
  8      420.000000000000        4.858298685212       -7.785152382665        2.300122232294      283.934424109289       -0.072250051281
  8      423.000000000000        4.839327737644       -5.893913560338        2.145929242546      284.444781324953        0.006628836308
  8      426.000000000000        4.746225651751       -2.737193348811        2.134903629273      287.547913399205        0.008685487290
  8      429.000000000000        4.622769726056       -0.333425908838        2.534844711150      292.777087779943        0.013036553251
  8      432.000000000000        4.521040193722        1.140960712500        3.070589832400      298.528900850289        0.086652763421
  8      435.000000000000        4.421361918827        0.908863520126        3.850608011721      306.431319717705       27.089161225159
  8      438.000000000000        4.363913087808        0.675352051107        4.355207858008      312.649512560405        1.094392272019
  8      441.000000000000        4.375942445287        0.700100557967        3.694865775653      311.670410992475        0.062645128826
  8      444.000000000000        4.419888638028        0.505043811347        1.635877639876      308.238469622907       10.656424574660
  8      447.000000000000        4.411573281757        0.153163091019        0.243713081117      309.003917275499       -0.981093240061
  8      450.000000000000        4.536602635639       -0.323463041963        0.126711898727      298.574785006964      -49.446271780271
  8      453.000000000000        5.461711725041       -1.397777762120        0.014087629703      275.543845209061       -1.594476299595
  8      456.000000000000       14.000347260752       -1.304378817872        0.000000000000      273.000000921359        0.000000000000
