!------------------------------------------------------------!
  Date: 20191112
  Simulation name: BVY7 
  Filename:slice_3quarter_100m.txt                                                                                                                               
  Produced in mod-subroutine:  column.mod/slice                                                                                                                                      
  Written by AK September 2019
  Description:Veritcal column at x450_z558                                                                                                                          
  Data format: t  YYY  EPP   U_G   DPU   T_G   Ri                                                                                                                   
!------------------------------------------------------------!
  1      195.000000000000       14.000347260752        0.000000000000        0.000000000000      273.000000000000        0.000000000000
  1      198.000000000000       14.000347260752        0.000000000000        0.000000000000      273.000000000000        0.000000000000
  1      201.000000000000       14.000347260752        0.000000000000        0.000000000000      273.000000000000        0.000000000000
  1      204.000000000000       14.000347260752        0.000000000000        0.000000000000      273.000000000000        0.000000000000
  1      207.000000000000       14.000347260752        0.000000000000        0.000000000000      273.000000000000        0.000000000000
  1      210.000000000000       14.000347260752        0.000000000000        0.000000000000      273.000000000000        0.000000000000
  1      213.000000000000       14.000347260752        0.000000000000        0.000000000000      273.000000000000        0.000000000000
  1      216.000000000000       14.000347260752        0.000000000000        0.000000000000      273.000000000000        0.000000000000
  1      219.000000000000       14.000347260752        0.000000000000        0.000000000000      273.000000000000        0.000000000000
  1      222.000000000000       14.000347260752        0.000000000000        0.000000000000      273.000000000000        0.000000000000
  1      225.000000000000       14.000347260752        0.000000000000        0.000000000000      273.000000000000        0.000000000000
  1      228.000000000000       14.000347260752        0.000000000000        0.000000000000      273.000000000000        0.000000000000
  1      231.000000000000       14.000347260752        0.000000000000        0.000000000000      273.000000000000        0.000000000000
  1      234.000000000000       14.000347260752        0.000000000000        0.000000000000      273.000000000000        0.000000000000
  1      237.000000000000       14.000347260752        0.000000000000        0.000000000000      273.000000000000        0.000000000000
  1      240.000000000000       14.000347260752        0.000000000000        0.000000000000      273.000000000000        0.000000000000
  1      243.000000000000       14.000347260752        0.000000000000        0.000000000000      273.000000000000        0.000000000000
  1      246.000000000000       14.000347260752        0.000000000000        0.000000000000      273.000000000000        0.000000000000
  1      249.000000000000       14.000347260752        0.000000000000        0.000000000000      273.000000000000        0.000000000000
  1      252.000000000000       14.000347260752        0.000000000000        0.000000000000      273.000000000000        0.000000000000
  1      255.000000000000       14.000347260752        0.000000000000        0.000000000000      273.000000000000        0.000000000000
  1      258.000000000000       14.000347260752        0.000000000000        0.000000000000      273.000000000000        0.000000000000
  1      261.000000000000       14.000347260752        0.000000000000        0.000000000000      273.000000000000        0.000000000000
  1      264.000000000000       14.000347260752        0.000000000000        0.000000000000      273.000000000000        0.000000000000
  1      267.000000000000       14.000347260752        0.000000000000        0.000000000000      273.000000000000        0.000000000000
  1      270.000000000000       14.000347260752        0.000000000000        0.000000000000      273.000000000000        0.000000000000
  1      273.000000000000       14.000347260752        0.000000000000        0.000000000000      273.000000000000        0.000000000000
  1      276.000000000000       14.000347260752        0.000000000000        0.000000000000      273.000000000000        0.000000000000
  1      279.000000000000       14.000347260752        0.000000000000        0.000000000000      273.000000000000        0.000000000000
  1      282.000000000000       14.000347260752        0.000000000000        0.000000000000      273.000000000000        0.000000000000
  1      285.000000000000       14.000347260752        0.000000000000        0.000000000000      273.000000000000        0.000000000000
  1      288.000000000000       14.000347260752        0.000000000000        0.000000000000      273.000000000000        0.000000000000
  1      291.000000000000       14.000347260752        0.000000000000        0.000000000000      273.000000000000        0.000000000000
  1      294.000000000000       14.000347260752        0.000000000000        0.000000000000      273.000000000000        0.000000000000
  1      297.000000000000       14.000347260752        0.000000000000        0.000000000000      273.000000000000        0.000000000000
  1      300.000000000000       14.000347260752        0.000000000000        0.000000000000      273.000000000000        0.000000000000
  1      303.000000000000       14.000347260752        0.000000000000        0.000000000000      273.000000000000        0.000000000000
  1      306.000000000000       14.000347260752        0.000000000000        0.000000000000      273.000000000000        0.000000000000
  1      309.000000000000       14.000347260752        0.000000000000        0.000000000000      273.000000000000        0.000000000000
  1      312.000000000000       14.000347260752        0.000000000000        0.000000000000      273.000000000000        0.000000000000
  1      315.000000000000       14.000347260752        0.000000000000        0.000000000000      273.000000000000        0.000000000000
  1      318.000000000000       14.000347260752        0.000000000000        0.000000000000      273.000000000000        0.000000000000
  1      321.000000000000       14.000347260752        0.000000000000        0.000000000000      273.000000000000        0.000000000000
  1      324.000000000000       14.000347260752        0.000000000000        0.000000000000      273.000000000000        0.000000000000
  1      327.000000000000       14.000347260752        0.000000000000        0.000000000000      273.000000000000        0.000000000000
  1      330.000000000000       14.000347260752        0.000000000000        0.000000000000      273.000000000000        0.000000000000
  1      333.000000000000       14.000347260752        0.000000000000        0.000000000000      273.000000000000        0.000000000000
  1      336.000000000000       14.000347260752        0.000000000000        0.000000000000      273.000000000000        0.000000000000
  1      339.000000000000       14.000347260752        0.000000000000        0.000000000000      273.000000000000        0.000000000000
  1      342.000000000000       14.000347260752        0.000000000000        0.000000000000      273.000000000000        0.000000000000
  1      345.000000000000       14.000347260752        0.000000000000        0.000000000000      273.000000000000        0.000000000000
  1      348.000000000000       14.000347260752        0.000000000000        0.000000000000      273.000000000000        0.000000000000
  1      351.000000000000       14.000347260752        0.000000000000        0.000000000000      273.000000000000        0.000000000000
  1      354.000000000000       14.000347260752        0.000000000000        0.000000000000      273.000000000000        0.000000000000
  1      357.000000000000       14.000347260752        0.000000000000        0.000000000000      273.000000000000        0.000000000000
  1      360.000000000000       14.000347260752        0.000000000000        0.000000000000      273.000000000000        0.000000000000
  1      363.000000000000       14.000347260752        0.000000000000        0.000000000000      273.000000000000        0.000000000000
  1      366.000000000000       14.000347260752        0.000000000000        0.000000000000      273.000000000000        0.000000000000
  1      369.000000000000       14.000347260752        0.000000000000        0.000000000000      273.000000000000        0.000000000000
  1      372.000000000000       14.000347260752        0.000000000000        0.000000000000      273.000000000000        0.000000000000
  1      375.000000000000       14.000347260752        0.000000000000        0.000000000000      273.000000000000        0.000000000000
  1      378.000000000000       14.000347260752        0.000000000000        0.000000000000      273.000000000000        0.000000000000
  1      381.000000000000       14.000347260752        0.000000000000        0.000000000000      273.000000000000        0.000000000000
  1      384.000000000000       14.000347260752        0.000000000000        0.000000000000      273.000000000000        0.000000000000
  1      387.000000000000       14.000347260752        0.000000000000        0.000000000000      273.000000000000        0.000000000000
  1      390.000000000000       14.000347260752        0.000000000000        0.000000000000      273.000000000000        0.000000000000
  1      393.000000000000       14.000347260752        0.000000000000        0.000000000000      273.000000000000        0.000000000000
  1      396.000000000000       14.000347260752        0.000000000000        0.000000000000      273.000000000000        0.000000000000
  1      399.000000000000       14.000347260752        0.000000000000        0.000000000000      273.000000000000        0.000000000000
  1      402.000000000000       14.000347260752        0.000000000000        0.000000000000      273.000000000000        0.000000000000
  1      405.000000000000       14.000347260752        0.000000000000        0.000000000000      273.000000000000        0.000000000000
  1      408.000000000000       14.000347260752        0.000000000000        0.000000000000      273.000000000000        0.000000000000
  1      411.000000000000       14.000347260752        0.000000000000        0.000000000000      273.000000000000        0.000000000000
  1      414.000000000000       14.000347260752        0.000000000000        0.000000000000      273.000000000000        0.000000000000
  1      417.000000000000       14.000347260752        0.000000000000        0.000000000000      273.000000000000        0.000000000000
  1      420.000000000000       14.000347260752        0.000000000000        0.000000000000      273.000000000000        0.000000000000
  1      423.000000000000       14.000347260752        0.000000000000        0.000000000000      273.000000000000        0.000000000000
  1      426.000000000000       14.000347260752        0.000000000000        0.000000000000      273.000000000000        0.000000000000
  1      429.000000000000       14.000347260752        0.000000000000        0.000000000000      273.000000000000        0.000000000000
  1      432.000000000000       14.000347260752        0.000000000000        0.000000000000      273.000000000000        0.000000000000
  1      435.000000000000       14.000347260752        0.000000000000        0.000000000000      273.000000000000        0.000000000000
  1      438.000000000000       14.000347260752        0.000000000000        0.000000000000      273.000000000000        0.000000000000
  1      441.000000000000       14.000347260752        0.000000000000        0.000000000000      273.000000000000        0.000000000000
  1      444.000000000000       14.000347260752        0.000000000000        0.000000000000      273.000000000000        0.000000000000
  1      447.000000000000       14.000347260752        0.000000000000        0.000000000000      273.000000000000        0.000000000000
  1      450.000000000000       14.000347260752        0.000000000000        0.000000000000      273.000000000000        0.000000000000
  1      453.000000000000       14.000347260752        0.000000000000        0.000000000000      273.000000000000        0.000000000000
  1      456.000000000000       14.000347260752        0.000000000000        0.000000000000      273.000000000000        0.000000000000
  2      195.000000000000       14.000347260752       -0.527088188997        0.000000000000      272.997900931411        0.000000000000
  2      198.000000000000       14.000347260752       -0.315609437018        0.000000000000      272.999901458047        0.000000000000
  2      201.000000000000       14.000347260752       -0.363346987276        0.000000000000      272.999996164199        0.000000000000
  2      204.000000000000       14.000347260752       -0.393306910675        0.000000000000      272.999999900305        0.000000000000
  2      207.000000000000       14.000347260752       -0.404397243543        0.000000000000      272.999999998347        0.000000000000
  2      210.000000000000       14.000347260752       -0.409726614020        0.000000000000      272.999999999985        0.000000000000
  2      213.000000000000       14.000347260752       -0.413059253860        0.000000000000      273.000000000006        0.000000000000
  2      216.000000000000       14.000347260752       -0.415603648221        0.000000000000      273.000000000004        0.000000000000
  2      219.000000000000       14.000347260752       -0.417919535706        0.000000000000      273.000000000006        0.000000000000
  2      222.000000000000       14.000347260752       -0.420165088572        0.000000000000      273.000000000004        0.000000000000
  2      225.000000000000       14.000347260752       -0.422360951590        0.000000000000      273.000000000005        0.000000000000
  2      228.000000000000       14.000347260752       -0.424554854257        0.000000000000      273.000000000005        0.000000000000
  2      231.000000000000       14.000347260752       -0.426742013132        0.000000000000      273.000000000004        0.000000000000
  2      234.000000000000       14.000347260752       -0.428902809966        0.000000000000      273.000000000004        0.000000000000
  2      237.000000000000       14.000347260752       -0.431033823031        0.000000000000      273.000000000004        0.000000000000
  2      240.000000000000       14.000347260752       -0.433128201280        0.000000000000      273.000000000005        0.000000000000
  2      243.000000000000       14.000347260752       -0.435190927609        0.000000000000      273.000000000004        0.000000000000
  2      246.000000000000       14.000347260752       -0.437220465214        0.000000000000      273.000000000004        0.000000000000
  2      249.000000000000       14.000347260752       -0.439213348251        0.000000000000      273.000000000004        0.000000000000
  2      252.000000000000       14.000347260752       -0.441160753394        0.000000000000      273.000000000006        0.000000000000
  2      255.000000000000       14.000347260752       -0.443070464077        0.000000000000      273.000000000005        0.000000000000
  2      258.000000000000       14.000347260752       -0.444938516006        0.000000000000      273.000000000006        0.000000000000
  2      261.000000000000       14.000347260752       -0.446761782312        0.000000000000      273.000000000005        0.000000000000
  2      264.000000000000       14.000347260752       -0.448522683467        0.000000000000      273.000000000004        0.000000000000
  2      267.000000000000       14.000347260752       -0.450238787349        0.000000000000      273.000000000004        0.000000000000
  2      270.000000000000       14.000347260752       -0.451932887008        0.000000000000      273.000000000005        0.000000000000
  2      273.000000000000       14.000347260752       -0.453642323453        0.000000000000      273.000000000004        0.000000000000
  2      276.000000000000       14.000347260752       -0.455332804720        0.000000000000      273.000000000005        0.000000000000
  2      279.000000000000       14.000347260752       -0.456926498186        0.000000000000      273.000000000005        0.000000000000
  2      282.000000000000       14.000347260752       -0.458465211998        0.000000000000      273.000000000004        0.000000000000
  2      285.000000000000       14.000347260752       -0.459982152603        0.000000000000      273.000000000004        0.000000000000
  2      288.000000000000       14.000347260752       -0.461451382809        0.000000000000      273.000000000007        0.000000000000
  2      291.000000000000       14.000347260752       -0.462873953348        0.000000000000      273.000000000004        0.000000000000
  2      294.000000000000       14.000347260752       -0.464273921158        0.000000000000      273.000000000005        0.000000000000
  2      297.000000000000       14.000347260752       -0.465659156162        0.000000000000      273.000000000004        0.000000000000
  2      300.000000000000       14.000347260752       -0.467023709178        0.000000000000      273.000000000004        0.000000000000
  2      303.000000000000       14.000347260752       -0.468363590067        0.000000000000      273.000000000006        0.000000000000
  2      306.000000000000       14.000347260752       -0.469681685887        0.000000000000      273.000000000005        0.000000000000
  2      309.000000000000       14.000347260752       -0.470974658906        0.000000000000      273.000000000005        0.000000000000
  2      312.000000000000       14.000347260752       -0.472250501302        0.000000000000      273.000000000006        0.000000000000
  2      315.000000000000       14.000347260752       -0.473505504404        0.000000000000      273.000000000006        0.000000000000
  2      318.000000000000       14.000347260752       -0.474738608173        0.000000000000      273.000000000005        0.000000000000
  2      321.000000000000       14.000347260752       -0.475964653986        0.000000000000      273.000000000005        0.000000000000
  2      324.000000000000       14.000347260752       -0.477226509650        0.000000000000      273.000000000005        0.000000000000
  2      327.000000000000       14.000347260752       -0.478421055636        0.000000000000      273.000000000003        0.000000000000
  2      330.000000000000       14.000347260752       -0.479631441660        0.000000000000      273.000000000004        0.000000000000
  2      333.000000000000       14.000347260752       -0.480828761046        0.000000000000      273.000000000004        0.000000000000
  2      336.000000000000       14.000347260752       -0.482063795379        0.000000000000      273.000000000004        0.000000000000
  2      339.000000000000       14.000347260752       -0.483276390882        0.000000000000      273.000000000004        0.000000000000
  2      342.000000000000       14.000347260752       -0.484508860209        0.000000000000      273.000000000004        0.000000000000
  2      345.000000000000       14.000347260752       -0.485689645514        0.000000000000      273.000000000005        0.000000000000
  2      348.000000000000       14.000347260752       -0.486896254405        0.000000000000      273.000000000004        0.000000000000
  2      351.000000000000       14.000347260752       -0.488121746250        0.000000000000      273.000000000005        0.000000000000
  2      354.000000000000       14.000347260752       -0.489328569359        0.000000000000      273.000000000005        0.000000000000
  2      357.000000000000       14.000347260752       -0.490544172763        0.000000000000      273.000000000004        0.000000000000
  2      360.000000000000       14.000347260752       -0.491752769655        0.000000000000      273.000000000005        0.000000000000
  2      363.000000000000       14.000347260752       -0.492944731305        0.000000000000      273.000000000004        0.000000000000
  2      366.000000000000       14.000347260752       -0.494127824182        0.000000000000      273.000000000004        0.000000000000
  2      369.000000000000       14.000347260752       -0.495315051311        0.000000000000      273.000000000004        0.000000000000
  2      372.000000000000       14.000347260752       -0.496493850821        0.000000000000      273.000000000004        0.000000000000
  2      375.000000000000       14.000347260752       -0.497644409167        0.000000000000      273.000000000006        0.000000000000
  2      378.000000000000       14.000347260752       -0.498783970746        0.000000000000      273.000000000004        0.000000000000
  2      381.000000000000       14.000347260752       -0.499911054742        0.000000000000      273.000000000005        0.000000000000
  2      384.000000000000       14.000347260752       -0.501025494232        0.000000000000      273.000000000004        0.000000000000
  2      387.000000000000       14.000347260752       -0.502100053705        0.000000000000      273.000000000005        0.000000000000
  2      390.000000000000       14.000347260752       -0.503138247428        0.000000000000      273.000000000004        0.000000000000
  2      393.000000000000       14.000347260752       -0.504155655958        0.000000000000      273.000000000004        0.000000000000
  2      396.000000000000       14.000347260752       -0.505135041361        0.000000000000      273.000000000004        0.000000000000
  2      399.000000000000       14.000347260752       -0.506070211870        0.000000000000      273.000000000005        0.000000000000
  2      402.000000000000       14.000347260752       -0.506970664212        0.000000000000      273.000000000003        0.000000000000
  2      405.000000000000       14.000347260752       -0.507827399817        0.000000000000      273.000000000003        0.000000000000
  2      408.000000000000       14.000347260752       -0.508630406267        0.000000000000      273.000000000004        0.000000000000
  2      411.000000000000       14.000347260752       -0.509391341924        0.000000000000      273.000000000004        0.000000000000
  2      414.000000000000       14.000347260752       -0.510118468252        0.000000000000      273.000000000002        0.000000000000
  2      417.000000000000       14.000347260752       -0.510785028956        0.000000000000      273.000000000005        0.000000000000
  2      420.000000000000       14.000347260752       -0.511403400043        0.000000000000      273.000000000005        0.000000000000
  2      423.000000000000       14.000347260752       -0.511971763689        0.000000000000      273.000000000005        0.000000000000
  2      426.000000000000       14.000347260752       -0.512492129303        0.000000000000      273.000000000005        0.000000000000
  2      429.000000000000       14.000347260752       -0.512970964517        0.000000000000      273.000000000005        0.000000000000
  2      432.000000000000       14.000347260752       -0.513396478457        0.000000000000      273.000000000007        0.000000000000
  2      435.000000000000       14.000347260752       -0.513764201379        0.000000000000      273.000000000006        0.000000000000
  2      438.000000000000       14.000347260752       -0.514084543657        0.000000000000      273.000000000005        0.000000000000
  2      441.000000000000       14.000347260752       -0.514359161819        0.000000000000      273.000000000004        0.000000000000
  2      444.000000000000       14.000347260752       -0.514581578379        0.000000000000      273.000000000003        0.000000000000
  2      447.000000000000       14.000347260752       -0.514755286679        0.000000000000      273.000000000006        0.000000000000
  2      450.000000000000       14.000347260752       -0.514878340655        0.000000000000      273.000000000005        0.000000000000
  2      453.000000000000       14.000347260752       -0.515623952342        0.000000000000      273.000000000006        0.000000000000
  2      456.000000000000       14.000347260752       -0.561198578160        0.000000000000      273.000000000004        0.000000000000
  3      195.000000000000       14.000347260752        0.565859056812        0.000000000000      272.996814397830        0.000000000000
  3      198.000000000000       14.000347260752        1.679338254729        0.000000000000      272.998767415639        0.000000000000
  3      201.000000000000       14.000347260752        1.577041121902        0.000000000000      272.999935767940        0.000000000000
  3      204.000000000000       14.000347260752        1.569202302169        0.000000000000      272.999996223009        0.000000000000
  3      207.000000000000       14.000347260752        1.574371817217        0.000000000000      272.999999842482        0.000000000000
  3      210.000000000000       14.000347260752        1.578066240399        0.000000000000      272.999999994518        0.000000000000
  3      213.000000000000       14.000347260752        1.581959668811        0.000000000000      272.999999999806        0.000000000000
  3      216.000000000000       14.000347260752        1.585316317393        0.000000000000      272.999999999998        0.000000000000
  3      219.000000000000       14.000347260752        1.587944583827        0.000000000000      273.000000000008        0.000000000000
  3      222.000000000000       14.000347260752        1.589668516849        0.000000000000      273.000000000008        0.000000000000
  3      225.000000000000       14.000347260752        1.590353473635        0.000000000000      273.000000000007        0.000000000000
  3      228.000000000000       14.000347260752        1.589917736623        0.000000000000      273.000000000007        0.000000000000
  3      231.000000000000       14.000347260752        1.588346100658        0.000000000000      273.000000000007        0.000000000000
  3      234.000000000000       14.000347260752        1.585647231141        0.000000000000      273.000000000007        0.000000000000
  3      237.000000000000       14.000347260752        1.581844738466        0.000000000000      273.000000000007        0.000000000000
  3      240.000000000000       14.000347260752        1.576981578005        0.000000000000      273.000000000007        0.000000000000
  3      243.000000000000       14.000347260752        1.571044732846        0.000000000000      273.000000000006        0.000000000000
  3      246.000000000000       14.000347260752        1.564191138033        0.000000000000      273.000000000007        0.000000000000
  3      249.000000000000       14.000347260752        1.556401671979        0.000000000000      273.000000000006        0.000000000000
  3      252.000000000000       14.000347260752        1.547746667927        0.000000000000      273.000000000007        0.000000000000
  3      255.000000000000       14.000347260752        1.538300602790        0.000000000000      273.000000000006        0.000000000000
  3      258.000000000000       14.000347260752        1.528123535047        0.000000000000      273.000000000007        0.000000000000
  3      261.000000000000       14.000347260752        1.517288799281        0.000000000000      273.000000000006        0.000000000000
  3      264.000000000000       14.000347260752        1.505867467552        0.000000000000      273.000000000008        0.000000000000
  3      267.000000000000       14.000347260752        1.493880836502        0.000000000000      273.000000000007        0.000000000000
  3      270.000000000000       14.000347260752        1.481362212714        0.000000000000      273.000000000007        0.000000000000
  3      273.000000000000       14.000347260752        1.468396354115        0.000000000000      273.000000000007        0.000000000000
  3      276.000000000000       14.000347260752        1.455103052535        0.000000000000      273.000000000007        0.000000000000
  3      279.000000000000       14.000347260752        1.441529791678        0.000000000000      273.000000000006        0.000000000000
  3      282.000000000000       14.000347260752        1.427705072665        0.000000000000      273.000000000007        0.000000000000
  3      285.000000000000       14.000347260752        1.413678136067        0.000000000000      273.000000000005        0.000000000000
  3      288.000000000000       14.000347260752        1.399504690615        0.000000000000      273.000000000007        0.000000000000
  3      291.000000000000       14.000347260752        1.385223463450        0.000000000000      273.000000000007        0.000000000000
  3      294.000000000000       14.000347260752        1.370877383301        0.000000000000      273.000000000008        0.000000000000
  3      297.000000000000       14.000347260752        1.356495256767        0.000000000000      273.000000000007        0.000000000000
  3      300.000000000000       14.000347260752        1.342110039876        0.000000000000      273.000000000007        0.000000000000
  3      303.000000000000       14.000347260752        1.327767678596        0.000000000000      273.000000000006        0.000000000000
  3      306.000000000000       14.000347260752        1.313506214281        0.000000000000      273.000000000007        0.000000000000
  3      309.000000000000       14.000347260752        1.299347331483        0.000000000000      273.000000000007        0.000000000000
  3      312.000000000000       14.000347260752        1.285325098814        0.000000000000      273.000000000007        0.000000000000
  3      315.000000000000       14.000347260752        1.271471279966        0.000000000000      273.000000000007        0.000000000000
  3      318.000000000000       14.000347260752        1.257814128551        0.000000000000      273.000000000007        0.000000000000
  3      321.000000000000       14.000347260752        1.244357093020        0.000000000000      273.000000000007        0.000000000000
  3      324.000000000000       14.000347260752        1.231103128268        0.000000000000      273.000000000006        0.000000000000
  3      327.000000000000       14.000347260752        1.218125116828        0.000000000000      273.000000000006        0.000000000000
  3      330.000000000000       14.000347260752        1.205426161344        0.000000000000      273.000000000006        0.000000000000
  3      333.000000000000       14.000347260752        1.193006015631        0.000000000000      273.000000000008        0.000000000000
  3      336.000000000000       14.000347260752        1.180862986052        0.000000000000      273.000000000007        0.000000000000
  3      339.000000000000       14.000347260752        1.169018598088        0.000000000000      273.000000000006        0.000000000000
  3      342.000000000000       14.000347260752        1.157512882291        0.000000000000      273.000000000006        0.000000000000
  3      345.000000000000       14.000347260752        1.146369528249        0.000000000000      273.000000000006        0.000000000000
  3      348.000000000000       14.000347260752        1.135575519956        0.000000000000      273.000000000006        0.000000000000
  3      351.000000000000       14.000347260752        1.125128921960        0.000000000000      273.000000000006        0.000000000000
  3      354.000000000000       14.000347260752        1.115042557460        0.000000000000      273.000000000007        0.000000000000
  3      357.000000000000       14.000347260752        1.105323759513        0.000000000000      273.000000000006        0.000000000000
  3      360.000000000000       14.000347260752        1.095978466150        0.000000000000      273.000000000006        0.000000000000
  3      363.000000000000       14.000347260752        1.087012391431        0.000000000000      273.000000000007        0.000000000000
  3      366.000000000000       14.000347260752        1.078420280291        0.000000000000      273.000000000008        0.000000000000
  3      369.000000000000       14.000347260752        1.070193299910        0.000000000000      273.000000000007        0.000000000000
  3      372.000000000000       14.000347260752        1.062331902964        0.000000000000      273.000000000006        0.000000000000
  3      375.000000000000       14.000347260752        1.054832928985        0.000000000000      273.000000000006        0.000000000000
  3      378.000000000000       14.000347260752        1.047690005585        0.000000000000      273.000000000006        0.000000000000
  3      381.000000000000       14.000347260752        1.040883769999        0.000000000000      273.000000000007        0.000000000000
  3      384.000000000000       14.000347260752        1.034404151762        0.000000000000      273.000000000007        0.000000000000
  3      387.000000000000       14.000347260752        1.028259440581        0.000000000000      273.000000000007        0.000000000000
  3      390.000000000000       14.000347260752        1.022431886172        0.000000000000      273.000000000008        0.000000000000
  3      393.000000000000       14.000347260752        1.016898057623        0.000000000000      273.000000000007        0.000000000000
  3      396.000000000000       14.000347260752        1.011659625661        0.000000000000      273.000000000006        0.000000000000
  3      399.000000000000       14.000347260752        1.006707565570        0.000000000000      273.000000000006        0.000000000000
  3      402.000000000000       14.000347260752        1.002029481739        0.000000000000      273.000000000006        0.000000000000
  3      405.000000000000       14.000347260752        0.997614319912        0.000000000000      273.000000000005        0.000000000000
  3      408.000000000000       14.000347260752        0.993459411275        0.000000000000      273.000000000006        0.000000000000
  3      411.000000000000       14.000347260752        0.989552019750        0.000000000000      273.000000000006        0.000000000000
  3      414.000000000000       14.000347260752        0.985881145103        0.000000000000      273.000000000006        0.000000000000
  3      417.000000000000       14.000347260752        0.982456299476        0.000000000000      273.000000000007        0.000000000000
  3      420.000000000000       14.000347260752        0.979271792051        0.000000000000      273.000000000007        0.000000000000
  3      423.000000000000       14.000347260752        0.976320030396        0.000000000000      273.000000000006        0.000000000000
  3      426.000000000000       14.000347260752        0.973599683230        0.000000000000      273.000000000008        0.000000000000
  3      429.000000000000       14.000347260752        0.971116802451        0.000000000000      273.000000000007        0.000000000000
  3      432.000000000000       14.000347260752        0.968876124508        0.000000000000      273.000000000008        0.000000000000
  3      435.000000000000       14.000347260752        0.966879131282        0.000000000000      273.000000000007        0.000000000000
  3      438.000000000000       14.000347260752        0.965123274414        0.000000000000      273.000000000007        0.000000000000
  3      441.000000000000       14.000347260752        0.963612575004        0.000000000000      273.000000000007        0.000000000000
  3      444.000000000000       14.000347260752        0.962351259149        0.000000000000      273.000000000006        0.000000000000
  3      447.000000000000       14.000347260752        0.961352992018        0.000000000000      273.000000000008        0.000000000000
  3      450.000000000000       14.000347260752        0.960608617690        0.000000000000      273.000000000007        0.000000000000
  3      453.000000000000       14.000347260752        0.958638972047        0.000000000000      273.000000000007        0.000000000000
  3      456.000000000000       14.000347260752        0.872795045435        0.000000000000      273.000000000007        0.000000000000
  4      195.000000000000       14.000347260752        0.020602652910        0.000000000000      272.995043008979        0.000000000000
  4      198.000000000000       14.000347260752        0.870051716129        0.000000000000      272.997714832899        0.000000000000
  4      201.000000000000       14.000347260752        0.743536777427        0.000000000000      272.999833891006        0.000000000000
  4      204.000000000000       14.000347260752        0.697219808703        0.000000000000      272.999990960092        0.000000000000
  4      207.000000000000       14.000347260752        0.684709276105        0.000000000000      272.999999490124        0.000000000000
  4      210.000000000000       14.000347260752        0.691952970211        0.000000000000      272.999999969319        0.000000000000
  4      213.000000000000       14.000347260752        0.715931457631        0.000000000000      272.999999998069        0.000000000000
  4      216.000000000000       14.000347260752        0.756368746022        0.000000000000      272.999999999881        0.000000000000
  4      219.000000000000       14.000347260752        0.814920762978        0.000000000000      273.000000000002        0.000000000000
  4      222.000000000000       14.000347260752        0.893695542230        0.000000000000      273.000000000009        0.000000000000
  4      225.000000000000       14.000347260752        0.994719900010        0.000000000000      273.000000000010        0.000000000000
  4      228.000000000000       14.000347260752        1.119881412712        0.000000000000      273.000000000010        0.000000000000
  4      231.000000000000       14.000347260752        1.270134947830        0.000000000000      273.000000000011        0.000000000000
  4      234.000000000000       14.000347260752        1.445012520215        0.000000000000      273.000000000009        0.000000000000
  4      237.000000000000       14.000347260752        1.642524040825        0.000000000000      273.000000000010        0.000000000000
  4      240.000000000000       14.000347260752        1.858951614166        0.000000000000      273.000000000010        0.000000000000
  4      243.000000000000       14.000347260752        2.088860188204        0.000000000000      273.000000000009        0.000000000000
  4      246.000000000000       14.000347260752        2.325149528447        0.000000000000      273.000000000009        0.000000000000
  4      249.000000000000       14.000347260752        2.562289149789        0.000000000000      273.000000000009        0.000000000000
  4      252.000000000000       14.000347260752        2.792052721504        0.000000000000      273.000000000009        0.000000000000
  4      255.000000000000       14.000347260752        3.009431750121        0.000000000000      273.000000000009        0.000000000000
  4      258.000000000000       14.000347260752        3.208718743343        0.000000000000      273.000000000009        0.000000000000
  4      261.000000000000       14.000347260752        3.385414574092        0.000000000000      273.000000000010        0.000000000000
  4      264.000000000000       14.000347260752        3.537720223538        0.000000000000      273.000000000010        0.000000000000
  4      267.000000000000       14.000347260752        3.664828227055        0.000000000000      273.000000000010        0.000000000000
  4      270.000000000000       14.000347260752        3.767123391957        0.000000000000      273.000000000010        0.000000000000
  4      273.000000000000       14.000347260752        3.846098238766        0.000000000000      273.000000000010        0.000000000000
  4      276.000000000000       14.000347260752        3.903701676028        0.000000000000      273.000000000010        0.000000000000
  4      279.000000000000       14.000347260752        3.942002217500        0.000000000000      273.000000000010        0.000000000000
  4      282.000000000000       14.000347260752        3.963010890448        0.000000000000      273.000000000010        0.000000000000
  4      285.000000000000       14.000347260752        3.968854670413        0.000000000000      273.000000000009        0.000000000000
  4      288.000000000000       14.000347260752        3.960894381636        0.000000000000      273.000000000010        0.000000000000
  4      291.000000000000       14.000347260752        3.940327428083        0.000000000000      273.000000000010        0.000000000000
  4      294.000000000000       14.000347260752        3.910166250701        0.000000000000      273.000000000010        0.000000000000
  4      297.000000000000       14.000347260752        3.870538984676        0.000000000000      273.000000000010        0.000000000000
  4      300.000000000000       14.000347260752        3.822918539176        0.000000000000      273.000000000010        0.000000000000
  4      303.000000000000       14.000347260752        3.768748519366        0.000000000000      273.000000000009        0.000000000000
  4      306.000000000000       14.000347260752        3.708918598497        0.000000000000      273.000000000009        0.000000000000
  4      309.000000000000       14.000347260752        3.644361901946        0.000000000000      273.000000000010        0.000000000000
  4      312.000000000000       14.000347260752        3.576022971313        0.000000000000      273.000000000010        0.000000000000
  4      315.000000000000       14.000347260752        3.504757395078        0.000000000000      273.000000000010        0.000000000000
  4      318.000000000000       14.000347260752        3.431387153983        0.000000000000      273.000000000009        0.000000000000
  4      321.000000000000       14.000347260752        3.356697880424        0.000000000000      273.000000000010        0.000000000000
  4      324.000000000000       14.000347260752        3.281351111055        0.000000000000      273.000000000009        0.000000000000
  4      327.000000000000       14.000347260752        3.206005041861        0.000000000000      273.000000000009        0.000000000000
  4      330.000000000000       14.000347260752        3.131197950392        0.000000000000      273.000000000009        0.000000000000
  4      333.000000000000       14.000347260752        3.057405489720        0.000000000000      273.000000000009        0.000000000000
  4      336.000000000000       14.000347260752        2.985196773921        0.000000000000      273.000000000009        0.000000000000
  4      339.000000000000       14.000347260752        2.914828665018        0.000000000000      273.000000000009        0.000000000000
  4      342.000000000000       14.000347260752        2.846668712118        0.000000000000      273.000000000009        0.000000000000
  4      345.000000000000       14.000347260752        2.780957934666        0.000000000000      273.000000000009        0.000000000000
  4      348.000000000000       14.000347260752        2.717879951669        0.000000000000      273.000000000009        0.000000000000
  4      351.000000000000       14.000347260752        2.657573168890        0.000000000000      273.000000000009        0.000000000000
  4      354.000000000000       14.000347260752        2.600116308592        0.000000000000      273.000000000009        0.000000000000
  4      357.000000000000       14.000347260752        2.545508584204        0.000000000000      273.000000000009        0.000000000000
  4      360.000000000000       14.000347260752        2.493799087780        0.000000000000      273.000000000008        0.000000000000
  4      363.000000000000       14.000347260752        2.444778380041        0.000000000000      273.000000000008        0.000000000000
  4      366.000000000000       14.000347260752        2.398455180158        0.000000000000      273.000000000009        0.000000000000
  4      369.000000000000       14.000347260752        2.354772605788        0.000000000000      273.000000000009        0.000000000000
  4      372.000000000000       14.000347260752        2.313562316465        0.000000000000      273.000000000008        0.000000000000
  4      375.000000000000       14.000347260752        2.274771533089        0.000000000000      273.000000000009        0.000000000000
  4      378.000000000000       14.000347260752        2.238307621216        0.000000000000      273.000000000009        0.000000000000
  4      381.000000000000       14.000347260752        2.204065046141        0.000000000000      273.000000000009        0.000000000000
  4      384.000000000000       14.000347260752        2.171958741909        0.000000000000      273.000000000008        0.000000000000
  4      387.000000000000       14.000347260752        2.141903430356        0.000000000000      273.000000000009        0.000000000000
  4      390.000000000000       14.000347260752        2.113822604888        0.000000000000      273.000000000009        0.000000000000
  4      393.000000000000       14.000347260752        2.087636584525        0.000000000000      273.000000000010        0.000000000000
  4      396.000000000000       14.000347260752        2.063265950864        0.000000000000      273.000000000010        0.000000000000
  4      399.000000000000       14.000347260752        2.040637574251        0.000000000000      273.000000000009        0.000000000000
  4      402.000000000000       14.000347260752        2.019680255938        0.000000000000      273.000000000009        0.000000000000
  4      405.000000000000       14.000347260752        2.000314991350        0.000000000000      273.000000000007        0.000000000000
  4      408.000000000000       14.000347260752        1.982468458038        0.000000000000      273.000000000009        0.000000000000
  4      411.000000000000       14.000347260752        1.966061190984        0.000000000000      273.000000000009        0.000000000000
  4      414.000000000000       14.000347260752        1.951017165499        0.000000000000      273.000000000009        0.000000000000
  4      417.000000000000       14.000347260752        1.937277546563        0.000000000000      273.000000000009        0.000000000000
  4      420.000000000000       14.000347260752        1.924753901070        0.000000000000      273.000000000009        0.000000000000
  4      423.000000000000       14.000347260752        1.913390329286        0.000000000000      273.000000000009        0.000000000000
  4      426.000000000000       14.000347260752        1.903125179481        0.000000000000      273.000000000009        0.000000000000
  4      429.000000000000       14.000347260752        1.893925964836        0.000000000000      273.000000000009        0.000000000000
  4      432.000000000000       14.000347260752        1.885749118041        0.000000000000      273.000000000011        0.000000000000
  4      435.000000000000       14.000347260752        1.878557420610        0.000000000000      273.000000000010        0.000000000000
  4      438.000000000000       14.000347260752        1.872319290296        0.000000000000      273.000000000008        0.000000000000
  4      441.000000000000       14.000347260752        1.867010931779        0.000000000000      273.000000000007        0.000000000000
  4      444.000000000000       14.000347260752        1.862615008621        0.000000000000      273.000000000009        0.000000000000
  4      447.000000000000       14.000347260752        1.859129835490        0.000000000000      273.000000000009        0.000000000000
  4      450.000000000000       14.000347260752        1.856558064367        0.000000000000      273.000000000009        0.000000000000
  4      453.000000000000       14.000347260752        1.853007991819        0.000000000000      273.000000000011        0.000000000000
  4      456.000000000000       14.000347260752        1.761031482625        0.000000000000      273.000000000009        0.000000000000
  5      195.000000000000        4.138500628676       11.200207339321       27.008199159004      345.524748789523        0.000000000000
  5      198.000000000000        4.140636042812       18.971010192569       27.347220172553      338.682022315500       -0.014231120450
  5      201.000000000000        4.010081011680       14.815787047816       24.477352097944      367.083936096227       -0.001833823024
  5      204.000000000000        4.211552826380       10.573352916174        9.692221494143      326.606231396181       -0.017683686169
  5      207.000000000000        4.873242024423        7.145711910388        1.262217717470      282.299357839008       -0.039179895509
  5      210.000000000000        6.399974005937        5.598373357241        0.021662847932      273.085430294397       -0.000508086074
  5      213.000000000000       14.000347260752        4.877483301855        0.000000000000      272.999998494330        0.000000000000
  5      216.000000000000       14.000347260752        4.187039976222        0.000000000000      272.999999905290        0.000000000000
  5      219.000000000000       14.000347260752        3.211132008093        0.000000000000      273.000024739207        0.000000000000
  5      222.000000000000        4.473491398284        2.065454106732        0.723330115359      294.357282661411       -0.303971534057
  5      225.000000000000        3.751212591917        0.882393992325        2.963781649322      440.166300209807       -7.643674394282
  5      228.000000000000        3.501410243608       -0.169914109522        5.477079012757      580.592589138410     -132.416150896712
  5      231.000000000000        3.442705443387       -0.291608635565       14.110463345280      613.186433440729       -6.991665738771
  5      234.000000000000        3.411752917212        0.091330184646       46.735324433195      630.459773440283       -0.100194963401
  5      237.000000000000        3.330859407382        7.924845656768      128.019870065383      659.043729872544        0.005549983334
  5      240.000000000000        3.454035316576       21.174134908009      212.841913305301      598.295855231560        0.060398725062
  5      243.000000000000        3.575079074068       27.961986635658      227.645564482717      550.094546107433        0.417819279223
  5      246.000000000000        3.628644205774       26.906877889900      187.351002694406      547.511866188436      412.989526941939
  5      249.000000000000        3.674668957368       25.328506924079      161.615349499513      550.505177584201        0.393697971492
  5      252.000000000000        3.714255951435       23.079365651403      139.265129548523      545.217845442627        0.027382281608
  5      255.000000000000        3.686842989322       20.919228915478      131.668993915696      555.149589480299       -0.061641964311
  5      258.000000000000        3.660184609878       19.521522098111      115.994624947529      571.885496910695       -0.006988977749
  5      261.000000000000        3.678829803853       16.996445682164       79.751604492756      557.011389803260       -0.021863314942
  5      264.000000000000        3.650485478795       13.316467424270       58.262693808319      551.900295620997       -2.884290064498
  5      267.000000000000        3.219319634690       16.315956330327      230.537980635045      688.922232889556       -0.461451269452
  5      270.000000000000        3.004746921159       21.542394247366      601.457852330488      742.243561806564       -0.907700182093
  5      273.000000000000        2.968371456399       22.580485248210      720.933833257789      754.005513574375      -13.459836530095
  5      276.000000000000        2.976136886305       21.641717901862      635.189974046878      757.724675178247        2.316774124445
  5      279.000000000000        3.066926270197       20.110472368763      439.996194840820      761.633940653876        2.799782868412
  5      282.000000000000        3.252776858518       19.541859210382      280.592923248980      691.728060981750        9.636256683464
  5      285.000000000000        3.558352346866       19.403523406806      147.922602633217      551.677505720231     1087.165007613534
  5      288.000000000000        3.663982466962       20.917741925692      125.141002759272      508.564328825873       -0.505862222961
  5      291.000000000000        3.408673455861       23.830846482549      238.316574802441      644.499913139212       -1.255633006434
  5      294.000000000000        3.254475564185       24.931553293997      358.409398117535      714.249016823831       -2.228341010004
  5      297.000000000000        3.340496435332       25.181793638083      290.241391857606      676.257381674130      895.166823885014
  5      300.000000000000        3.429954479351       25.262323947606      231.963600886277      629.435584626117        4.813109443389
  5      303.000000000000        3.489234591818       24.993441798520      197.012478438664      601.278117477168        0.829859889527
  5      306.000000000000        3.490625799775       23.963391640667      180.743441395180      602.664237936366        8.561962410384
  5      309.000000000000        3.516855524046       24.396990160054      177.733878024125      594.664010759189       88.477650211237
  5      312.000000000000        3.535755515216       24.387688889516      172.427317708047      594.654599514412        0.634436597929
  5      315.000000000000        3.544078398192       23.794689646455      164.642649050293      597.364832542367        0.175338366697
  5      318.000000000000        3.565124865336       22.396035324971      146.147616367118      592.277670017462        0.224160262258
  5      321.000000000000        3.605247416821       20.608129106652      123.908791794207      586.750082087144        0.225414999434
  5      324.000000000000        3.653282649651       18.572361975085       98.182587184505      572.308635256109        0.223719121647
  5      327.000000000000        3.695030449289       16.376802140542       80.476474024897      558.761163545548        0.077323666145
  5      330.000000000000        3.727717539018       13.730506280871       66.397671490683      512.934387041021       -0.001901513789
  5      333.000000000000        3.989793518905        0.083814293213        6.152254634661      367.958801754491       -0.004475335424
  5      336.000000000000        4.949725145218       -3.793768393997        0.352954413366      274.705043313285       -0.013099757513
  5      339.000000000000       14.000347260752       -3.725280828705        0.000000000000      273.000000252441        0.000000000000
  5      342.000000000000       14.000347260752       -3.226807676757        0.000000000000      273.000000002815        0.000000000000
  5      345.000000000000       14.000347260752       -2.841123251604        0.000000000000      273.000000001468        0.000000000000
  5      348.000000000000       14.000347260752       -2.625442597778        0.000000000000      273.000000000547        0.000000000000
  5      351.000000000000       14.000347260752       -2.459743424145        0.000000000000      273.000000000166        0.000000000000
  5      354.000000000000       14.000347260752       -2.302741865379        0.000000000000      273.000000000049        0.000000000000
  5      357.000000000000       14.000347260752       -2.163780871209        0.000000000000      273.000000000021        0.000000000000
  5      360.000000000000       14.000347260752       -2.045888691259        0.000000000000      273.000000000015        0.000000000000
  5      363.000000000000       14.000347260752       -1.944733646797        0.000000000000      273.000000000014        0.000000000000
  5      366.000000000000       14.000347260752       -1.856781647818        0.000000000000      273.000000000014        0.000000000000
  5      369.000000000000       14.000347260752       -1.780353127340        0.000000000000      273.000000000014        0.000000000000
  5      372.000000000000       14.000347260752       -1.713515113432        0.000000000000      273.000000000015        0.000000000000
  5      375.000000000000       14.000347260752       -1.654749726090        0.000000000000      273.000000000014        0.000000000000
  5      378.000000000000       14.000347260752       -1.602946775600        0.000000000000      273.000000000014        0.000000000000
  5      381.000000000000       14.000347260752       -1.557100752360        0.000000000000      273.000000000014        0.000000000000
  5      384.000000000000       14.000347260752       -1.516362000655        0.000000000000      273.000000000014        0.000000000000
  5      387.000000000000       14.000347260752       -1.480034490930        0.000000000000      273.000000000015        0.000000000000
  5      390.000000000000       14.000347260752       -1.447551514847        0.000000000000      273.000000000015        0.000000000000
  5      393.000000000000       14.000347260752       -1.418438690926        0.000000000000      273.000000000014        0.000000000000
  5      396.000000000000       14.000347260752       -1.392293121209        0.000000000000      273.000000000014        0.000000000000
  5      399.000000000000       14.000347260752       -1.368773992478        0.000000000000      273.000000000014        0.000000000000
  5      402.000000000000       14.000347260752       -1.347593601152        0.000000000000      273.000000000015        0.000000000000
  5      405.000000000000       14.000347260752       -1.328507244707        0.000000000000      273.000000000015        0.000000000000
  5      408.000000000000       14.000347260752       -1.311305192584        0.000000000000      273.000000000015        0.000000000000
  5      411.000000000000       14.000347260752       -1.295808475248        0.000000000000      273.000000000014        0.000000000000
  5      414.000000000000       14.000347260752       -1.281864079898        0.000000000000      273.000000000014        0.000000000000
  5      417.000000000000       14.000347260752       -1.269339421746        0.000000000000      273.000000000014        0.000000000000
  5      420.000000000000       14.000347260752       -1.258116451622        0.000000000000      273.000000000015        0.000000000000
  5      423.000000000000       14.000347260752       -1.248091703957        0.000000000000      273.000000000015        0.000000000000
  5      426.000000000000       14.000347260752       -1.239177518057        0.000000000000      273.000000000015        0.000000000000
  5      429.000000000000       14.000347260752       -1.231298733914        0.000000000000      273.000000000014        0.000000000000
  5      432.000000000000       14.000347260752       -1.224384753919        0.000000000000      273.000000000014        0.000000000000
  5      435.000000000000       14.000347260752       -1.218372270999        0.000000000000      273.000000000015        0.000000000000
  5      438.000000000000       14.000347260752       -1.213210362278        0.000000000000      273.000000000015        0.000000000000
  5      441.000000000000       14.000347260752       -1.208857936130        0.000000000000      273.000000000014        0.000000000000
  5      444.000000000000       14.000347260752       -1.205278949032        0.000000000000      273.000000000015        0.000000000000
  5      447.000000000000       14.000347260752       -1.202435364101        0.000000000000      273.000000000015        0.000000000000
  5      450.000000000000       14.000347260752       -1.200230983671        0.000000000000      273.000000000015        0.000000000000
  5      453.000000000000       14.000347260752       -1.200652225747        0.000000000000      273.000000000016        0.000000000000
  5      456.000000000000       14.000347260752       -1.269255855319        0.000000000000      273.000000000015        0.000000000000
  6      195.000000000000        2.549095177668        6.979137242190      146.216657560756      779.564735188591        0.000000000000
  6      198.000000000000        2.458214449447       24.984532677026     2121.651833779682      783.525863971264       -0.330737871993
  6      201.000000000000        2.352635451579       23.824670973601     2875.127031488187      789.138260163142      -10.559348752065
  6      204.000000000000        2.035012028729       29.923900491094     9439.220956184688      792.435772707163       -5.397619382445
  6      207.000000000000        2.057922677050       32.510230990575     9538.162240947755      792.271520025153    30986.769751915432
  6      210.000000000000        2.382758724270       30.227030012140     3824.031993028151      782.817227814774        6.105255633874
  6      213.000000000000        2.549035964204       22.772102913825     1554.515930876384      772.103226174889        0.985323436137
  6      216.000000000000        2.601534243301       19.560487557282     1068.681020144694      775.849912417003        2.897633762588
  6      219.000000000000        2.764408588895       18.666223996621      661.705369858590      763.605734550421       38.637108826220
  6      222.000000000000        3.371572040129       17.504105227608      147.559143511749      593.495518695010        5.504579330409
  6      225.000000000000        3.809720455323       11.534232572967       30.106731409238      461.089261136760        0.497378132888
  6      228.000000000000        3.857862281624        8.444682139917       18.414053533326      447.067562522585        0.113635973059
  6      231.000000000000        3.856372532909        7.872116383316       18.721055880539      454.101475519813       -0.042658281946
  6      234.000000000000        3.779646284405       10.608002911055       34.963278170784      494.482665922543       -0.083148387840
  6      237.000000000000        3.721504700088       13.272549653801       55.960214871601      517.515636499679        0.437257571055
  6      240.000000000000        3.827922087931       13.428104015845       44.463338757533      480.354417430114       12.931325808747
  6      243.000000000000        3.877918170425       14.475270336636       41.950620612947      461.883098889723        0.104953669238
  6      246.000000000000        3.882291958217       16.047060293421       50.687921840138      459.020708597722       -0.127055628885
  6      249.000000000000        3.850222751401       16.437009900372       60.800533965862      464.929145472393       -7.792527748136
  6      252.000000000000        3.800095455594       15.558534603807       67.615793360313      479.729355206299       -0.645065468259
  6      255.000000000000        3.757015066115       12.659732712162       60.488967153992      492.416541040620       -0.096772214146
  6      258.000000000000        3.747760531083        9.588405066155       44.574453708539      495.390828840645        0.017131165171
  6      261.000000000000        3.835750816876        6.420568339969       24.125212385634      442.327574950572        0.029157711618
  6      264.000000000000        3.890954910527        4.766524059207       15.879515744519      414.834365123657       -0.000632472743
  6      267.000000000000        3.912631204288        4.264248037761       12.778133888355      404.116703553224       -0.033345561998
  6      270.000000000000        3.924269056499        4.057392978140       10.578765805939      399.170542046754        0.138105961708
  6      273.000000000000        3.936262080932        3.925096164962        8.271855684326      396.103765174200        2.094110644853
  6      276.000000000000        3.949931824305        3.892627496913        6.183027234097      392.266032094540        1.990823344490
  6      279.000000000000        3.967100081626        4.001435483233        4.396945611004      386.371393093638        0.060322558280
  6      282.000000000000        3.981461354044        4.527181289081        3.494067619275      382.104971272894        0.099489684157
  6      285.000000000000        3.986971485540        5.148457871845        3.095006551687      381.507453300088        0.145105919230
  6      288.000000000000        3.992132673071        5.647413489035        3.053412368183      380.961312197669        0.163014483842
  6      291.000000000000        4.001496981479        5.846027366827        3.357996869821      379.022509324567       14.526909063639
  6      294.000000000000        4.003353141586        5.215415442860        3.460364527260      379.426970869508        0.098747142289
  6      297.000000000000        3.997868547240        3.805585558198        3.016525227944      385.015311052930        0.070208953196
  6      300.000000000000        3.978821678083        1.531928802009        1.864557770100      403.892221892601        0.061760286736
  6      303.000000000000        3.957355130861       -1.111964302638        1.373806049263      429.856436018183        0.036726484839
  6      306.000000000000        3.950401048725       -3.874025696160       10.129772097856      436.498200310533       -0.008404554039
  6      309.000000000000        3.977252047141       -6.496174865483       34.198949663031      415.904642001560       -0.120120368342
  6      312.000000000000        4.110990290849       -6.280518080899       32.375199569551      357.249764939412       -5.534553208492
  6      315.000000000000        4.180373341531       -3.676647866290       26.073611866717      336.809410698091       -0.005365135270
  6      318.000000000000        4.102557978039        0.721715393293       27.098991952678      357.632854457735        0.031317093890
  6      321.000000000000        4.033494506185        3.975699677916       24.469759891068      383.125905037217        0.035702430775
  6      324.000000000000        4.090642946150        4.549444112043       15.180143491909      369.589789630506       -0.080563723027
  6      327.000000000000        4.174674114775        5.104340320492        8.547419201118      348.537492462865       -4.961568564669
  6      330.000000000000        4.153702744725        5.013295463728        5.141385239424      344.595765732160       -5.046006160886
  6      333.000000000000        4.063676363840        3.222600164468        2.413046816864      367.878382850744        0.290272981203
  6      336.000000000000        4.057094582375        1.921233020633        1.124136787404      366.041429646514      -15.065084811007
  6      339.000000000000        4.195273480828        2.011174722539        1.404937536981      331.907110341420      -12.382770814183
  6      342.000000000000        4.332004533835       -0.319985465957        1.962111632115      313.077508856426       -0.014273481102
  6      345.000000000000        4.425654569878       -2.687417409509        1.598112184739      304.552557766539       -0.005846227809
  6      348.000000000000        4.785228637435       -3.097192040819        0.334486529971      285.912635666865       -0.036548997553
  6      351.000000000000        5.543855418520       -3.149827273870        0.034463459376      275.002055511850       -0.317099866314
  6      354.000000000000        6.279158528162       -3.218231672237        0.000202341069      273.285619509796       -0.005767848907
  6      357.000000000000       14.000347260752       -3.169884143617        0.000000000000      273.000002913997        0.000000000000
  6      360.000000000000       14.000347260752       -3.152354459213        0.000000000000      273.000000000226        0.000000000000
  6      363.000000000000       14.000347260752       -3.193331069148        0.000000000000      273.000000000046        0.000000000000
  6      366.000000000000       14.000347260752       -3.237781388726        0.000000000000      273.000000000024        0.000000000000
  6      369.000000000000       14.000347260752       -3.256613093112        0.000000000000      273.000000000020        0.000000000000
  6      372.000000000000       14.000347260752       -3.254031866766        0.000000000000      273.000000000019        0.000000000000
  6      375.000000000000       14.000347260752       -3.232648408801        0.000000000000      273.000000000019        0.000000000000
  6      378.000000000000       14.000347260752       -3.201713219935        0.000000000000      273.000000000019        0.000000000000
  6      381.000000000000       14.000347260752       -3.165405352128        0.000000000000      273.000000000019        0.000000000000
  6      384.000000000000       14.000347260752       -3.126608310532        0.000000000000      273.000000000018        0.000000000000
  6      387.000000000000       14.000347260752       -3.087653193624        0.000000000000      273.000000000019        0.000000000000
  6      390.000000000000       14.000347260752       -3.049659586401        0.000000000000      273.000000000019        0.000000000000
  6      393.000000000000       14.000347260752       -3.013212109618        0.000000000000      273.000000000018        0.000000000000
  6      396.000000000000       14.000347260752       -2.978654469660        0.000000000000      273.000000000018        0.000000000000
  6      399.000000000000       14.000347260752       -2.946180456956        0.000000000000      273.000000000019        0.000000000000
  6      402.000000000000       14.000347260752       -2.915837617438        0.000000000000      273.000000000019        0.000000000000
  6      405.000000000000       14.000347260752       -2.887628127879        0.000000000000      273.000000000018        0.000000000000
  6      408.000000000000       14.000347260752       -2.861522182782        0.000000000000      273.000000000018        0.000000000000
  6      411.000000000000       14.000347260752       -2.837433152483        0.000000000000      273.000000000018        0.000000000000
  6      414.000000000000       14.000347260752       -2.815285423123        0.000000000000      273.000000000018        0.000000000000
  6      417.000000000000       14.000347260752       -2.795003206437        0.000000000000      273.000000000019        0.000000000000
  6      420.000000000000       14.000347260752       -2.776506895402        0.000000000000      273.000000000019        0.000000000000
  6      423.000000000000       14.000347260752       -2.759717988559        0.000000000000      273.000000000020        0.000000000000
  6      426.000000000000       14.000347260752       -2.744565919591        0.000000000000      273.000000000019        0.000000000000
  6      429.000000000000       14.000347260752       -2.730990536231        0.000000000000      273.000000000018        0.000000000000
  6      432.000000000000       14.000347260752       -2.718935448347        0.000000000000      273.000000000019        0.000000000000
  6      435.000000000000       14.000347260752       -2.708345947599        0.000000000000      273.000000000018        0.000000000000
  6      438.000000000000       14.000347260752       -2.699173844097        0.000000000000      273.000000000020        0.000000000000
  6      441.000000000000       14.000347260752       -2.691381169623        0.000000000000      273.000000000019        0.000000000000
  6      444.000000000000       14.000347260752       -2.684935973293        0.000000000000      273.000000000020        0.000000000000
  6      447.000000000000       14.000347260752       -2.679803972578        0.000000000000      273.000000000019        0.000000000000
  6      450.000000000000       14.000347260752       -2.675845418205        0.000000000000      273.000000000018        0.000000000000
  6      453.000000000000       14.000347260752       -2.675237997832        0.000000000000      273.000000000019        0.000000000000
  6      456.000000000000       14.000347260752       -2.678533880839        0.000000000000      273.000000000019        0.000000000000
  7      195.000000000000        1.585181479741        9.028985320992     3751.757226748857      798.259543048774        0.000000000000
  7      198.000000000000        1.563663183889       25.649825907098    20701.373427625938      798.044958150505        2.329387122451
  7      201.000000000000        1.878750624137       27.255466788902    11922.012036843313      797.897497236491      190.463683542549
  7      204.000000000000        2.572127291822       19.900731748874     1508.362196187631      771.325488333422       11.279235209310
  7      207.000000000000        3.376880602852       16.325646645278      156.361724623485      533.803973921998        8.620441408841
  7      210.000000000000        4.045391222328       15.739349693397       31.910017893331      394.117731125336       38.928572857115
  7      213.000000000000        4.174681199187       15.840012543417       22.926547669762      373.944666778396       -0.063357492547
  7      216.000000000000        3.995088957615       15.845766947121       29.089698596449      404.836671177124       -0.105375221152
  7      219.000000000000        3.822000677623       11.567202118975       26.144937849218      445.236273125624       -0.260256303364
  7      222.000000000000        3.845843491780       10.936835472121       26.075546963938      433.251174868133        0.559295317126
  7      225.000000000000        4.157444325367       11.944789925932       13.838747677070      355.831087524081        2.701376131538
  7      228.000000000000        4.236187139438       11.579809738762       13.450531451713      330.466413121358       -0.525372045432
  7      231.000000000000        4.196423997165       10.518562186012       16.069946088241      331.519561966019       -0.216726663047
  7      234.000000000000        4.043931044153       10.237685473717       25.084019359196      361.006761818363        0.040899528669
  7      237.000000000000        4.014732431584       10.354400300165       29.668028571129      367.830798253713 -4838739.512363188900
  7      240.000000000000        4.129917249049       10.577093402036       24.425227399955      335.484601494215       -2.717627299648
  7      243.000000000000        4.246869609933       11.063974709622       19.156876019870      318.152814753878        0.484960950323
  7      246.000000000000        4.219571484047       11.747364561146       20.816004977877      327.199276023963        0.277434492663
  7      249.000000000000        4.173155462597       12.664143310062       23.348355846888      334.331434152791        0.025615383533
  7      252.000000000000        4.167095055097       13.750985377180       24.303595109958      335.700505721446        0.016177052843
  7      255.000000000000        4.171028779177       14.888693445880       25.116551023810      335.190358076447       -0.002036870776
  7      258.000000000000        4.197986948084       15.587945419102       23.581177365873      330.980737210267       -0.063275070856
  7      261.000000000000        4.229830693447       15.833561995522       20.248483970669      326.199219886789       -0.673405096083
  7      264.000000000000        4.246252311935       15.334420940446       16.574511645087      323.742676632398        0.000405656954
  7      267.000000000000        4.258190252073        9.328777280035        6.716577828614      322.738548647459        0.007272121070
  7      270.000000000000        4.176283333433        1.963785221524        1.486849933170      340.842663838812        0.011361198839
  7      273.000000000000        4.057894006320       -0.136606562614        2.890962359233      371.526690680477        0.021485006115
  7      276.000000000000        4.041504705686        0.278140740770        5.656800685533      378.070130920732        0.221418472619
  7      279.000000000000        4.035256994901        0.887694134176        6.003728894551      379.615276860640       20.899756308927
  7      282.000000000000        4.015243057823        1.290227128658        5.734415316704      386.169799590235       -0.098450514434
  7      285.000000000000        4.026010823044        1.487704083917        1.512473226999      378.096748390786       -0.397967915417
  7      288.000000000000        4.093451370883        0.336911147809        2.701966488371      355.555950043299       -0.474653933665
  7      291.000000000000        4.048906962323       -1.094112124957        1.804552442324      368.990751856443        3.994794332465
  7      294.000000000000        3.980867552334       -0.165599290745        0.828917601536      390.709718268234        1.174145438577
  7      297.000000000000        3.986273338228       -0.959852602439        3.228362822114      394.745231783792       -1.930374931015
  7      300.000000000000        4.264818332053       -0.887378550472        1.410410747277      326.873027258677       -1.600602533319
  7      303.000000000000        4.305878616163       -0.580712075293        0.459449844424      321.265559809915       -0.427484908047
  7      306.000000000000        4.312396722310       -0.534688770221        0.391695882966      317.579595527726       -0.681332472588
  7      309.000000000000        4.493518924453       -2.834548179658        0.547368577347      301.284440777142        0.001789237042
  7      312.000000000000        4.270673899983       -4.198482826623        1.206558398262      322.240142453624        0.286527670167
  7      315.000000000000        4.030523806675       -4.095609468090        1.860568474107      378.486704628482      143.525503632527
  7      318.000000000000        4.006868926044       -3.358008525482        2.191698508786      388.262872284052        1.837971104554
  7      321.000000000000        4.012987039414       -4.214651948736        1.953281624182      387.593199613625       -0.348473794102
  7      324.000000000000        4.155748007781       -4.797312781918        2.102880742537      345.898044691165       -0.741559113457
  7      327.000000000000        4.358388599879       -5.395884242744        2.372784855478      310.142277927622       -0.718144847775
  7      330.000000000000        4.366038247688       -4.850959388462        2.577903737127      310.626934248489        0.020630444586
  7      333.000000000000        4.310164676502       -3.256176695782        2.447899085181      316.558995456517        0.028994222867
  7      336.000000000000        4.287028271287       -1.994745525303        2.206530875784      319.697049541188        0.041498123652
  7      339.000000000000        4.310430306916       -1.012699362447        1.924805660759      317.052378917183       -0.006512391598
  7      342.000000000000        4.318171358851        0.202825688215        1.595832369989      316.186950254006        0.000403056659
  7      345.000000000000        4.318817957789        1.754519489042        1.162071021678      316.275925496718       -0.000934044444
  7      348.000000000000        4.332358726729        2.733379545856        0.956831577334      314.609197430775       -0.022552817229
  7      351.000000000000        4.351267454966        2.418124883908        0.889917468211      311.864853908807       -0.079320950389
  7      354.000000000000        4.687292573685        1.205690913074        0.240703359741      289.539591694893       -0.024169896132
  7      357.000000000000        6.254544897644        0.460917515906        0.002949617842      273.267430923960       -0.039270104546
  7      360.000000000000       14.000347260752       -0.028135372671        0.000000000000      273.000000112246        0.000000000000
  7      363.000000000000       14.000347260752       -0.401337704224        0.000000000000      273.000000022134        0.000000000000
  7      366.000000000000       14.000347260752       -0.634847318842        0.000000000000      273.000000003285        0.000000000000
  7      369.000000000000       14.000347260752       -0.775285248635        0.000000000000      273.000000000246        0.000000000000
  7      372.000000000000       14.000347260752       -0.862894177637        0.000000000000      273.000000000031        0.000000000000
  7      375.000000000000       14.000347260752       -0.917210939745        0.000000000000      273.000000000024        0.000000000000
  7      378.000000000000       14.000347260752       -0.950678002027        0.000000000000      273.000000000023        0.000000000000
  7      381.000000000000       14.000347260752       -0.971293739481        0.000000000000      273.000000000023        0.000000000000
  7      384.000000000000       14.000347260752       -0.984072370574        0.000000000000      273.000000000024        0.000000000000
  7      387.000000000000       14.000347260752       -0.991462499560        0.000000000000      273.000000000024        0.000000000000
  7      390.000000000000       14.000347260752       -0.995393198717        0.000000000000      273.000000000022        0.000000000000
  7      393.000000000000       14.000347260752       -0.997141803329        0.000000000000      273.000000000022        0.000000000000
  7      396.000000000000       14.000347260752       -0.997037000929        0.000000000000      273.000000000024        0.000000000000
  7      399.000000000000       14.000347260752       -0.995735714415        0.000000000000      273.000000000023        0.000000000000
  7      402.000000000000       14.000347260752       -0.993838712195        0.000000000000      273.000000000023        0.000000000000
  7      405.000000000000       14.000347260752       -0.991510949587        0.000000000000      273.000000000023        0.000000000000
  7      408.000000000000       14.000347260752       -0.988918366326        0.000000000000      273.000000000023        0.000000000000
  7      411.000000000000       14.000347260752       -0.986204500170        0.000000000000      273.000000000023        0.000000000000
  7      414.000000000000       14.000347260752       -0.983492661177        0.000000000000      273.000000000023        0.000000000000
  7      417.000000000000       14.000347260752       -0.980854749489        0.000000000000      273.000000000024        0.000000000000
  7      420.000000000000       14.000347260752       -0.978344428619        0.000000000000      273.000000000025        0.000000000000
  7      423.000000000000       14.000347260752       -0.975997472074        0.000000000000      273.000000000024        0.000000000000
  7      426.000000000000       14.000347260752       -0.973835956369        0.000000000000      273.000000000023        0.000000000000
  7      429.000000000000       14.000347260752       -0.971873185197        0.000000000000      273.000000000024        0.000000000000
  7      432.000000000000       14.000347260752       -0.970118706220        0.000000000000      273.000000000024        0.000000000000
  7      435.000000000000       14.000347260752       -0.968574195041        0.000000000000      273.000000000024        0.000000000000
  7      438.000000000000       14.000347260752       -0.967239731513        0.000000000000      273.000000000024        0.000000000000
  7      441.000000000000       14.000347260752       -0.966115567836        0.000000000000      273.000000000024        0.000000000000
  7      444.000000000000       14.000347260752       -0.965198648346        0.000000000000      273.000000000023        0.000000000000
  7      447.000000000000       14.000347260752       -0.964449752952        0.000000000000      273.000000000024        0.000000000000
  7      450.000000000000       14.000347260752       -0.963872516395        0.000000000000      273.000000000023        0.000000000000
  7      453.000000000000       14.000347260752       -0.964011773339        0.000000000000      273.000000000023        0.000000000000
  7      456.000000000000       14.000347260752       -0.854449862001        0.000000000000      273.000000000024        0.000000000000
  8      195.000000000000        1.540954789637        6.202817036920     1568.414382850509      799.072712353136        0.000000000000
  8      198.000000000000        1.680083253793       19.441332018373     8344.375357883149      799.089599081033        5.120566903343
  8      201.000000000000        2.285664399183       22.992352018951     2772.166380486608      782.936018646807       80.329805765248
  8      204.000000000000        3.129866029223       21.311431781604      333.966165009556      521.808407174741        3.196305867237
  8      207.000000000000        3.769117847372       10.106227665553       23.400422134447      384.697284163330        0.283810771744
  8      210.000000000000        3.959934040401        9.129185009272       17.039407896776      400.088471818778        1.084245551285
  8      213.000000000000        4.007891143610        8.435477583307        7.381377545294      414.362461978573        0.605248769889
  8      216.000000000000        4.011010580590        8.362861152919        8.501425565341      421.731135559811       -0.511416181582
  8      219.000000000000        4.038533272972       11.312875896295       15.449568737429      393.645853390362       -0.151524321538
  8      222.000000000000        4.101484910335       12.613599992029       13.782812786014      366.061133525914       -2.080427643196
  8      225.000000000000        4.227179770164       10.518563306241        8.813260541000      334.591458792069       -0.058256451009
  8      228.000000000000        4.515991735425        8.272516500835        4.737908866810      303.236069833574       -0.020491153490
  8      231.000000000000        4.602553910689        3.960720481296        3.567613316876      297.060340840342       -0.024691403190
  8      234.000000000000        4.792774179519        2.286363902862        2.613687140740      287.515632890414       -0.272188901749
  8      237.000000000000        5.089621306359        1.871521113419        1.423678426694      279.547713841548       -3.036272974262
  8      240.000000000000        5.194228302213        2.605750868637        1.178652913011      277.666938681572        0.005380959722
  8      243.000000000000        4.795846558913        4.144170262179        3.093204077569      285.373182163750        0.094827067371
  8      246.000000000000        4.511334162652        5.286105642875        6.008087450902      299.978681479678        0.400040561462
  8      249.000000000000        4.444697592411        5.690175425517        6.753513500861      305.403423460248        2.803874342550
  8      252.000000000000        4.432049441322        5.809206601841        6.476671970833      306.824757451495        0.164899408088
  8      255.000000000000        4.430172584847        5.256253348418        6.017394419234      307.045126971150       -0.074082545452
  8      258.000000000000        4.573403932101        4.476183335629        4.108294580471      297.495797843951       -0.447056500261
  8      261.000000000000        4.913562596136        3.446735213069        1.871932460579      284.267835285521       -0.948590815137
  8      264.000000000000        5.430190535732        2.193500771887        0.549261780937      276.406841006519       -0.690307267545
  8      267.000000000000        5.882765846884        1.429750117878        0.179386068989      274.236310091991       -0.346542309936
  8      270.000000000000        6.119711439930        1.184292766383        0.095182015145      273.726476678212       -0.096376317512
  8      273.000000000000        6.094483538694        1.096690243043        0.094856202609      273.756108982645        0.139633164917
  8      276.000000000000        5.730838513048        1.016431154785        0.163238190645      274.699481230958        0.216839434267
  8      279.000000000000        5.560878814402        0.996822269420        0.244744356321      275.539499217811        0.064348927428
  8      282.000000000000        5.533799941208        0.876531953227        0.251331645166      275.710571012597       -0.041980186478
  8      285.000000000000        5.811293223538        0.731813357626        0.106500099461      274.481661131939       -0.237143325207
  8      288.000000000000        6.498411940171        0.794382155863        0.015620598258      273.338230152825       -1.441529669179
  8      291.000000000000        6.752574038107        1.072493313866        0.008992991973      273.195254314753       -0.171184196940
  8      294.000000000000        6.324919859807        1.175220886268        0.019728097111      273.357766779130       -0.810352648547
  8      297.000000000000        5.265531299435        1.162420911414        0.184846690240      275.372065189341        1.260643323305
  8      300.000000000000        4.781269119100        0.845130167007        0.490864679431      285.103300157762        1.276173597718
  8      303.000000000000        4.517903932067        0.415380639513        0.849740434228      297.834161543447        0.170145481051
  8      306.000000000000        4.366176415102        0.099484357279        1.243328364329      309.603945999639        0.005410918860
  8      309.000000000000        4.486821864856       -0.420222485028        1.055824201652      299.782574352203       -0.204511130120
  8      312.000000000000        4.533679410200       -0.760438422542        0.716704958385      297.221233060063        3.803995712961
  8      315.000000000000        4.276472190861       -2.165479508013        1.064337806996      320.882730080989        0.279729285410
  8      318.000000000000        4.148074770679       -4.051664507683        2.520193296640      341.998066566318        0.243480883287
  8      321.000000000000        4.058660673950       -4.216745252779        3.741571848208      361.605995475828       28.487150268925
  8      324.000000000000        4.040647118894       -3.711351359171        4.089347468623      367.297576828763        0.102766650929
  8      327.000000000000        4.058405255183       -2.011950808212        2.770467717060      362.775275385607       -0.009484870937
  8      330.000000000000        4.100577912523       -0.891474033955        1.628898311231      352.862268532095       -0.027572779831
  8      333.000000000000        4.181975458084       -1.231065118234        0.899961799976      337.248749393085      -16.026578969863
  8      336.000000000000        4.278321220118       -1.804740124692        0.538315742205      323.824563488780       -0.066154481773
  8      339.000000000000        4.373063059996       -2.371249159789        0.505545338877      313.507440640755       -0.140644551033
  8      342.000000000000        4.434815387462       -2.562443920307        0.538575062341      307.518960625963       -0.203073072664
  8      345.000000000000        4.497275835715       -2.412222265625        0.457146198714      302.398071253122       -0.142736056835
  8      348.000000000000        4.678315600394       -2.754022916521        0.363731223240      291.271939980437       -0.151681637067
  8      351.000000000000        4.971940270153       -3.513786718627        0.239672415954      281.290003555254       -0.431090618111
  8      354.000000000000        5.050760486249       -3.807310464977        0.179485839700      279.629196581496        0.306473841200
  8      357.000000000000        4.600422160023       -3.620970902190        0.380636432758      294.645251469867        0.039108114675
  8      360.000000000000        4.221531983973       -1.886160537006        0.605215067904      328.971595034680        0.010199295953
  8      363.000000000000        4.184000391896        1.880279383464        0.575423819099      334.853419853951        0.002046609525
  8      366.000000000000        4.183814249995        3.356252139319        1.247305423623      335.060030291189        0.001277826610
  8      369.000000000000        4.203906835664        2.850143571991        1.375780081309      331.983558711720       -0.020238534577
  8      372.000000000000        4.371124084809        0.867943975103        0.793882588431      311.121261232529       -0.020720979615
  8      375.000000000000        5.298923109303        0.132334897243        0.064550894365      276.719590161675       -0.078966616700
  8      378.000000000000       14.000347260752       -0.059998621833        0.000000000000      273.000003003202        0.000000000000
  8      381.000000000000       14.000347260752       -0.080771542782        0.000000000000      273.000000014865        0.000000000000
  8      384.000000000000       14.000347260752       -0.060060799071        0.000000000000      273.000000006774        0.000000000000
  8      387.000000000000       14.000347260752       -0.090126020857        0.000000000000      273.000000002521        0.000000000000
  8      390.000000000000       14.000347260752       -0.150145599307        0.000000000000      273.000000000725        0.000000000000
  8      393.000000000000       14.000347260752       -0.207340867815        0.000000000000      273.000000000172        0.000000000000
  8      396.000000000000       14.000347260752       -0.257158597858        0.000000000000      273.000000000050        0.000000000000
  8      399.000000000000       14.000347260752       -0.300667032558        0.000000000000      273.000000000030        0.000000000000
  8      402.000000000000       14.000347260752       -0.338968841851        0.000000000000      273.000000000027        0.000000000000
  8      405.000000000000       14.000347260752       -0.372201027360        0.000000000000      273.000000000028        0.000000000000
  8      408.000000000000       14.000347260752       -0.400977464548        0.000000000000      273.000000000028        0.000000000000
  8      411.000000000000       14.000347260752       -0.425810294398        0.000000000000      273.000000000027        0.000000000000
  8      414.000000000000       14.000347260752       -0.447459997135        0.000000000000      273.000000000027        0.000000000000
  8      417.000000000000       14.000347260752       -0.466298651611        0.000000000000      273.000000000027        0.000000000000
  8      420.000000000000       14.000347260752       -0.482743574334        0.000000000000      273.000000000028        0.000000000000
  8      423.000000000000       14.000347260752       -0.497154179894        0.000000000000      273.000000000028        0.000000000000
  8      426.000000000000       14.000347260752       -0.509765802514        0.000000000000      273.000000000028        0.000000000000
  8      429.000000000000       14.000347260752       -0.520752941542        0.000000000000      273.000000000027        0.000000000000
  8      432.000000000000       14.000347260752       -0.530259271078        0.000000000000      273.000000000027        0.000000000000
  8      435.000000000000       14.000347260752       -0.538386238295        0.000000000000      273.000000000027        0.000000000000
  8      438.000000000000       14.000347260752       -0.545271137192        0.000000000000      273.000000000027        0.000000000000
  8      441.000000000000       14.000347260752       -0.551037945076        0.000000000000      273.000000000028        0.000000000000
  8      444.000000000000       14.000347260752       -0.555760097526        0.000000000000      273.000000000028        0.000000000000
  8      447.000000000000       14.000347260752       -0.559462023975        0.000000000000      273.000000000028        0.000000000000
  8      450.000000000000       14.000347260752       -0.562146359506        0.000000000000      273.000000000028        0.000000000000
  8      453.000000000000       14.000347260752       -0.563892048712        0.000000000000      273.000000000027        0.000000000000
  8      456.000000000000       14.000347260752       -0.298792521427        0.000000000000      273.000000000027        0.000000000000
