!------------------------------------------------------------!
  Date: 20191111
  Simulation name: BVZ4 
  Filename:PEbyx.txt                                                                                                                                             
  Produced in mod-subroutine:  massdist/energypotential                                                                                                                              
  Written by AK September 2019
  Description:Integrates by width potential energy necessary to overflow at each height                                                                             
  Data format: RMAX by t potential energy (J)                                                                                                                       
!------------------------------------------------------------!
        0.0000000000
  1247355.8516818287
     2262.2640456235
     2140.5885888287
     2018.9131320339
     1897.2376752391
     1775.5622184442
     2329.8614947598
     2208.1860379650
     2086.5105811702
     1964.8351243753
     1843.1596675805
     2402.7168402311
     2275.7834871013
     2154.1080303065
     2032.4325735116
     1910.7571167168
     1789.0816599220
     2343.3809362376
     2221.7054794427
     2100.0300226479
     1978.3545658531
     1856.6791090583
     1735.0036522635
     2289.3029285790
     2167.6274717842
     2045.9520149894
     1924.2765581946
     1802.6011013998
     2356.9003777153
     2235.2249209205
     2113.5494641257
     1991.8740073309
     1870.1985505361
     1748.5230937413
     2302.8223700568
     2181.1469132620
     2059.4714564672
     1937.7959996724
     1816.1205428776
     2371.1711947443
     2248.7443623983
     2127.0689056035
     2005.3934488087
     1883.7179920139
     1762.0425352191
     2316.3418115346
     2194.6663547398
     2072.9908979450
     1951.3154411502
     1829.6399843554
     2386.9438764683
     2262.2638038761
     2140.5883470813
     2018.9128902865
     1897.2374334916
     1775.5619766968
     2329.8612530124
     2208.1857962176
     2086.5103394228
     1964.8348826279
     1843.1594258331
     2402.7165581924
     2275.7832453539
     2154.1077885590
     2032.4323317642
     1910.7568749694
     1789.0814181746
     2343.3806944902
     2221.7052376953
     2100.0297809005
     1978.3543241057
     1856.6788673109
     1735.0034105161
     2289.3026868316
     2167.6272300368
     2045.9517732420
     1924.2763164472
     1802.6008596524
     2356.9001359679
     2235.2246791731
     2113.5492223783
     1991.8737655835
     1870.1983087887
     1748.5228519939
     2302.8221283094
     2181.1466715146
     2059.4712147198
     1937.7957579250
     1816.1203011302
     2371.1709127056
     2248.7441206509
     2127.0686638561
     2005.3932070613
     1883.7177502665
     1762.0422934717
     2316.3415697872
     2194.6661129924
     2072.9906561976
     1951.3151994028
     1829.6397426080
     2386.9435944297
     2262.2635621287
     2140.5881053339
     2018.9126485391
     1897.2371917442
     1775.5617349494
     2329.8610112650
     2208.1855544702
     2086.5100976754
     1964.8346408805
     1843.1591840857
     2402.7162761538
     2275.7830036065
     2154.1075468116
     2032.4320900168
     1910.7566332220
     1789.0811764272
     2343.3804527428
     2221.7049959479
     2100.0295391531
     1978.3540823583
     1856.6786255635
     1735.0031687687
     2289.3024450842
     2167.6269882894
     2045.9515314946
     1924.2760746998
     1802.6006179050
     2356.8998942205
     2235.2244374257
     2113.5489806309
     1991.8735238361
     1870.1980670413
     1748.5226102465
     2302.8218865620
     2181.1464297672
     2059.4709729724
     1937.7955161776
     1816.1200593828
     2371.1706306670
     2248.7438789035
     2127.0684221087
     2005.3929653139
     1883.7175085191
     1762.0420517243
     2316.3413280398
     2194.6658712450
     2072.9904144502
     1951.3149576554
     1829.6395008605
     2386.9433123911
     2262.2633203813
     2140.5878635865
     2018.9124067917
     1897.2369499968
     1775.5614932020
     2329.8607695176
     2208.1853127228
     2086.5098559279
     1964.8343991331
     1843.1589423383
     2402.7159941151
     2275.7827618591
     2154.1073050642
     2032.4318482694
     1910.7563914746
     1789.0809346798
     2343.3802109954
     2221.7047542005
     2100.0292974057
     1978.3538406109
     1856.6783838161
     1735.0029270213
     2289.3022033368
     2167.6267465420
     2045.9512897472
     1924.2758329524
     1802.6003761576
     2356.8996524731
     2235.2241956783
     2113.5487388835
     1991.8732820887
     1870.1978252939
     1748.5223684991
     2302.8216448146
     2181.1461880198
     2059.4707312250
     1937.7952744302
     1816.1198176354
     2371.1703486284
     2248.7436371561
     2127.0681803613
     2005.3927235665
     1883.7172667717
     1762.0418099768
     2316.3410862924
     2194.6656294976
     2072.9901727028
     1951.3147159080
     1829.6392591131
     2386.9430303524
     2262.2630786339
     2140.5876218391
     2018.9121650443
     1897.2367082494
     1775.5612514546
     2329.8605277702
     2208.1850709754
     2086.5096141805
     1964.8341573857
     1843.1587005909
     2402.7157120765
     2275.7825201117
     2154.1070633168
     2032.4316065220
     1910.7561497272
     1789.0806929324
     2343.3799692479
     2221.7045124531
     2100.0290556583
     1978.3535988635
     1856.6781420687
     1735.0026852739
     2289.3019615894
     2167.6265047946
     2045.9510479998
     1924.2755912050
     1802.6001344102
     2356.8994107257
     2235.2239539309
     2113.5484971361
     1991.8730403413
     1870.1975835465
     1748.5221267517
     2302.8214030672
     2181.1459462724
     2059.4704894776
     1937.7950326828
     1816.1195758880
     2371.1700665897
     2248.7433954087
     2127.0679386139
     2005.3924818191
     1883.7170250243
     1762.0415682294
     2316.3408445450
     2194.6653877502
     2072.9899309554
     1951.3144741606
     1829.6390173657
     2386.9427483138
     2262.2628368865
     2140.5873800917
     2018.9119232968
     1897.2364665020
     1775.5610097072
     2329.8602860228
     2208.1848292280
     2086.5093724331
     1964.8339156383
     1843.1584588435
     2402.7154300379
     2275.7822783642
     2154.1068215694
     2032.4313647746
     1910.7559079798
     1789.0804511850
     2343.3797275005
     2221.7042707057
     2100.0288139109
     1978.3533571161
     1856.6779003213
     1735.0024435265
     2289.3017198420
     2167.6262630472
     2045.9508062524
     1924.2753494576
     1802.5998926628
     2356.8991689783
     2235.2237121835
     2113.5482553887
     1991.8727985939
     1870.1973417991
     1748.5218850043
     2302.8211613198
     2181.1457045250
     2059.4702477302
     1937.7947909354
     1816.1193341406
     2371.1697845511
     2248.7431536613
     2127.0676968665
     2005.3922400717
     1883.7167832769
     1762.0413264820
     2316.3406027976
     2194.6651460028
     2072.9896892080
     1951.3142324131
     1829.6387756183
     2386.9424662752
     2262.2625951391
     2140.5871383443
     2018.9116815494
     1897.2362247546
     1775.5607679598
     2329.8600442754
     2208.1845874806
     2086.5091306857
     1964.8336738909
     1843.1582170961
     2402.7151479992
     2275.7820366168
     2154.1065798220
     2032.4311230272
     1910.7556662324
     1789.0802094376
     2343.3794857531
     2221.7040289583
     2100.0285721635
     1978.3531153687
     1856.6776585739
     1735.0022017791
     2289.3014780946
     2167.6260212998
     2045.9505645050
     1924.2751077102
     1802.5996509154
     2356.8989272309
     2235.2234704361
     2113.5480136413
     1991.8725568465
     1870.1971000517
     1748.5216432569
     2302.8209195724
     2181.1454627776
     2059.4700059828
     1937.7945491880
     1816.1190923932
     2371.1695025124
     2248.7429119139
     2127.0674551191
     2005.3919983243
     1883.7165415295
     1762.0410847346
     2316.3403610502
     2194.6649042554
     2072.9894474606
     1951.3139906657
     1829.6385338709
     2386.9421842365
     2262.2623533917
     2140.5868965969
     2018.9114398020
     1897.2359830072
     1775.5605262124
     2329.8598025280
     2208.1843457331
     2086.5088889383
     1964.8334321435
     1843.1579753487
     2402.7148659606
     2275.7817948694
     2154.1063380746
     2032.4308812798
     1910.7554244850
     1789.0799676902
     2343.3792440057
     2221.7037872109
     2100.0283304161
     1978.3528736213
     1856.6774168265
     1735.0019600317
     2289.3012363472
     2167.6257795524
     2045.9503227576
     1924.2748659628
     1802.5994091680
     2356.8986854835
     2235.2232286887
     2113.5477718939
     1991.8723150991
     1870.1968583043
     1748.5214015095
     2302.8206778250
     2181.1452210302
     2059.4697642354
     1937.7943074406
     1816.1188506458
     2371.1692204738
     2248.7426701665
     2127.0672133717
     2005.3917565769
     1883.7162997820
     1762.0408429872
     2316.3401193028
     2194.6646625080
     2072.9892057132
     1951.3137489183
     1829.6382921235
     1707.9628353287
        0.0000000000
        0.0000000000
        0.0000000000
  1247355.8516818287
  1224468.3293634881
  1168114.1552904127
  1070634.1433665652
   982430.3834864591
   891697.9498829241
  1206099.7654423583
  1082619.1591314373
   949030.6879611338
   851254.5262364817
   752578.7443755707
  1018905.7361342564
   887142.8998198366
   781285.5262112125
   677023.4227791274
   583451.5451799297
   489198.5240711251
   557169.1926846952
   506119.5527751188
   439002.9660518226
   358947.5231546734
   253791.6522671381
   177145.9135063119
   177490.6368087882
   140330.3309985350
   104612.7962810542
    73788.4816705731
    50694.4068581361
    44328.6621806173
    33371.0556272746
    24579.9008796740
    19126.1815157198
    14063.3653567471
    10526.3113510009
     9660.5239117339
     7804.5612555811
     6366.0473060287
     5443.8634923182
     4314.1637123973
     3961.4625277880
     3013.5257032282
     2271.8491852570
     1987.5638961377
     1878.5389075077
     1759.7404429731
     2316.1771029474
     2194.6725231877
     2072.9964558598
     1951.3207054344
     1829.6429726147
     2386.9508245412
     2262.2697099092
     2140.5938543134
     2018.9183036751
     1897.2427493054
     1775.5648165779
     2329.8680516116
     2208.1913990880
     2086.5157092389
     1964.8400467753
     1843.1617060061
     2402.7232983342
     2275.7888461650
     2154.1130697399
     2032.4376941269
     1910.7621291562
     1789.0836216457
     2343.3870656783
     2221.7106805563
     2100.0350420588
     1978.3594246131
     1856.6840880777
     1735.0052903229
     2289.3089447176
     2167.6323683390
     2045.9567438166
     1924.2812574826
     1802.6022430430
     2356.9064748387
     2235.2302153336
     2113.5546347166
     1991.8792060539
     1870.2034397752
     1748.5241967091
     2302.8284660769
     2181.1519030385
     2059.4762924257
     1937.8005378201
     1816.1215340777
     2371.1773838457
     2248.7497362479
     2127.0741455981
     2005.3984933422
     1883.7224972495
     1762.0437876423
     2316.3482556788
     2194.6714587053
     2072.9957975554
     1951.3198769206
     1829.6411912524
     2386.9503991641
     2262.2690524778
     2140.5936423178
     2018.9181565756
     1897.2418187518
     1775.5629337231
     2329.8675159387
     2208.1911621834
     2086.5155015437
     1964.8392395701
     1843.1603738883
     2402.7231293131
     2275.7887471485
     2154.1128985471
     2032.4373724502
     1910.7611664336
     1789.0823667725
     2343.3870098280
     2221.7103840896
     2100.0348023725
     1978.3594780566
     1856.6832631358
     1735.0045395185
     2289.3090596933
     2167.6322812239
     2045.9565890640
     1924.2804920357
     1802.6017796697
     2356.9065142214
     2235.2298270086
     2113.5544875287
     1991.8789330682
     1870.2024769246
     1748.5239886908
     2302.8285675120
     2181.1517206738
     2059.4762889944
     1937.8001300905
     1816.1214354330
     2371.1774370733
     2248.7495958245
     2127.0740681062
     2005.3984367191
     1883.7222288657
     1762.0435690352
     2316.3481261668
     2194.6714975781
     2072.9958962268
     1951.3198416730
     1829.6410749946
     2386.9504995455
     2262.2692288190
     2140.5936048522
     2018.9181320556
     1897.2418921204
     1775.5630496815
     2329.8676507648
     2208.1909027265
     2086.5153321466
     1964.8392065599
     1843.1603059380
     2402.7230786812
     2275.7884448179
     2154.1128064646
     2032.4373805318
     1910.7611710331
     1789.0823295510
     2343.3868793195
     2221.7102832330
     2100.0347332531
     1978.3590452222
     1856.6830941729
     1735.0042776435
     2289.3087515083
     2167.6319424467
     2045.9563377615
     1924.2803588244
     1802.6014497235
     2356.9062595481
     2235.2297639650
     2113.5542554073
     1991.8787374929
     1870.2025705430
     1748.5234768780
     2302.8281570943
     2181.1514267738
     2059.4758305732
     1937.7998221544
     1816.1208686826
     2371.1769553088
     2248.7492431504
     2127.0736989075
     2005.3979970408
     1883.7218082174
     1762.0431477485
     2316.3478624402
     2194.6709444577
     2072.9953086241
     1951.3192558811
     1829.6405892527
     2386.9499091849
     2262.2685378864
     2140.5931649317
     2018.9176449111
     1897.2411797448
     1775.5623575108
     2329.8670902402
     2208.1906448173
     2086.5149930221
     1964.8386211081
     1843.1598316500
     2402.7226149545
     2275.7882365913
     2154.1124153455
     2032.4368480000
     1910.7605103660
     1789.0818444500
     2343.3865672397
     2221.7098883358
     2100.0343228432
     1978.3589434181
     1856.6825916030
     1735.0040322679
     2289.3086148580
     2167.6317930253
     2045.9560723067
     1924.2798228513
     1802.6012995134
     2356.9060599165
     2235.2293604983
     2113.5540063322
     1991.8783975712
     1870.2017743192
     1748.5235073613
     2302.8281065584
     2181.1512639528
     2059.4757666618
     1937.7994333247
     1816.1209691984
     2371.1768949608
     2248.7491483540
     2127.0736118968
     2005.3979053871
     1883.7214768705
     1762.0431030578
     2316.3476577304
     2194.6710674978
     2072.9953978702
     1951.3191050450
     1829.6406277779
     2386.9499273463
     2262.2688273880
     2140.5931853325
     2018.9175785050
     1897.2411041790
     1775.5625781778
     2329.8671261446
     2208.1905305666
     2086.5148374878
     1964.8384239760
     1843.1598890941
     2402.7224889114
     2275.7880440657
     2154.1124166476
     2032.4368122221
     1910.7604048656
     1789.0818520813
     2343.3863686173
     2221.7099288405
     2100.0343009705
     1978.3585048562
     1856.6823575661
     1735.0037932116
     2289.3082251383
     2167.6315520634
     2045.9558622645
     1924.2796578011
     1802.6009891350
     2356.9057324174
     2235.2293895803
     2113.5538146101
     1991.8781794954
     1870.2018599330
     1748.5230389045
     2302.8275974291
     2181.1510085336
     2059.4753227814
     1937.7991418495
     1816.1204758178
     2371.1762989646
     2248.7488079232
     2127.0732122239
     2005.3974202413
     1883.7211202847
     1762.0428215924
     2316.3471998197
     2194.6704976903
     2072.9947404990
     1951.3185643968
     1829.6403421948
     2386.9491185209
     2262.2680965294
     2140.5926275938
     2018.9169698952
     1897.2404836535
     1775.5622242564
     2329.8663307037
     2208.1901224159
     2086.5143224660
     1964.8379161417
     1843.1597777601
     2402.7217031902
     2275.7876997587
     2154.1118458048
     2032.4361285281
     1910.7597951751
     1789.0818613513
     2343.3856821903
     2221.7093629902
     2100.0337122620
     1978.3581752823
     1856.6818608000
     1735.0041185264
     2289.3076686769
     2167.6312128168
     2045.9553345119
     1924.2790856166
     1802.6014149110
     2356.9050605672
     2235.2288036973
     2113.5533324690
     1991.8775851069
     1870.2010846426
     1748.5236520994
     2302.8270633327
     2181.1506644314
     2059.4749865353
     1937.7987023757
     1816.1211389114
     2371.1757492178
     2248.7485657645
     2127.0729014886
     2005.3971078641
     1883.7207851806
     1762.0432604456
     2316.3465760643
     2194.6704457344
     2072.9946210653
     1951.3183818406
     1829.6407997420
     2386.9487232191
     2262.2682320778
     2140.5925293153
     2018.9167799965
     1897.2404247060
     1775.5627344061
     2329.8660596046
     2208.1898656688
     2086.5141192839
     1964.8378181008
     1843.1599656018
     2402.7212335383
     2275.7875236700
     2154.1117782031
     2032.4361208650
     1910.7597377858
     1789.0819225130
     2343.3852124366
     2221.7093367735
     2100.0337663789
     1978.3578329681
     1856.6817211663
     1735.0037497068
     2289.3070605063
     2167.6310097702
     2045.9553246340
     1924.2791030207
     1802.6008107214
     2356.9045723855
     2235.2288761296
     2113.5533394504
     1991.8776144250
     1870.2014067012
     1748.5226263781
     2302.8264619042
     2181.1505535805
     2059.4749486818
     1937.7988401709
     1816.1198362956
     2371.1751256097
     2248.7484091583
     2127.0728762078
     2005.3969887517
     1883.7210207211
     1762.0417533467
     2316.3462399271
     2194.6701649772
     2072.9945692863
     1951.3191978930
     1829.6437665645
     1707.9681225429
        0.0000000000
        0.0000000000
        0.0000000000
  1247355.8516818287
  1264445.2817082780
  1204856.9389921087
  1106829.3342867731
  1022188.4281943785
   933717.5099468577
  1259019.1496207158
  1154926.7864859758
  1035915.2381657111
   940320.4954766219
   845019.9319451478
  1162644.1829016223
  1044129.0187116819
   949638.1210318252
   860332.0202646394
   776911.3488427305
   697868.3028849721
   988312.9129651046
   898505.4653784446
   807829.2022117659
   723786.1508585322
   631052.6574593518
   562248.6648956491
   807106.8028701895
   739601.0543919423
   663166.6118389221
   589525.1899674905
   516591.5961646751
   693015.3921968852
   631302.4912647043
   560155.6586574528
   509614.7868113159
   442859.2925209862
   377083.6516531456
   492337.9708289790
   443440.1866022488
   390711.0196102558
   358101.0573171891
   299841.0231929807
   357425.3040571177
   310074.2281932349
   282233.8732408535
   254186.8122900060
   216183.2239895679
   183970.0074671964
   198922.8798244114
   165475.9372982494
   149405.3227658792
   133431.9197600085
   113317.7674637188
   120195.1565339668
   104411.0488023724
    93250.4028933261
    81642.4483887477
    69851.9662403686
    57187.6985243932
    60149.4735008875
    53977.1693618943
    48727.0842214395
    42410.2734002484
    35635.6962564169
    37604.1235841714
    33878.7606782064
    29732.4766451460
    25472.3696816193
    21266.2101777063
    17344.2985343264
    18754.5205338800
    16453.2623122043
    14138.6478770547
    11944.0285499719
     9983.6355851796
     8312.6032100097
     9197.5837521418
     8217.8722769651
     7330.1646019443
     6529.8067743669
     5811.0606648647
     6591.4775963338
     6154.4723956578
     5784.0990110040
     5448.9753831280
     5135.2543198383
     4797.3947363520
     5240.4039568321
     4953.5400252741
     4626.9088821922
     4264.4105113230
     3865.5974212497
     4102.0995510829
     3711.4405621089
     3393.3807910016
     3094.2913840198
     2761.3739925234
     2390.2691660037
     2641.0683115715
     2259.3287624497
     2057.7279024511
     1950.1971567089
     1829.6476068282
     2386.9577326571
     2262.2750700161
     2140.5984273682
     2018.9223259647
     1897.2463030526
     1775.5685569843
     2329.8743196344
     2208.1966946230
     2086.5199367102
     1964.8435315049
     1843.1652399932
     2402.7294257125
     2275.7939510183
     2154.1171897208
     2032.4413704304
     1910.7655867291
     1789.0871773947
     2343.3932362318
     2221.7153548186
     2100.0388862093
     1978.3635720016
     1856.6877291066
     1735.0091019160
     2289.3152430201
     2167.6371738751
     2045.9605419665
     1924.2844247695
     1802.6057061221
     2356.9123726311
     2235.2346685273
     2113.5586932717
     1991.8831077957
     1870.2067825552
     1748.5281607199
     2302.8347227149
     2181.1566245334
     2059.4803403377
     1937.8041457896
     1816.1253231952
     2371.1835934883
     2248.7547929548
     2127.0784377572
     2005.4027494022
     1883.7265799730
     1762.0477366757
     2316.3545329016
     2194.6767616782
     2073.0000755859
     1951.3238382541
     1829.6450262973
     2386.9570155643
     2262.2747646938
     2140.5982476770
     2018.9225280948
     1897.2463271891
     1775.5673295621
     2329.8743220379
     2208.1962134189
     2086.5195637865
     1964.8433321421
     1843.1640850486
     2402.7295080177
     2275.7939989167
     2154.1172296898
     2032.4417263656
     1910.7653535320
     1789.0864391731
     2343.3932440002
     2221.7155440014
     2100.0392036664
     1978.3631369130
     1856.6871627588
     1735.0082270499
     2289.3149339628
     2167.6369116989
     2045.9602678842
     1924.2840350472
     1802.6048668752
     2356.9123626163
     2235.2349446418
     2113.5588255345
     1991.8831234083
     1870.2067103652
     1748.5271692426
     2302.8342626015
     2181.1563561219
     2059.4798360457
     1937.8035799641
     1816.1242355433
     2371.1830792068
     2248.7544633888
     2127.0781834570
     2005.4023502032
     1883.7259517895
     1762.0468720097
     2316.3540896832
     2194.6759474394
     2072.9994254117
     1951.3231309264
     1829.6441211689
     2386.9561694729
     2262.2736880952
     2140.5977906196
     2018.9220660928
     1897.2454017969
     1775.5658443802
     2329.8731487475
     2208.1957333477
     2086.5192569871
     1964.8426166807
     1843.1631676064
     2402.7288847138
     2275.7934284269
     2154.1169490883
     2032.4411592438
     1910.7646682924
     1789.0852963066
     2343.3926098031
     2221.7148790710
     2100.0386890069
     1978.3633093326
     1856.6868017721
     1735.0075949424
     2289.3147104469
     2167.6366580461
     2045.9601139116
     1924.2836513851
     1802.6045452363
     2356.9119764361
     2235.2343450963
     2113.5584769627
     1991.8827928917
     1870.2059479944
     1748.5270201896
     2302.8341616020
     2181.1561774212
     2059.4799517983
     1937.8035104124
     1816.1243984662
     2371.1830266476
     2248.7544104153
     2127.0782223863
     2005.4024641217
     1883.7258650307
     1762.0467737188
     2316.3539200566
     2194.6762928158
     2072.9997782521
     1951.3233432016
     1829.6442485273
     2386.9563580859
     2262.2743929409
     2140.5980664653
     2018.9222700042
     1897.2457460279
     1775.5663944366
     2329.8735520692
     2208.1957781383
     2086.5193137507
     1964.8428396767
     1843.1633039402
     2402.7288262799
     2275.7935481401
     2154.1170865738
     2032.4414722311
     1910.7648836630
     1789.0854676339
     2343.3925400393
     2221.7151497477
     2100.0390036957
     1978.3628942183
     1856.6867430104
     1735.0072597644
     2289.3142700799
     2167.6364631277
     2045.9600442838
     1924.2837062466
     1802.6039746343
     2356.9118005641
     2235.2345999295
     2113.5586189894
     1991.8828774634
     1870.2063131458
     1748.5261240452
     2302.8336853214
     2181.1559382915
     2059.4795909922
     1937.8032587759
     1816.1232485134
     2371.1825172061
     2248.7541133524
     2127.0779821640
     2005.4020245547
     1883.7254876823
     1762.0458015833
     2316.3536765298
     2194.6755436338
     2072.9990878566
     1951.3227381693
     1829.6430884693
     2386.9558113048
     2262.2733299369
     2140.5974793428
     2018.9216949969
     1897.2448650619
     1775.5647001416
     2329.8729009132
     2208.1953854842
     2086.5188416923
     1964.8420936894
     1843.1620400068
     2402.7287444000
     2275.7931702216
     2154.1165026132
     2032.4406315721
     1910.7640483401
     1789.0841103868
     2343.3926579852
     2221.7145793984
     2100.0382019763
     1978.3627268280
     1856.6861477727
     1735.0064133127
     2289.3147996817
     2167.6362915233
     2045.9594459389
     1924.2829182864
     1802.6033585929
     2356.9123196304
     2235.2341124594
     2113.5579746135
     1991.8820712455
     1870.2051163516
     1748.5258092800
     2302.8344599693
     2181.1558444493
     2059.4792570680
     1937.8026589100
     1816.1231529036
     2371.1834263957
     2248.7542691236
     2127.0776453918
     2005.4016794085
     1883.7250224325
     1762.0454473348
     2316.3542945722
     2194.6760410249
     2072.9990735010
     1951.3225088160
     1829.6428880240
     2386.9568705904
     2262.2741766684
     2140.5974864666
     2018.9215833119
     1897.2448217553
     1775.5648250853
     2329.8739435623
     2208.1954109202
     2086.5186387570
     1964.8420446403
     1843.1617622239
     2402.7292268606
     2275.7932773394
     2154.1166776244
     2032.4410028137
     1910.7640728264
     1789.0837504645
     2343.3928059338
     2221.7148732393
     2100.0387437377
     1978.3625393522
     1856.6860426651
     1735.0053968646
     2289.3143279567
     2167.6361651527
     2045.9598969305
     1924.2832567146
     1802.6020397622
     2356.9117771862
     2235.2344704609
     2113.5586983626
     1991.8828365906
     1870.2059331144
     1748.5237342677
     2302.8333168430
     2181.1558414013
     2059.4799960647
     1937.8033028434
     1816.1207181737
     2371.1818738986
     2248.7541304320
     2127.0785569266
     2005.4023331987
     1883.7257248480
     1762.0426246040
     2316.3528235206
     2194.6757428172
     2073.0000524116
     1951.3247796278
     1829.6493543718
     1707.9735219637
        0.0000000000
        0.0000000000
        0.0000000000
      696.1304885828
  1273521.0768988247
  1217321.8291573501
  1124202.6501368424
  1042957.4079196090
   958158.8305913289
  1289292.8955958795
  1187564.9896218788
  1069066.5881342264
   974430.2028047963
   882764.3456546491
  1207720.3544019847
  1090135.8311719960
   994261.9795761148
   905459.1116426495
   823707.3267971942
   747981.1645766008
  1064656.9958069969
   978101.1001536051
   891258.3751989906
   809554.8404714770
   718775.7275578356
   650385.5027777045
   957117.6614539408
   873795.1834902758
   789719.4681909166
   711535.9812534760
   639530.2055161218
   905745.6690585368
   824988.5896654651
   745969.6357745141
   688693.0896912932
   618945.0046158223
   553870.1116772494
   796278.6009137450
   726641.2223264995
   654104.0303345672
   601638.1547756150
   533148.0149274489
   749062.1195399733
   678229.1197477049
   625294.8870091097
   573555.6377052598
   509732.6342575969
   458730.1110904019
   641192.5232602775
   578010.7646300051
   531652.3140243422
   484395.7605205567
   431384.7184580818
   585345.7548021107
   538045.6125245844
   492652.6921010405
   450959.5023209224
   406984.3793991985
   356099.9816537750
   444614.0921642018
   422381.4498427151
   396968.3425206691
   370708.1812886416
   330035.5856670176
   439377.7958305699
   398423.9620429552
   364865.0582102095
   331613.9792434140
   297736.7193477811
   252310.5667767868
   296190.0284809407
   273796.4286799122
   269526.0182672017
   263979.3825363404
   235403.8432904319
   193467.0174668010
   228909.9471529243
   203893.5760597846
   196277.6154267384
   174019.6726661690
   144270.0018762844
   172250.4788814358
   154303.0849346342
   138154.3383451304
   119404.2779663692
   100722.9355765191
    82257.6224981903
    93259.8983566180
    84245.3750739606
    74001.8827683719
    63529.0936200945
    54235.9658496147
    61890.2394603359
    55464.0860203012
    46800.4838310461
    40642.7433602419
    35482.9936809887
    31488.0841458526
    35629.4245444921
    31313.9444505334
    26516.1240748965
    22217.5846898932
    18766.6408486058
    22423.5150908714
    20578.5995719904
    18520.3055133386
    14526.2014432680
    12290.3003991443
    10461.2048723522
    13880.3280853254
    12190.5373370891
     9495.2225545775
     8042.1227898191
     6765.2502205352
     9674.3612732235
     7708.5054686414
     6715.3345762780
     5746.2088880076
     4857.5627823956
     4171.0914445396
     5659.3698374273
     4909.9169905600
     4185.5447087870
     3594.3008648361
     2987.5820272649
     2631.8989955425
     3362.5236129907
     3063.2496383906
     2799.0404401730
     2536.3052282429
     2282.4825655064
     2819.3033704820
     2589.5929049526
     2387.8539832402
     2227.7698207964
     2068.8286843948
     1927.4872477139
     2449.6357828399
     2309.1133076771
     2163.3921537333
     2016.3188040827
     1872.9401375936
     2405.7826182812
     2278.2342300614
     2144.9622631522
     2002.9624363019
     1879.0070744238
     1761.6646571711
     2316.3619579816
     2194.6835875621
     2073.0053015734
     1951.3278288251
     1829.6488499009
     2386.9640304060
     2262.2809348083
     2140.6031469205
     2018.9265335058
     1897.2499460984
     1775.5711631619
     2329.8817440627
     2208.2025238826
     2086.5244249891
     1964.8471148065
     1843.1674928456
     2402.7363478194
     2275.8000757244
     2154.1218349956
     2032.4455394543
     1910.7687002728
     1789.0899969444
     2343.4003406828
     2221.7215531680
     2100.0438110434
     1978.3666876151
     1856.6903783503
     1735.0115979463
     2289.3217904142
     2167.6425333103
     2045.9643298729
     1924.2869808099
     1802.6076368311
     2356.9189799908
     2235.2406347017
     2113.5632694650
     1991.8868032701
     1870.2099959667
     1748.5303349779
     2302.8411107638
     2181.1618705318
     2059.4837926498
     1937.8065259092
     1816.1269183416
     2371.1898662060
     2248.7601436605
     2127.0825283266
     2005.4060151452
     1883.7292911148
     1762.0500178438
     2316.3611306548
     2194.6814903078
     2073.0033784307
     1951.3261719135
     1829.6468917274
     2386.9632198201
     2262.2793699776
     2140.6021890820
     2018.9258648308
     1897.2487437358
     1775.5686998599
     2329.8801638647
     2208.2013283275
     2086.5233401958
     1964.8456744377
     1843.1657091057
     2402.7360354940
     2275.7992287392
     2154.1213001839
     2032.4448569715
     1910.7679075423
     1789.0879921797
     2343.3997599554
     2221.7205260784
     2100.0429801091
     1978.3670565027
     1856.6900890859
     1735.0103431376
     2289.3218289543
     2167.6421188269
     2045.9639630401
     1924.2864976212
     1802.6068289201
     2356.9190373332
     2235.2399886319
     2113.5629406031
     1991.8865614766
     1870.2090633532
     1748.5296636493
     2302.8413465433
     2181.1617281860
     2059.4840193398
     1937.8065015410
     1816.1268388578
     2371.1903475501
     2248.7604330652
     2127.0828184047
     2005.4063640806
     1883.7291841752
     1762.0495147550
     2316.3613566387
     2194.6822596229
     2073.0040337283
     1951.3264804764
     1829.6468109878
     2386.9640272426
     2262.2806314642
     2140.6028917491
     2018.9263691577
     1897.2491667412
     1775.5692004003
     2329.8811321020
     2208.2017120004
     2086.5235584006
     1964.8460086312
     1843.1658301961
     2402.7364036128
     2275.7996316080
     2154.1217456771
     2032.4455062768
     1910.7681709660
     1789.0881974540
     2343.4000110555
     2221.7210905843
     2100.0435977117
     1978.3667273628
     1856.6899634987
     1735.0099084785
     2289.3214745463
     2167.6419125500
     2045.9639760462
     1924.2865530455
     1802.6062107504
     2356.9190387445
     2235.2404533763
     2113.5633294174
     1991.8870009878
     1870.2096351617
     1748.5285806744
     2302.8408272539
     2181.1613576191
     2059.4836020464
     1937.8062248108
     1816.1254512290
     2371.1897774203
     2248.7598837718
     2127.0826798005
     2005.4061518061
     1883.7288540195
     1762.0483199096
     2316.3609920505
     2194.6810096157
     2073.0031872655
     1951.3258917191
     1829.6454363407
     2386.9632487998
     2262.2790616430
     2140.6021782402
     2018.9259605346
     1897.2482718893
     1775.5670090351
     2329.8800942383
     2208.2009763598
     2086.5231010279
     1964.8452729353
     1843.1642422146
     2402.7361911485
     2275.7990436027
     2154.1210349198
     2032.4446668222
     1910.7673949084
     1789.0864409850
     2343.3999298599
     2221.7202227592
     2100.0426005587
     1978.3667584261
     1856.6895540511
     1735.0089164421
     2289.3219827814
     2167.6417319268
     2045.9633420290
     1924.2858668154
     1802.6055017695
     2356.9195247057
     2235.2398019308
     2113.5624894917
     1991.8860374672
     1870.2083356861
     1748.5283312818
     2302.8416603083
     2181.1613703913
     2059.4833622013
     1937.8057664391
     1816.1255274621
     2371.1908216962
     2248.7603507424
     2127.0822190629
     2005.4056984753
     1883.7285330215
     1762.0481061277
     2316.3616985604
     2194.6820089393
     2073.0033184423
     1951.3257948633
     1829.6453987717
     2386.9646546043
     2262.2803949505
     2140.6022266638
     2018.9258490659
     1897.2484998736
     1775.5675016775
     2329.8815306016
     2208.2012060728
     2086.5228994550
     1964.8455113640
     1843.1640981383
     2402.7369252786
     2275.7992199682
     2154.1212650510
     2032.4453961977
     1910.7678267414
     1789.0861910726
     2343.4002391485
     2221.7205381524
     2100.0433522531
     1978.3667967711
     1856.6898673797
     1735.0076216384
     2289.3214633618
     2167.6413235429
     2045.9640636273
     1924.2868658074
     1802.6037603798
     2356.9188901426
     2235.2399885500
     2113.5636673864
     1991.8877342156
     1870.2101019737
     1748.5253060024
     2302.8401022691
     2181.1609737201
     2059.4846721178
     1937.8074015641
     1816.1219718977
     2371.1885589585
     2248.7596515816
     2127.0839497903
     2005.4074881138
     1883.7301583740
     1762.0437720594
     2316.3593201660
     2194.6811211884
     2073.0053659622
     1951.3302291848
     1829.6548174653
     1707.9788013417
        0.0000000000
        0.0000000000
        0.0000000000
      696.1304885828
   646941.9252844454
   612527.9263359297
   554403.8421236156
   505459.3550266779
   447847.2902212963
   733817.5158984569
   651374.7784274168
   569992.8262224830
   517422.6767080199
   467043.9036920919
   779034.0501617956
   694287.7848251782
   634832.5549666297
   588322.7635148923
   547345.1184055030
   506683.2567485353
   834175.0382714313
   770640.2276018017
   709380.2393478859
   651932.0624202539
   580577.9585397665
   527509.3305972675
   854101.2922080329
   782624.5224574893
   710167.5717691841
   644085.8576942694
   582534.1517437629
   901933.8055271887
   824700.8076153159
   749559.2994009018
   693995.6502788373
   629321.3649734928
   568061.6138697974
   888811.4971467140
   811046.6707205327
   732305.4606180832
   669718.7943288764
   594978.2947222103
   906361.6827701591
   821161.0375369934
   751978.0743881838
   685849.5181186518
   614694.2384824889
   553420.8468134702
   842954.2126639279
   767512.7329858434
   702188.6237342701
   633730.5798576212
   560870.5605086881
   840584.8294785019
   770386.6263414738
   701499.6535516388
   632247.8127399026
   568299.8070949414
   503887.8001119494
   740170.2400041586
   691970.6247725216
   638124.6134729417
   579244.4633853894
   511113.1029315856
   750161.5394833268
   679263.8567871189
   619993.5288374004
   562248.6315090689
   503862.7574011415
   436617.0203199572
   621154.0984206356
   583263.3382615575
   553570.8163841054
   520175.0905950542
   470605.2142060251
   411111.2829869564
   561214.3439038242
   511337.6394028942
   484764.5495100070
   445774.7238630130
   391922.3078808120
   524795.7928087852
   463275.0677922090
   437206.3113224593
   399693.7487346779
   350329.9278025747
   301328.1599120891
   384993.3446284275
   341032.9718287325
   304732.6125337528
   267787.7960277107
   237291.3819298965
   317429.9479202167
   289201.2582729051
   234039.1372884519
   205665.2314290700
   186250.9905449028
   171645.7102892484
   216000.8449169200
   180002.2456522388
   151344.0087106055
   128884.5634924292
   113004.0115996464
   145360.5852265403
   124562.2567224342
   108606.9997874081
    89325.8380127796
    80218.7665596816
    70520.0975232034
    97648.0424552783
    86187.0038063426
    62394.9973279298
    52636.3532096750
    44993.8885192655
    64660.1636738384
    49640.7147969042
    42509.3788760625
    36470.4996391396
    31179.5781421642
    26581.4443811752
    36672.2131433599
    32275.7592124964
    27649.0618062495
    23709.3224069410
    18443.4285268415
    15271.9328349314
    21269.7112309805
    18350.5513905148
    15420.3925155037
    12773.7047124801
    10547.8349420224
    13572.8412528165
    11653.1221606490
     9784.4346376174
     8709.5411158879
     7374.3580519413
     6299.4312771883
     8343.2057459110
     7369.1554936465
     6395.6021068261
     5522.7935410377
     4695.1409796638
     5596.4916802273
     4876.0023171270
     4215.5816169351
     3654.6361351360
     3203.4360300941
     2815.2479875684
     3462.9345924009
     3152.3551595213
     2857.9016571263
     2603.6631720778
     2383.8064093086
     2933.1287213392
     2738.7122394421
     2529.4219353437
     2308.3827410984
     2086.1339165396
     1880.1144817501
     2358.9483510053
     2200.2576620449
     2055.0502993229
     1919.3610888556
     1795.3332432631
     2357.7616814847
     2238.1390254137
     2118.2621192218
     2004.7180771198
     1899.9652437011
     1796.1315111168
     2358.0837807285
     2225.7377280848
     2093.7643240318
     1975.7662255554
     1856.6556974942
     1735.0168373104
     2289.3291729999
     2167.6490905773
     2045.9702605533
     1924.2923833678
     1802.6126243722
     2356.9256495522
     2235.2461162782
     2113.5678836775
     1991.8906361288
     1870.2137658084
     1748.5342594815
     2302.8481051185
     2181.1677518034
     2059.4886950797
     1937.8109921760
     1816.1304499185
     2371.1964817249
     2248.7654288248
     2127.0867002697
     2005.4094121188
     1883.7329894085
     1762.0534527724
     2316.3685143529
     2194.6871607976
     2073.0078000345
     1951.3300603687
     1829.6497169340
     2386.9704122616
     2262.2845642110
     2140.6062592240
     2018.9292790953
     1897.2523617032
     1775.5715279559
     2329.8876855605
     2208.2068810519
     2086.5275583552
     1964.8492107173
     1843.1679620294
     2402.7435299961
     2275.8045386264
     2154.1252314773
     2032.4482114088
     1910.7712838433
     1789.0904772887
     2343.4074344971
     2221.7259135523
     2100.0469151702
     1978.3705212048
     1856.6934319250
     1735.0127330374
     2289.3294241001
     2167.6474577545
     2045.9678941834
     1924.2896002858
     1802.6086810836
     2356.9264131630
     2235.2450757170
     2113.5669136239
     1991.8900098730
     1870.2122137324
     1748.5318766894
     2302.8489668576
     2181.1670432713
     2059.4881231371
     1937.8096010252
     1816.1287627625
     2371.1980470004
     2248.7659170065
     2127.0869591100
     2005.4098863827
     1883.7324948120
     1762.0517529258
     2316.3692962323
     2194.6880005197
     2073.0082740540
     1951.3296231711
     1829.6486916960
     2386.9721280280
     2262.2862620113
     2140.6072277782
     2018.9301244139
     1897.2525654694
     1775.5715363169
     2329.8893369734
     2208.2074828230
     2086.5277712899
     1964.8491521501
     1843.1678217969
     2402.7446222186
     2275.8051529973
     2154.1260020400
     2032.4490588773
     1910.7714738457
     1789.0903836642
     2343.4082530144
     2221.7267705130
     2100.0476865890
     1978.3701203286
     1856.6931876783
     1735.0120413630
     2289.3294326544
     2167.6470908004
     2045.9676667715
     1924.2893128650
     1802.6078955841
     2356.9269394607
     2235.2458720659
     2113.5674248308
     1991.8905844641
     1870.2129059885
     1748.5306660094
     2302.8486648712
     2181.1664588732
     2059.4872706423
     1937.8090078149
     1816.1272312647
     2371.1976048771
     2248.7651837307
     2127.0868516314
     2005.4097088327
     1883.7320521867
     1762.0506013600
     2316.3688575419
     2194.6861280264
     2073.0069130105
     1951.3287421733
     1829.6474719730
     2386.9711007035
     2262.2843816078
     2140.6063864097
     2018.9296844303
     1897.2513231996
     1775.5691659610
     2329.8877062716
     2208.2062329004
     2086.5270344978
     1964.8480186540
     1843.1662096982
     2402.7439022488
     2275.8045920986
     2154.1252033799
     2032.4481568300
     1910.7702477471
     1789.0886200518
     2343.4075337940
     2221.7256175250
     2100.0467692638
     1978.3702396265
     1856.6924077348
     1735.0112298958
     2289.3293811620
     2167.6469169054
     2045.9670215560
     1924.2883390711
     1802.6074097804
     2356.9269096764
     2235.2451999617
     2113.5668601987
     1991.8894299782
     1870.2109222547
     1748.5306744514
     2302.8490223418
     2181.1666295228
     2059.4873191173
     1937.8083293383
     1816.1277380765
     2371.1983363384
     2248.7661671817
     2127.0866755937
     2005.4091292662
     1883.7313673851
     1762.0506263891
     2316.3692360404
     2194.6877222583
     2073.0073760381
     1951.3284854069
     1829.6477745117
     2386.9724856240
     2262.2863242309
     2140.6068431419
     2018.9295142733
     1897.2514012045
     1775.5701820452
     2329.8891872072
     2208.2068251835
     2086.5269010030
     1964.8483000870
     1843.1665569764
     2402.7445812832
     2275.8050150907
     2154.1257086945
     2032.4491259079
     1910.7708057318
     1789.0888923415
     2343.4077392904
     2221.7261540891
     2100.0477304642
     1978.3704416002
     1856.6928953036
     1735.0102279658
     2289.3285828434
     2167.6464032238
     2045.9678254149
     1924.2896285224
     1802.6059412621
     2356.9259520440
     2235.2454610386
     2113.5683067339
     1991.8920469911
     1870.2135151895
     1748.5274424112
     2302.8468304976
     2181.1659904865
     2059.4888903891
     1937.8107568439
     1816.1237327299
     2371.1952018179
     2248.7649717789
     2127.0890377756
     2005.4123108815
     1883.7340949909
     1762.0452425828
     2316.3657132170
     2194.6862626029
     2073.0104468500
     1951.3354987168
     1829.6600647447
     1707.9838960137
        0.0000000000
        0.0000000000
        0.0000000000
      696.1304885828
   261939.2465242939
   251176.1977914697
   226208.3726775296
   201849.1814297430
   170259.1564904456
   396844.9726537006
   348244.9811955301
   312127.4547301977
   290302.5361491452
   261359.8814935126
   548165.3236027880
   474046.6917829444
   423058.2625977367
   389343.6058245516
   360628.5486144756
   327875.2573156158
   626109.0888627863
   561639.7475873803
   504232.2977381196
   458560.4553431798
   404786.7165647985
   359836.5033604036
   657236.8070403093
   586884.5612107571
   516966.3800536822
   453094.3274618703
   392866.8611210416
   690637.1481810949
   611175.7954745265
   537231.8547754678
   480433.7330470791
   428265.1131159134
   377574.7083084579
   688673.3434727610
   613251.4686472618
   537054.0677331901
   471390.6702000686
   408413.0787890439
   717107.9813649291
   645755.1805191244
   567400.8293968881
   502136.0527459505
   448564.0389186298
   395201.0939874710
   702277.7025425555
   645851.9728264965
   570106.3882908726
   497884.9370055321
   427723.8574593170
   734931.9793856225
   663253.1515491052
   588091.0399741645
   519681.9482727792
   462658.1946704788
   406940.9780692024
   707378.7094134816
   640188.6537399839
   575788.7988368660
   503154.0478771799
   424066.5085538930
   706866.8299699135
   648873.2126602313
   575088.1751811963
   516088.0316574273
   460146.8499999162
   411707.6245923041
   646441.3734832826
   612817.5193122374
   571228.9357009801
   505675.7450407680
   448821.5762013510
   404275.0928864550
   611873.0743474915
   575142.8031323823
   522078.9500040399
   455992.8301863698
   392984.2864403644
   577926.3719355388
   547314.1034293126
   513505.6800676865
   454220.6772521285
   380061.3434894428
   332429.5429032380
   503962.6373707798
   472761.4919664969
   435270.7944124133
   397743.6409479869
   364064.2302079481
   559456.1502015188
   500186.9332361064
   419913.0615284811
   370225.7992706402
   334037.1061708999
   304883.6792512905
   448769.9944353749
   392131.8700172755
   339085.3285767888
   296111.9433200436
   262748.4856283619
   369243.8962446097
   326515.0302474234
   289365.2837452964
   244920.9684684896
   220821.9164071953
   194540.3151689317
   275138.1939704911
   241943.4691962269
   194223.8365904360
   163624.2351016422
   141270.0137505043
   204607.3392775175
   171710.7849853130
   146203.2663958548
   123144.2321536997
   103055.8444935682
    85771.1996422204
   126046.9173450171
   110246.4433003444
    94926.7269854027
    82394.1680725644
    66616.5148765112
    56784.4470816917
    84082.4289889657
    75188.0984183367
    65811.0016000488
    56434.6622091502
    47624.5783884232
    64847.1367862862
    56842.6149629764
    48617.2448979416
    43099.5391328055
    36256.7878392821
    30220.1536261597
    41997.7046176386
    36073.4012048141
    30057.2688521565
    25400.9901405692
    21186.8546791395
    29644.3056449648
    26020.8199469150
    22668.4915549637
    19796.8443104411
    17214.8156839863
    15283.9341507604
    21333.0524296049
    19330.0288462878
    17298.5358484928
    15312.4141417290
    13389.3687401542
    17197.7475315208
    15410.6672151248
    13571.9416243185
    11732.8088445874
    10022.8649819601
     8466.2495890885
    10675.7025117624
     9458.8626196502
     8294.7656907321
     7289.6071400061
     6392.1443475606
     8003.2854305231
     7200.0613949261
     6371.3380106997
     5595.2374719858
     4884.0244783816
     4261.3533794909
     4977.6122751179
     4512.4198493693
     4055.4559864688
     3646.0295819857
     3279.6028957352
     2941.5477686319
     3329.7806205331
     3053.9722048372
     2778.2212940874
     2500.5246954496
     2242.0323076555
     2685.6271722883
     2484.0795867477
     2306.3529705391
     2154.1804349510
     2007.3133850897
     1851.8156890684
     2345.4560148822
     2187.6472874981
     2061.1964929361
     1953.6350598894
     1839.2576543381
     2388.4634718949
     2254.3562808896
     2123.9203208838
     2001.3921054520
     1881.0130959935
     1760.2819411047
     2315.7923308651
     2194.6486170242
     2073.0144547487
     1951.3359219016
     1829.6558841841
     2386.9765734689
     2262.2907780647
     2140.6113223435
     2018.9334824500
     1897.2561719711
     1775.5763921383
     2329.8929261587
     2208.2121878092
     2086.5327701717
     1964.8543407173
     1843.1733015544
     2402.7480956681
     2275.8093211190
     2154.1297378545
     2032.4518841215
     1910.7748486431
     1789.0946398433
     2343.4120427072
     2221.7307942729
     2100.0514502547
     1978.3742084781
     1856.6971824907
     1735.0167611616
     2289.3339753217
     2167.6523889021
     2045.9727408480
     1924.2943178453
     1802.6130034674
     2356.9303154267
     2235.2492144972
     2113.5708535547
     1991.8935061907
     1870.2159240896
     1748.5356009342
     2302.8532525556
     2181.1717721643
     2059.4928402341
     1937.8142498505
     1816.1329527998
     2371.2021286015
     2248.7703175643
     2127.0912673068
     2005.4136452493
     1883.7362206422
     1762.0555673604
     2316.3738372388
     2194.6929764548
     2073.0133613576
     1951.3343761596
     1829.6528716470
     2386.9763543120
     2262.2908364203
     2140.6117874331
     2018.9340611971
     1897.2564749521
     1775.5757261284
     2329.8945762534
     2208.2128574599
     2086.5330485976
     1964.8540221319
     1843.1720390417
     2402.7492708712
     2275.8102531469
     2154.1306699345
     2032.4529525414
     1910.7751264774
     1789.0943930202
     2343.4133976803
     2221.7321396737
     2100.0526341784
     1978.3739012820
     1856.6966588388
     1735.0159240580
     2289.3345373278
     2167.6523597295
     2045.9724117132
     1924.2932420915
     1802.6114438457
     2356.9315627494
     2235.2508222698
     2113.5719239633
     1991.8941953076
     1870.2163213747
     1748.5344666089
     2302.8539379256
     2181.1717452584
     2059.4917962269
     1937.8126777655
     1816.1306616029
     2371.2025426991
     2248.7703172724
     2127.0912003456
     2005.4131933292
     1883.7354605631
     1762.0544087812
     2316.3744125051
     2194.6914942281
     2073.0113628614
     1951.3323028634
     1829.6509086336
     2386.9764131503
     2262.2895953289
     2140.6108569089
     2018.9332450035
     1897.2547306727
     1775.5726431783
     2329.8932708711
     2208.2116423622
     2086.5315801028
     1964.8515773494
     1843.1693020110
     2402.7493581600
     2275.8099640207
     2154.1297589723
     2032.4517174605
     1910.7734632552
     1789.0917539057
     2343.4132188299
     2221.7311112029
     2100.0513751027
     1978.3739209492
     1856.6956100406
     1735.0142296701
     2289.3350503154
     2167.6523605949
     2045.9715431935
     1924.2916812909
     1802.6099698150
     2356.9322705941
     2235.2505688595
     2113.5715670019
     1991.8931587940
     1870.2139806797
     1748.5333710201
     2302.8547782457
     2181.1721980893
     2059.4920284254
     1937.8117945779
     1816.1303040683
     2371.2041275016
     2248.7720005595
     2127.0915646305
     2005.4129372762
     1883.7345582520
     1762.0533628005
     2316.3754570320
     2194.6937540066
     2073.0122047682
     1951.3319545114
     1829.6502885155
     2386.9788597040
     2262.2924695916
     2140.6118394959
     2018.9334189758
     1897.2547829498
     1775.5730583261
     2329.8959939180
     2208.2128758543
     2086.5315319255
     1964.8518368128
     1843.1690484048
     2402.7514141994
     2275.8111686303
     2154.1303352284
     2032.4529625203
     1910.7742801027
     1789.0917803319
     2343.4148565887
     2221.7321146891
     2100.0522403200
     1978.3741379289
     1856.6964576481
     1735.0130091158
     2289.3355606629
     2167.6517978900
     2045.9717616704
     1924.2929547060
     1802.6081489315
     2356.9329521362
     2235.2510494006
     2113.5728656462
     1991.8964310749
     1870.2175956634
     1748.5296788019
     2302.8536673373
     2181.1711071254
     2059.4931274780
     1937.8146864870
     1816.1254849082
     2371.2019597276
     2248.7703518146
     2127.0940640054
     2005.4172705148
     1883.7385119272
     1762.0467390639
     2316.3722388360
     2194.6914604223
     2073.0155989914
     1951.3408598350
     1829.6654457787
     1707.9891148354
        0.0000000000
        0.0000000000
        0.0000000000
      696.1304885828
   106898.5752484435
    99210.3872971888
    90340.0732436928
    80515.9014112596
    65471.2914055143
   162135.6259743549
   144879.6766296134
   136735.7114154960
   129488.1092154888
   113249.6883168423
   280695.2030622422
   237266.2537249741
   210230.6130843404
   198174.2094256498
   186267.4801590063
   166912.2862593146
   391358.4700471066
   340613.1267273833
   298881.4612051019
   269242.9174099231
   237372.2745109095
   208830.4008993006
   455658.8734207847
   396714.1108719727
   337160.6321871321
   290026.6026313176
   249347.4903725517
   511725.8789919333
   447664.0409126207
   382425.1848683662
   333189.4593984680
   293159.6263555947
   258320.7023559930
   528859.5119813111
   469008.6089592079
   402358.1568583172
   345753.6633278924
   298961.6207673735
   566980.0168521282
   508246.0601977869
   437228.6734424494
   378796.4813351359
   337312.1334137028
   297309.9637442759
   565000.7658976939
   521193.3846513814
   455215.4605746537
   396348.1345633270
   344663.1192939296
   612865.9233861992
   555537.2082562078
   493391.9729627487
   436353.5262507840
   390509.1277359201
   351189.7505305125
   617368.8865294761
   554616.6666609377
   499421.1311310024
   443671.8664327969
   377068.1585642695
   613957.0349600776
   570277.6991086311
   502096.8771868426
   450104.1591095019
   395923.2372882096
   364051.0626695435
   586714.4893378118
   536365.6684968718
   496384.6212738786
   441341.9981654597
   392300.6114146294
   365901.0437051873
   566042.4625139285
   511003.1102314705
   455566.4144538821
   407393.6785255093
   368684.0010888636
   554588.6089493207
   503847.3388762533
   476089.8311142367
   435836.4082378777
   377404.5520500432
   330908.4715386092
   526593.7683818010
   479182.1111557007
   427394.1460784771
   381374.5649302120
   341881.6123743437
   604774.9960219632
   547206.5911782947
   485785.3115096614
   441073.4731621653
   395880.0205170991
   350495.6760474814
   558342.5384659090
   487894.2722270752
   420048.0267139686
   361980.8909590904
   305567.5069260047
   456707.0538962631
   406374.3192008588
   362141.5230174618
   317393.9026130233
   282972.5797637497
   247860.9500568449
   382784.7032509024
   342087.1839551677
   292489.7298664980
   254503.6364230128
   218211.0943680496
   335109.3910279529
   295706.8229268683
   259937.4993932440
   228292.1788096066
   200726.3270740932
   175683.7988058942
   265182.8378662399
   244352.2292471243
   219092.8411114310
   195806.4133080684
   166722.1805978634
   144092.5506313351
   205142.4429647591
   184089.6006221724
   159637.6572413490
   137126.1435594192
   116125.9894684824
   160945.6993046466
   146997.8613602428
   129682.3288506479
   115138.4687548247
   100309.4605531500
    86802.5010430836
   121596.2952424529
   111319.4265263436
    98181.3813692263
    85591.2198215438
    72974.9297238671
   100054.3883344339
    90480.8751885314
    79212.2944040793
    69597.5029940760
    60846.9629335539
    52964.4264074703
    75083.7380805799
    69068.7867908646
    61236.3646008465
    53685.8053740043
    46435.9161095567
    61485.7851107937
    55756.1593989415
    48912.7660562736
    42468.3263576935
    36395.4388443781
    30807.7922159788
    40534.6031550488
    35370.5643511832
    30061.2749672690
    25129.6162659631
    20564.5962998701
    27419.8513710565
    23965.6939424869
    20279.8185003395
    17454.1662365566
    15123.3886619646
    13492.2270159238
    19787.4527857420
    17672.9146280568
    16099.5896083983
    14123.5354952080
    12414.5328647171
    11102.5024615331
    15373.0062004404
    13916.7888738665
    12366.2358051401
    10886.5629428684
     9549.6667165935
    11693.7337137677
    10570.7620518724
     9603.1479566767
     8692.1674759791
     7676.2394024369
     6795.6116226820
     8169.3339102008
     7343.3311029878
     6575.3407486211
     5794.7973307963
     5091.6326536870
     6393.4979699637
     5727.1693643331
     4754.9134364197
     4111.8347975536
     3535.6168237900
     3038.2930905631
     3466.9058100000
     3050.1200456194
     2736.2340064688
     2470.5757632602
     2247.9965114829
     2631.9184140964
     2405.8504297564
     2227.2625613113
     2031.1893627893
     1873.4985038173
     1727.1851637054
     2263.1083995698
     2152.2675941016
     2048.2054688914
     1937.0761982360
     1823.4313024931
     2395.6088640892
     2275.7601063928
     2154.1383643479
     2032.4585161418
     1910.7801283937
     1789.1007081413
     2343.4167674798
     2221.7363679147
     2100.0569415219
     1978.3785862451
     1856.7009193075
     1735.0218489445
     2289.3380801147
     2167.6575468664
     2045.9778982135
     1924.2989936247
     1802.6187462049
     2356.9342494411
     2235.2539366758
     2113.5751595714
     1991.8969811790
     1870.2191406464
     1748.5399609605
     2302.8566177685
     2181.1762743649
     2059.4972411305
     1937.8184335240
     1816.1381114199
     2371.2056926399
     2248.7748867952
     2127.0956432619
     2005.4173470452
     1883.7395373267
     1762.0598780629
     2316.3773346303
     2194.6975649657
     2073.0179329110
     1951.3388547463
     1829.6580244985
     2386.9800153592
     2262.2955537884
     2140.6162092784
     2018.9377849647
     1897.2599675473
     1775.5801051073
     2329.8987327211
     2208.2179464736
     2086.5380473894
     1964.8588688102
     1843.1770908086
     2402.7532141912
     2275.8154040595
     2154.1352963747
     2032.4569620793
     1910.7786640204
     1789.0985963881
     2343.4173786790
     2221.7371484089
     2100.0575137719
     1978.3779907506
     1856.7001294911
     1735.0199369364
     2289.3384689067
     2167.6573013997
     2045.9770448829
     1924.2974773840
     1802.6155752468
     2356.9351627706
     2235.2554713952
     2113.5763648459
     1991.8978866785
     1870.2195452373
     1748.5381385818
     2302.8579557519
     2181.1767353348
     2059.4963535117
     1937.8167201047
     1816.1344191130
     2371.2063087331
     2248.7751066499
     2127.0954809297
     2005.4167384021
     1883.7387184226
     1762.0579699037
     2316.3786599580
     2194.6966121721
     2073.0158905628
     1951.3362490665
     1829.6545000419
     2386.9803982303
     2262.2944633413
     2140.6152442793
     2018.9367659183
     1897.2580806763
     1775.5759350560
     2329.8974641967
     2208.2167250424
     2086.5361404188
     1964.8556027032
     1843.1725548300
     2402.7533691584
     2275.8148575290
     2154.1342476706
     2032.4552954515
     1910.7767180887
     1789.0947165303
     2343.4173835624
     2221.7361830108
     2100.0559584702
     1978.3777016357
     1856.6989436671
     1735.0170888141
     2289.3392059746
     2167.6573733904
     2045.9761530822
     1924.2955887910
     1802.6127623599
     2356.9360184977
     2235.2553742808
     2113.5761399362
     1991.8969848415
     1870.2172365859
     1748.5359180022
     2302.8589126970
     2181.1773020299
     2059.4967950940
     1937.8158870535
     1816.1330368876
     2371.2082876228
     2248.7772558810
     2127.0964389857
     2005.4168745709
     1883.7378446961
     1762.0559369299
     2316.3800838858
     2194.6993552593
     2073.0172401708
     1951.3359890769
     1829.6528904250
     2386.9835388829
     2262.2981449094
     2140.6168733177
     2018.9373209006
     1897.2582001132
     1775.5757943125
     2329.9014539826
     2208.2186608698
     2086.5363643892
     1964.8557833593
     1843.1715017392
     2402.7568360129
     2275.8170929664
     2154.1349253461
     2032.4565816203
     1910.7775581653
     1789.0945980900
     2343.4209004240
     2221.7379059098
     2100.0567097626
     1978.3774548763
     1856.6997624986
     1735.0158377973
     2289.3416705585
     2167.6570831222
     2045.9755541834
     1924.2961352396
     1802.6104160192
     2356.9390755287
     2235.2563108665
     2113.5769871636
     1991.9002735997
     1870.2214973936
     1748.5322280959
     2302.8598163801
     2181.1758836236
     2059.4968971393
     1937.8184044471
     1816.1275274554
     2371.2080223021
     2248.7752840242
     2127.0985122838
     2005.4217619251
     1883.7427947999
     1762.0485234503
     2316.3782190540
     2194.6961752820
     2073.0202971675
     1951.3458305130
     1829.6704800547
     1707.9940125118
        0.0000000000
        0.0000000000
        0.0000000000
      696.1304885828
    40403.9127905298
    37310.1736254349
    34194.9159910472
    30646.3106794498
    24936.8450838584
    62023.8016199770
    56654.3293059189
    53836.7036503145
    51274.6881921432
    44905.2114237540
   117001.0211880438
   100233.1382608596
    91250.7175181417
    87862.3770949076
    83768.2127781046
    75451.4299250461
   189845.8410103562
   166530.8852694500
   148693.7423559693
   136950.6243590646
   122643.7821401911
   109653.6730479149
   248233.0885340165
   217597.7265829405
   187381.7507669511
   163927.9322229421
   144048.7839209308
   310884.9580574716
   274519.9499960408
   238895.8553405857
   209636.6727089574
   187218.6652016977
   167615.5930097171
   349550.5624614029
   311072.1199874901
   269535.3129908465
   231711.5277548524
   204328.7980980519
   393012.7191536092
   355652.6023580179
   307100.1785264471
   268945.1826835795
   246366.5607948967
   221031.7977968516
   418385.6618051960
   387496.2309645110
   339469.9451431328
   299205.2740565557
   266822.1543575989
   472886.9872354979
   430195.9436262004
   385488.8117551990
   348260.2578552552
   315703.7292056511
   289090.5282972614
   495855.8952522200
   441598.9773628429
   402802.3496331385
   369083.0465325547
   324517.6993300863
   528724.6900126047
   498307.8033906071
   447519.1650573731
   416173.2507306130
   372563.4050963115
   348881.0122194730
   538210.1653963357
   493322.4146354258
   465426.4934797240
   420736.4695671362
   378301.2325666487
   351639.8532602817
   536589.8765031321
   490492.4388594858
   441141.4629897053
   394932.9954502191
   355561.8176624664
   557844.1325591488
   514608.1433195030
   481929.9227861768
   440371.4553908866
   391459.2867310876
   356356.0134033073
   543474.4690632186
   505169.0174214583
   467379.5547410080
   430657.2990533476
   393454.3369735050
   612633.3781791055
   567370.2757376054
   511554.5144592917
   468743.4648681865
   425333.5202266666
   380159.0029549904
   585854.1542729208
   532948.0867349023
   469076.1235530653
   405434.8254371010
   349803.1917154302
   528202.1723436068
   486206.8054326331
   437250.4792936775
   382509.5405630012
   339525.3826860145
   298537.5433617776
   448665.1295501326
   411685.9434236836
   360800.6181912418
   320534.6530779148
   281950.0137796281
   418982.2426700659
   379068.8045183591
   338948.2242939171
   302134.7177549682
   268932.3888893388
   238098.4035486604
   351104.5798645698
   321239.8434218797
   282034.3951645438
   249235.0425241705
   218625.7348606882
   193090.1547398859
   287074.0102099657
   271741.9671551574
   246765.4665035531
   222197.0267582730
   194531.5108074711
   270932.2714231201
   252895.2520821822
   225088.9875555365
   196196.4257726213
   170249.1484139502
   146877.8926872277
   208825.6997188241
   195747.5829299881
   175257.9871856393
   153593.5484704327
   133069.6582650306
   186270.4205521147
   171626.7568536019
   150508.4710842246
   131151.0294997924
   115268.6034346519
    99842.1464103684
   143235.6382841346
   132792.3468051366
   118316.3869778374
   104042.7955684149
    90027.0266751008
   125292.9575333862
   113960.0489424105
   100847.0573782807
    88528.7979454141
    77359.4766900241
    67411.0223694319
    94244.5880246501
    84583.4565475448
    75271.1298441277
    66846.9273653775
    57178.4617281761
    77390.6486561568
    71632.1414965052
    62432.9498719823
    56050.6696135689
    48862.1913424781
    43571.0519940164
    56690.1261077827
    51358.4606979824
    47192.6663880132
    41468.0843061822
    35969.4038368472
    31954.7568308582
    38692.5043328548
    34691.6017500356
    30800.0241633757
    27349.6570745772
    24068.4393529310
    28303.5789316762
    24378.5884383688
    21706.2557853305
    18937.1698169634
    15862.0406389892
    13703.1250121117
    16889.7623109977
    14642.5398151168
    12888.6126760210
    11695.7630217544
    10365.1414566498
    14632.7376241197
    12994.2392699734
    10717.1028166324
     9409.5147528745
     8319.0100718533
     7334.8728464246
     9596.8118734962
     8309.3075320520
     7245.8705599167
     6389.3791122580
     5675.4997343010
     7591.8815996281
     6652.1998583987
     5817.6423836313
     4940.0195801067
     4375.2669937940
     3888.3962339411
     5140.8059202160
     4552.3472079564
     3888.8274929691
     3464.6086898424
     3180.3942403354
     3989.2003941573
     3604.9394019194
     3224.3641039177
     2910.4714429106
     2631.6777289820
     2321.2217384760
     2707.9270004283
     2442.6173044344
     2240.7309325681
     2081.1644077761
     1915.8474979456
     1773.2055714973
     2282.3148840526
     2141.4050452101
     2017.9646636565
     1905.3841807374
     1799.0163742272
     2354.9435610086
     2271.2369407091
     2209.4308734689
     2168.6259909731
     2101.8708677113
     1972.5101462512
     2463.6377251395
     2246.3367981823
     2051.4133820629
     1924.3646690549
     1815.9607690601
     2371.2142570755
     2248.7826649520
     2127.1028602616
     2005.4238758970
     1883.7455386933
     1762.0663679118
     2316.3835955618
     2194.7032667476
     2073.0234710284
     1951.3445682254
     1829.6647116648
     2386.9868412360
     2262.3013846299
     2140.6216078016
     2018.9427958356
     1897.2646372391
     1775.5852686897
     2329.9048116985
     2208.2233425311
     2086.5434258760
     1964.8645008681
     1843.1832065242
     2402.7598188363
     2275.8210278196
     2154.1404400582
     2032.4617265225
     1910.7831917503
     1789.1033849496
     2343.4233601140
     2221.7424023696
     2100.0624307688
     1978.3825546682
     1856.7045351312
     1735.0244079650
     2289.3444247087
     2167.6624691700
     2045.9818070815
     1924.3022660229
     1802.6199948287
     2356.9410261538
     2235.2603686069
     2113.5806750683
     1991.9018846884
     1870.2235735323
     1748.5416693897
     2302.8637354787
     2181.1817531192
     2059.5009150718
     1937.8212852362
     1816.1379954949
     2371.2122111751
     2248.7799694615
     2127.0997633567
     2005.4206583876
     1883.7426086120
     1762.0609977554
     2316.3847919674
     2194.7017344443
     2073.0203968638
     1951.3406209685
     1829.6574901500
     2386.9866484614
     2262.2994019842
     2140.6195161412
     2018.9408411082
     1897.2619884048
     1775.5783368625
     2329.9035977980
     2208.2219130206
     2086.5407886072
     1964.8599237234
     1843.1748862763
     2402.7596833635
     2275.8200571632
     2154.1386291708
     2032.4593383180
     1910.7805389849
     1789.0966154306
     2343.4236209602
     2221.7414108243
     2100.0605179215
     1978.3819677633
     1856.7029270342
     1735.0189205274
     2289.3453339319
     2167.6625142779
     2045.9807041872
     1924.2997520762
     1802.6144776244
     2356.9422212786
     2235.2604861166
     2113.5808162519
     1991.9012194243
     1870.2209121370
     1748.5374006414
     2302.8650617593
     2181.1825714256
     2059.5016425913
     1937.8201550405
     1816.1346539428
     2371.2147604543
     2248.7829609268
     2127.1013653836
     2005.4211332057
     1883.7415906855
     1762.0573378185
     2316.3865621884
     2194.7053100084
     2073.0223574462
     1951.3402560785
     1829.6542774202
     2386.9903522106
     2262.3041664001
     2140.6219739775
     2018.9416342737
     1897.2619197866
     1775.5772622923
     2329.9084697449
     2208.2247952366
     2086.5413841803
     1964.8598548628
     1843.1727543974
     2402.7641067287
     2275.8233301272
     2154.1397759456
     2032.4605391961
     1910.7810956916
     1789.0961525021
     2343.4284310720
     2221.7442412496
     2100.0614109349
     1978.3810855697
     1856.7033373716
     1735.0174915907
     2289.3491634296
     2167.6628649239
     2045.9796175255
     1924.2995130572
     1802.6116042123
     2356.9466224157
     2235.2621375877
     2113.5813278229
     1991.9044145285
     1870.2256626002
     1748.5338442806
     2302.8671979264
     2181.1811261858
     2059.5009386113
     1937.8223742121
     1816.1287810272
     2371.2151928134
     2248.7806013349
     2127.1032359856
     2005.4266154426
     1883.7474034742
     1762.0497711555
     2316.3849323114
     2194.7012227031
     2073.0252962674
     1951.3511094156
     1829.6757933100
     1707.9991655734
        0.0000000000
        0.0000000000
