!------------------------------------------------------------!
  Date: 20190925
  Simulation name: BW7 
  Filename:massinchannel.txt                                                                                                       
  Produced in mod-subroutine:  massdist/massinchannel                                                                                                  
  Written by AK September 2019
  Description:Calculate mass distribution in different parts of the channel                                                           
  Data format: t Total Mass (m^3) Elutriated % Med Dense InChannel WidthChannel 0ScaleH ScaleH buoyant current                        
!------------------------------------------------------------!
   1       4368000.0000000000             0.0000000000             0.0000000000             0.0000000000             1.0000000000             1.0000000000             0.9900000000             1.0000000000             0.0000000000                      NaN                      NaN
   2      71336046.5486433655      59110775.6464410573             0.0000041576             0.0096726323             0.9903264471             0.9879003900             0.9988423958             0.9999989290             0.0000010710             0.0000754086             0.9999245914
   3     135546626.0382662416       4368000.0000000000             0.0000059916             0.0196609720             0.9803371279             0.9831752101             0.9960887346             0.9998533283             0.0001466717             0.0000000000             1.0000000000
   4     192101248.0217020512     192078480.8270899653             0.0000092263             0.0301031155             0.9698943328             0.9739926901             0.9733811167             0.9952138992             0.0047861008             0.0014366234             0.9985633766
   5     166659558.5242007971             0.0000000000             0.0000200922             0.0596153184             0.9403799577             0.9373759470             0.8718672762             0.9739759108             0.0260240892                      NaN                      NaN
   6     150587388.5204750597             0.0000000000             0.0000405218             0.1115524698             0.8884389543             0.8534961582             0.7862975484             0.9518683489             0.0481316511                      NaN                      NaN
   7     143264139.0016033649             0.0000000000             0.0000709752             0.1745578925             0.8254282587             0.8906367015             0.8191310363             0.9664223282             0.0335776718                      NaN                      NaN
   8     143939919.5673596263             0.0000000000             0.0001084612             0.2471287965             0.7528510531             0.8359892099             0.8298901384             0.9129594793             0.0870405207                      NaN                      NaN
