!------------------------------------------------------------!
  Date: 20191203
  Simulation name: BWX4 
  Filename:transect.txt                                                                                                                                          
  Produced in mod-subroutine:  massdist/massinchannel                                                                                                                                
  Written by AK September 2019
  Description: Transects from channel sides to edges                                                                                                                
  Data format:300 EPP, 600 EPP, 900 EPP, 300 TG, 600 TG, 900 TG, 300 DPU, 600 DPU, 900 DPu                                                                          
!------------------------------------------------------------!
       14.00035       -0.00000        1.84352      273.00000        0.00000      799.83798        0.00000        0.00000     6593.52583       14.00035       -0.00000        1.84352      273.00000        0.00000      799.83798        0.00000        0.00000     6593.52583
       14.00035       -0.00000        1.84099      273.00000        0.00000      799.83976        0.00000        0.00000     2434.55785       14.00035       -0.00000        1.89232      273.00000        0.00000      799.81010        0.00000        0.00000     8674.35080
       14.00035       -0.00000       -0.00000      273.00000        0.00000        0.00000        0.00000        0.00000        0.00000       14.00035       -0.00000        1.94959      273.00000        0.00000      799.79137        0.00000        0.00000     7329.02109
       14.00035       -0.00000       -0.00000      273.00000        0.00000        0.00000        0.00000        0.00000        0.00000       14.00035       -0.00000        2.24385      273.00000        0.00000      798.59692        0.00000        0.00000     5462.68492
       14.00035       -0.00000       -0.00000      273.00000        0.00000        0.00000        0.00000        0.00000        0.00000       14.00035       -0.00000        3.31158      273.00000        0.00000      791.58994        0.00000        0.00000     3249.27826
       14.00035       -0.00000       -0.00000      273.00000        0.00000        0.00000        0.00000        0.00000        0.00000       14.00035       -0.00000        3.31262      273.00000        0.00000      783.05496        0.00000        0.00000     1532.14448
       14.00035       -0.00000       -0.00000      273.00000        0.00000        0.00000        0.00000        0.00000        0.00000       14.00035       -0.00000        3.23722      273.00000        0.00000      787.19868        0.00000        0.00000     1165.80662
       14.00035       -0.00000       -0.00000      273.00000        0.00000        0.00000        0.00000        0.00000        0.00000       14.00035       -0.00000        2.63937      273.00000        0.00000      792.07098        0.00000        0.00000     1583.14734
       14.00035       -0.00000       -0.00000      273.00000        0.00000        0.00000        0.00000        0.00000        0.00000       14.00035       -0.00000        2.61666      273.00000        0.00000      786.48435        0.00000        0.00000     2674.19161
       14.00035       -0.00000       -0.00000      273.00000        0.00000        0.00000        0.00000        0.00000        0.00000       14.00035       -0.00000        2.86350      273.00000        0.00000      798.73844        0.00000        0.00000     6109.33010
       14.00035       -0.00000       -0.00000      273.00000        0.00000        0.00000        0.00000        0.00000        0.00000       14.00035       -0.00000        3.03583      273.00000        0.00000      798.67392        0.00000        0.00000     7699.39822
       14.00035       -0.00000       -0.00000      273.00000        0.00000        0.00000        0.00000        0.00000        0.00000       14.00035       -0.00000        3.33229      273.00000        0.00000      797.84579        0.00000        0.00000     8098.79546
       14.00035       -0.00000       -0.00000      273.00000        0.00000        0.00000        0.00000        0.00000        0.00000       14.00035       -0.00000        3.91547      273.00000        0.00000      796.72859        0.00000        0.00000     6513.34697
       14.00035       -0.00000       -0.00000      273.00000        0.00000        0.00000        0.00000        0.00000        0.00000       14.00035       -0.00000        4.06338      273.00000        0.00000      790.72709        0.00000        0.00000     3356.53330
       14.00035       -0.00000       -0.00000      273.00000        0.00000        0.00000        0.00000        0.00000        0.00000       14.00035       -0.00000        3.94718      273.00000        0.00000      754.89882        0.00000        0.00000      855.24701
       14.00035       -0.00000       -0.00000      273.00000        0.00000        0.00000        0.00000        0.00000        0.00000       14.00035       -0.00000        3.72588      273.00000        0.00000      648.15078        0.00000        0.00000       63.16316
       14.00035       -0.00000       -0.00000      273.00000        0.00000        0.00000        0.00000        0.00000        0.00000       14.00035       -0.00000        3.82024      273.00000        0.00000      558.60147        0.00000        0.00000       66.07660
       14.00035       -0.00000       -0.00000      273.00000        0.00000        0.00000        0.00000        0.00000        0.00000       14.00035       -0.00000        3.89070      273.00000        0.00000      591.66873        0.00000        0.00000       75.68158
       14.00035       -0.00000       -0.00000      273.00000        0.00000        0.00000        0.00000        0.00000        0.00000       14.00035       -0.00000        3.92241      273.00000        0.00000      592.53065        0.00000        0.00000       90.26777
       14.00035       -0.00000       -0.00000      273.00000        0.00000        0.00000        0.00000        0.00000        0.00000       14.00035       -0.00000        3.97851      273.00000        0.00000      581.90700        0.00000        0.00000      107.69186
       14.00035       -0.00000       -0.00000      273.00000        0.00000        0.00000        0.00000        0.00000        0.00000       14.00035       -0.00000        4.56303      273.00000        0.00000      566.31192        0.00000        0.00000      109.50901
       14.00035       -0.00000       -0.00000      273.00000        0.00000        0.00000        0.00000        0.00000        0.00000       14.00035       -0.00000        4.77659      273.00000        0.00000      486.77864        0.00000        0.00000       90.61192
       14.00035       -0.00000       -0.00000      273.00000        0.00000        0.00000        0.00000        0.00000        0.00000       14.00035       -0.00000        4.76542      273.00000        0.00000      397.75950        0.00000        0.00000       65.70865
       14.00035       -0.00000       -0.00000      273.00000        0.00000        0.00000        0.00000        0.00000        0.00000       14.00035       -0.00000        4.76214      273.00000        0.00000      371.41097        0.00000        0.00000       56.45324
       14.00035       -0.00000       -0.00000      273.00000        0.00000        0.00000        0.00000        0.00000        0.00000       14.00035       -0.00000        4.38099      273.00000        0.00000      353.48342        0.00000        0.00000       50.70350
       14.00035       -0.00000       -0.00000      273.00000        0.00000        0.00000        0.00000        0.00000        0.00000       14.00035       -0.00000        4.18114      273.00000        0.00000      349.75785        0.00000        0.00000       41.56372
       14.00035       -0.00000       -0.00000      273.00000        0.00000        0.00000        0.00000        0.00000        0.00000       14.00035       -0.00000        4.32041      273.00000        0.00000      367.57206        0.00000        0.00000       30.29376
       14.00035       -0.00000       -0.00000      273.00000        0.00000        0.00000        0.00000        0.00000        0.00000       14.00035       -0.00000        4.53059      273.00000        0.00000      349.80887        0.00000        0.00000       18.46588
       14.00035       -0.00000       -0.00000      273.00000        0.00000        0.00000        0.00000        0.00000        0.00000       14.00035       -0.00000        4.71770      273.00000        0.00000      321.24886        0.00000        0.00000       12.03463
       14.00035       -0.00000       -0.00000      273.00000        0.00000        0.00000        0.00000        0.00000        0.00000       14.00035       -0.00000        4.80214      273.00000        0.00000      307.57558        0.00000        0.00000       10.44622
       14.00035       -0.00000       -0.00000      273.00000        0.00000        0.00000        0.00000        0.00000        0.00000       14.00035       -0.00000        4.84539      273.00000        0.00000      303.88783        0.00000        0.00000        9.96487
       14.00035       -0.00000       -0.00000      273.00000        0.00000        0.00000        0.00000        0.00000        0.00000       14.00035       -0.00000        4.84682      273.00000        0.00000      296.27314        0.00000        0.00000        7.94706
       14.00035       -0.00000       -0.00000      273.00000        0.00000        0.00000        0.00000        0.00000        0.00000       14.00035       -0.00000        4.90776      273.00000        0.00000      284.58887        0.00000        0.00000        8.75024
       14.00035       -0.00000       -0.00000      273.00000        0.00000        0.00000        0.00000        0.00000        0.00000       14.00035       -0.00000        5.00691      273.00000        0.00000      281.59410        0.00000        0.00000        6.91520
       14.00035       -0.00000       -0.00000      273.00000        0.00000        0.00000        0.00000        0.00000        0.00000       14.00035       -0.00000        5.24271      273.00000        0.00000      279.36392        0.00000        0.00000        3.59247
       14.00035       -0.00000       -0.00000      273.00000        0.00000        0.00000        0.00000        0.00000        0.00000       14.00035       -0.00000        5.41286      273.00000        0.00000      277.00747        0.00000        0.00000        2.75746
       14.00035       -0.00000       -0.00000      273.00000        0.00000        0.00000        0.00000        0.00000        0.00000       14.00035       -0.00000        5.54082      273.00000        0.00000      275.71435        0.00000        0.00000        2.67528
       14.00035       -0.00000       -0.00000      273.00000        0.00000        0.00000        0.00000        0.00000        0.00000       14.00035       -0.00000        5.61242      273.00000        0.00000      281.42353        0.00000        0.00000        7.29488
       14.00035       -0.00000       -0.00000      273.00000        0.00000        0.00000        0.00000        0.00000        0.00000       14.00035       -0.00000        5.62948      273.00000        0.00000      291.88286        0.00000        0.00000       15.24465
       14.00035       -0.00000       -0.00000      273.00000        0.00000        0.00000        0.00000        0.00000        0.00000       14.00035       -0.00000        5.16573      273.00000        0.00000      299.84343        0.00000        0.00000       20.83151
       14.00035       -0.00000       -0.00000      273.00000        0.00000        0.00000        0.00000        0.00000        0.00000       14.00035       -0.00000        4.88618      273.00000        0.00000      303.49875        0.00000        0.00000       23.70622
       14.00035       -0.00000       -0.00000      273.00000        0.00000        0.00000        0.00000        0.00000        0.00000       14.00035       -0.00000        4.72952      273.00000        0.00000      301.67105        0.00000        0.00000       22.77269
       14.00035       -0.00000       -0.00000      273.00000        0.00000        0.00000        0.00000        0.00000        0.00000       14.00035       -0.00000        4.70775      273.00000        0.00000      298.60895        0.00000        0.00000       20.33291
       14.00035       -0.00000       -0.00000      273.00000        0.00000        0.00000        0.00000        0.00000        0.00000       14.00035       -0.00000        5.03341      273.00000        0.00000      294.33922        0.00000        0.00000       16.71719
       14.00035       -0.00000       -0.00000      273.00000        0.00000        0.00000        0.00000        0.00000        0.00000       14.00035       -0.00000        6.68507      273.00000        0.00000      289.02644        0.00000        0.00000       12.54950
       14.00035       -0.00000       -0.00000      273.00000        0.00000        0.00000        0.00000        0.00000        0.00000       14.00035       -0.00000        7.51542      273.00000        0.00000      286.95441        0.00000        0.00000       10.54269
       14.00035       -0.00000       -0.00000      273.00000        0.00000        0.00000        0.00000        0.00000        0.00000       14.00035       -0.00000        7.99023      273.00000        0.00000      288.99408        0.00000        0.00000       11.36537
       14.00035       -0.00000       -0.00000      273.00000        0.00000        0.00000        0.00000        0.00000        0.00000       14.00035       -0.00000        7.43146      273.00000        0.00000      292.87377        0.00000        0.00000       13.26609
       14.00035       -0.00000       -0.00000      273.00000        0.00000        0.00000        0.00000        0.00000        0.00000       14.00035       -0.00000        5.54084      273.00000        0.00000      285.08263        0.00000        0.00000        7.86655
       14.00035       -0.00000       -0.00000      273.00000        0.00000        0.00000        0.00000        0.00000        0.00000       14.00035       -0.00000        5.64238      273.00000        0.00000      288.87149        0.00000        0.00000        4.43490
       14.00035       -0.00000       -0.00000      273.00000        0.00000        0.00000        0.00000        0.00000        0.00000       14.00035       -0.00000        6.17288      273.00000        0.00000      309.67090        0.00000        0.00000       10.14541
       14.00035       -0.00000       -0.00000      273.00000        0.00000        0.00000        0.00000        0.00000        0.00000       14.00035       -0.00000        5.55459      273.00000        0.00000      317.78785        0.00000        0.00000       10.70709
       14.00035       -0.00000       -0.00000      273.00000        0.00000        0.00000        0.00000        0.00000        0.00000       14.00035       -0.00000        5.03370      273.00000        0.00000      310.00196        0.00000        0.00000        8.88074
       14.00035       -0.00000       -0.00000      273.00000        0.00000        0.00000        0.00000        0.00000        0.00000       14.00035       -0.00000        4.78341      273.00000        0.00000      300.44085        0.00000        0.00000        8.35649
       14.00035       -0.00000       -0.00000      273.00000        0.00000        0.00000        0.00000        0.00000        0.00000       14.00035       -0.00000        4.58744      273.00000        0.00000      297.29491        0.00000        0.00000       12.99982
       14.00035       -0.00000       -0.00000      273.00000        0.00000        0.00000        0.00000        0.00000        0.00000       14.00035       -0.00000        4.87354      273.00000        0.00000      315.07209        0.00000        0.00000       20.97567
       14.00035       -0.00000       -0.00000      273.00000        0.00000        0.00000        0.00000        0.00000        0.00000       14.00035       -0.00000        5.05159      273.00000        0.00000      332.19348        0.00000        0.00000       27.32607
       14.00035       -0.00000       -0.00000      273.00000        0.00000        0.00000        0.00000        0.00000        0.00000       14.00035       -0.00000        4.96629      273.00000        0.00000      335.29972        0.00000        0.00000       24.22854
       14.00035       -0.00000       -0.00000      273.00000        0.00000        0.00000        0.00000        0.00000        0.00000       14.00035       -0.00000        5.03146      273.00000        0.00000      340.61279        0.00000        0.00000       19.81231
       14.00035       -0.00000       -0.00000      273.00000        0.00000        0.00000        0.00000        0.00000        0.00000       14.00035       -0.00000        5.64924      273.00000        0.00000      370.21026        0.00000        0.00000       22.73303
       14.00035       -0.00000       -0.00000      273.00000        0.00000        0.00000        0.00000        0.00000        0.00000       14.00035       -0.00000        6.33166      273.00000        0.00000      391.76755        0.00000        0.00000       23.44597
       14.00035       -0.00000       -0.00000      273.00000        0.00000        0.00000        0.00000        0.00000        0.00000       14.00035       -0.00000        7.05007      273.00000        0.00000      354.64604        0.00000        0.00000       14.34379
       14.00035       -0.00000       -0.00000      273.00000        0.00000        0.00000        0.00000        0.00000        0.00000       14.00035       -0.00000       14.00035      273.00000        0.00000      309.15136        0.00000        0.00000        6.67138
       14.00035       -0.00000       -0.00000      273.00000        0.00000        0.00000        0.00000        0.00000        0.00000       14.00035       -0.00000       14.00035      273.00000        0.00000      304.40835        0.00000        0.00000        6.45183
       14.00035       -0.00000       -0.00000      273.00000        0.00000        0.00000        0.00000        0.00000        0.00000       14.00035       -0.00000       14.00035      273.00000        0.00000      321.90646        0.00000        0.00000        8.85735
       14.00035       -0.00000       -0.00000      273.00000        0.00000        0.00000        0.00000        0.00000        0.00000       14.00035       -0.00000       14.00035      273.00000        0.00000      324.11902        0.00000        0.00000        9.57191
       14.00035       -0.00000       -0.00000      273.00000        0.00000        0.00000        0.00000        0.00000        0.00000       14.00035       -0.00000       14.00035      273.00000        0.00000      294.30402        0.00000        0.00000        4.08279
       14.00035       -0.00000       -0.00000      273.00000        0.00000        0.00000        0.00000        0.00000        0.00000       14.00035       -0.00000       14.00035      273.00000        0.00000      276.02175        0.00000        0.00000        0.56963
       14.00035        0.00000       -0.00000      273.00000        0.00000        0.00000        0.00000        0.00000        0.00000       14.00035       -0.00000       14.00035      273.00000        0.00000      273.14251        0.00000        0.00000        0.00664
       14.00035        0.00000       -0.00000      273.00000        0.00000        0.00000        0.00000        0.00000        0.00000       14.00035       -0.00000       14.00035      273.00000        0.00000      273.00302        0.00000        0.00000        0.00000
       14.00035        0.00000       -0.00000      273.00000        0.00000        0.00000        0.00000        0.00000        0.00000       14.00035       -0.00000       14.00035      273.00000        0.00000      273.00218        0.00000        0.00000        0.00000
       14.00035        0.00000       -0.00000      273.00000        0.00000        0.00000        0.00000        0.00000        0.00000       14.00035       -0.00000       14.00035      273.00000        0.00000      273.00168        0.00000        0.00000        0.00000
       14.00035        0.00000       -0.00000      273.00000        0.00000        0.00000        0.00000        0.00000        0.00000       14.00035       -0.00000       14.00035      273.00000        0.00000      273.00106        0.00000        0.00000        0.00000
       14.00035        0.00000       -0.00000      273.00000        0.00000        0.00000        0.00000        0.00000        0.00000       14.00035       -0.00000       14.00035      273.00000        0.00000      273.00059        0.00000        0.00000        0.00000
       14.00035        0.00000       -0.00000      273.00000        0.00000        0.00000        0.00000        0.00000        0.00000       14.00035       -0.00000       14.00035      273.00000        0.00000      273.00033        0.00000        0.00000        0.00000
       14.00035        0.00000       -0.00000      273.00000        0.00000        0.00000        0.00000        0.00000        0.00000       14.00035       -0.00000       14.00035      273.00000        0.00000      273.00019        0.00000        0.00000        0.00000
       14.00035        0.00000       -0.00000      273.00000        0.00000        0.00000        0.00000        0.00000        0.00000       14.00035       -0.00000       14.00035      273.00000        0.00000      273.00011        0.00000        0.00000        0.00000
       14.00035        0.00000       -0.00000      273.00000        0.00000        0.00000        0.00000        0.00000        0.00000       14.00035       -0.00000       14.00035      273.00000        0.00000      273.00007        0.00000        0.00000        0.00000
       14.00035        0.00000       -0.00000      273.00000        0.00000        0.00000        0.00000        0.00000        0.00000       14.00035       -0.00000       14.00035      273.00000        0.00000      273.00004        0.00000        0.00000        0.00000
       14.00035        0.00000       -0.00000      273.00000        0.00000        0.00000        0.00000        0.00000        0.00000       14.00035       -0.00000       14.00035      273.00000        0.00000      273.00003        0.00000        0.00000        0.00000
       14.00035        0.00000       -0.00000      273.00000        0.00000        0.00000        0.00000        0.00000        0.00000       14.00035       -0.00000       14.00035      273.00000        0.00000      273.00003        0.00000        0.00000        0.00000
       14.00035        0.00000       -0.00000      273.00000        0.00000        0.00000        0.00000        0.00000        0.00000       14.00035       -0.00000       14.00035      273.00000        0.00000      273.00006        0.00000        0.00000        0.00000
       14.00035        0.00000       -0.00000      273.00000        0.00000        0.00000        0.00000        0.00000        0.00000       14.00035       -0.00000       14.00035      273.00000        0.00000      273.00016        0.00000        0.00000        0.00000
       14.00035        0.00000       -0.00000      273.00000        0.00000        0.00000        0.00000        0.00000        0.00000       14.00035       -0.00000       14.00035      273.00000        0.00000      273.00040        0.00000        0.00000        0.00000
       14.00035        0.00000       -0.00000      273.00000        0.00000        0.00000        0.00000        0.00000        0.00000       14.00035       -0.00000       14.00035      273.00000        0.00000      273.00095        0.00000        0.00000        0.00000
       14.00035        0.00000       -0.00000      273.00000        0.00000        0.00000        0.00000        0.00000        0.00000       14.00035       -0.00000       14.00035      273.00000        0.00000      273.00190        0.00000        0.00000        0.00000
       14.00035        0.00000       -0.00000      273.00000        0.00000        0.00000        0.00000        0.00000        0.00000       14.00035       -0.00000       14.00035      273.00000        0.00000      273.00295        0.00000        0.00000        0.00000
       14.00035        0.00000       -0.00000      273.00000        0.00000        0.00000        0.00000        0.00000        0.00000       14.00035       -0.00000       14.00035      273.00000        0.00000      273.00358        0.00000        0.00000        0.00000
       14.00035        0.00000       -0.00000      273.00000        0.00000        0.00000        0.00000        0.00000        0.00000       14.00035       -0.00000       14.00035      273.00000        0.00000      273.00394        0.00000        0.00000        0.00000
       14.00035        0.00000       -0.00000      273.00000        0.00000        0.00000        0.00000        0.00000        0.00000       14.00035       -0.00000       14.00035      273.00000        0.00000      273.00397        0.00000        0.00000        0.00000
       14.00035        0.00000       -0.00000      273.00000        0.00000        0.00000        0.00000        0.00000        0.00000       14.00035       -0.00000       14.00035      273.00000        0.00000      273.00375        0.00000        0.00000        0.00000
       14.00035        0.00000       -0.00000      273.00000        0.00000        0.00000        0.00000        0.00000        0.00000       14.00035       -0.00000       14.00035      273.00000        0.00000      277.87388        0.00000        0.00000        0.18781
       14.00035        0.00000       -0.00000      273.00000        0.00000        0.00000        0.00000        0.00000        0.00000       14.00035       -0.00000       14.00035      273.00000        0.00000      293.74641        0.00000        0.00000        0.85281
       14.00035        0.00000       -0.00000      273.00000        0.00000        0.00000        0.00000        0.00000        0.00000       14.00035       -0.00000        5.44060      273.00000        0.00000      312.38493        0.00000        0.00000        1.75314
       14.00035        0.00000       -0.00000      273.00000        0.00000        0.00000        0.00000        0.00000        0.00000       14.00035       -0.00000        4.89398      273.00000        0.00000      328.93212        0.00000        0.00000        2.52281
       14.00035        0.00000       -0.00000      273.00000        0.00000        0.00000        0.00000        0.00000        0.00000       14.00035       -0.00000        4.60800      273.00000        0.00000      333.55682        0.00000        0.00000        2.22284
       14.00035        0.00000       -0.00000      273.00000        0.00000        0.00000        0.00000        0.00000        0.00000       14.00035       -0.00000        4.53784      273.00000        0.00000      329.15940        0.00000        0.00000        1.15681
       14.00035        0.00000       -0.00000      273.00000        0.00000        0.00000        0.00000        0.00000        0.00000       14.00035       -0.00000        4.63757      273.00000        0.00000      323.35256        0.00000        0.00000        0.57569
       -0.00000        0.00000       -0.00000      273.00000        0.00000        0.00000        0.00000        0.00000        0.00000       14.00035       -0.00000        4.63960      273.00000        0.00000      326.20648        0.00000        0.00000        0.06852
        0.00000        0.00000        0.00000        0.00000        0.00000        0.00000        0.00000        0.00000        0.00000       14.00035       -0.00000       -0.00000      273.00000        0.00000        0.00000        0.00000        0.00000        0.00000
        0.00000        0.00000        0.00000        0.00000        0.00000        0.00000        0.00000        0.00000        0.00000       14.00035       -0.00000       -0.00000      273.00000        0.00000        0.00000        0.00000        0.00000        0.00000
        0.00000        0.00000        0.00000        0.00000        0.00000        0.00000        0.00000        0.00000        0.00000       14.00035       -0.00000       -0.00000      273.00000        0.00000        0.00000        0.00000        0.00000        0.00000
        0.00000        0.00000        0.00000        0.00000        0.00000        0.00000        0.00000        0.00000        0.00000       14.00035       -0.00000       -0.00000      273.00000        0.00000        0.00000        0.00000        0.00000        0.00000
        0.00000        0.00000        0.00000        0.00000        0.00000        0.00000        0.00000        0.00000        0.00000       14.00035       -0.00000       -0.00000      273.00000        0.00000        0.00000        0.00000        0.00000        0.00000
        0.00000        0.00000        0.00000        0.00000        0.00000        0.00000        0.00000        0.00000        0.00000       14.00035       -0.00000       -0.00000      273.00000        0.00000        0.00000        0.00000        0.00000        0.00000
        0.00000        0.00000        0.00000        0.00000        0.00000        0.00000        0.00000        0.00000        0.00000       14.00035       -0.00000       -0.00000      273.00000        0.00000        0.00000        0.00000        0.00000        0.00000
        0.00000        0.00000        0.00000        0.00000        0.00000        0.00000        0.00000        0.00000        0.00000       14.00035       -0.00000       -0.00000      273.00000        0.00000        0.00000        0.00000        0.00000        0.00000
        0.00000        0.00000        0.00000        0.00000        0.00000        0.00000        0.00000        0.00000        0.00000       14.00035       -0.00000       -0.00000      273.00000        0.00000        0.00000        0.00000        0.00000        0.00000
        0.00000        0.00000        0.00000        0.00000        0.00000        0.00000        0.00000        0.00000        0.00000       14.00035       -0.00000       -0.00000      273.00000        0.00000        0.00000        0.00000        0.00000        0.00000
        0.00000        0.00000        0.00000        0.00000        0.00000        0.00000        0.00000        0.00000        0.00000       14.00035       -0.00000       -0.00000      273.00001        0.00000        0.00000        0.00000        0.00000        0.00000
        0.00000        0.00000        0.00000        0.00000        0.00000        0.00000        0.00000        0.00000        0.00000       14.00035       -0.00000       -0.00000      273.01361        0.00000        0.00000        0.00210        0.00000        0.00000
        0.00000        0.00000        0.00000        0.00000        0.00000        0.00000        0.00000        0.00000        0.00000       14.00035       -0.00000       -0.00000      274.43953        0.00000        0.00000        0.05265        0.00000        0.00000
        0.00000        0.00000        0.00000        0.00000        0.00000        0.00000        0.00000        0.00000        0.00000       14.00035       -0.00000       -0.00000      276.38073        0.00000        0.00000        0.17518        0.00000        0.00000
        0.00000        0.00000        0.00000        0.00000        0.00000        0.00000        0.00000        0.00000        0.00000       14.00035       -0.00000       -0.00000      277.47638        0.00000        0.00000        0.31513        0.00000        0.00000
        0.00000        0.00000        0.00000        0.00000        0.00000        0.00000        0.00000        0.00000        0.00000       14.00035       -0.00000       -0.00000      281.71641        0.00000        0.00000        0.85144        0.00000        0.00000
        0.00000        0.00000        0.00000        0.00000        0.00000        0.00000        0.00000        0.00000        0.00000       14.00035       -0.00000       -0.00000      292.23249        0.00000        0.00000        2.37971        0.00000        0.00000
        0.00000        0.00000        0.00000        0.00000        0.00000        0.00000        0.00000        0.00000        0.00000       14.00035       -0.00000       -0.00000      325.10018        0.00000        0.00000        6.92895        0.00000        0.00000
        0.00000        0.00000        0.00000        0.00000        0.00000        0.00000        0.00000        0.00000        0.00000       14.00035       -0.00000       -0.00000      382.19804        0.00000        0.00000       13.61431        0.00000        0.00000
        0.00000        0.00000        0.00000        0.00000        0.00000        0.00000        0.00000        0.00000        0.00000       14.00035       -0.00000       -0.00000      398.74235        0.00000        0.00000       15.44084        0.00000        0.00000
        0.00000        0.00000        0.00000        0.00000        0.00000        0.00000        0.00000        0.00000        0.00000       14.00035       -0.00000       -0.00000      387.28212        0.00000        0.00000       18.13095        0.00000        0.00000
        0.00000        0.00000        0.00000        0.00000        0.00000        0.00000        0.00000        0.00000        0.00000       14.00035       -0.00000       -0.00000      368.53518        0.00000        0.00000       15.95005        0.00000        0.00000
        0.00000        0.00000        0.00000        0.00000        0.00000        0.00000        0.00000        0.00000        0.00000       14.00035       -0.00000       -0.00000      363.38154        0.00000        0.00000       10.85653        0.00000        0.00000
        0.00000        0.00000        0.00000        0.00000        0.00000        0.00000        0.00000        0.00000        0.00000       14.00035       -0.00000       -0.00000      367.25171        0.00000        0.00000        5.20750        0.00000        0.00000
        0.00000        0.00000        0.00000        0.00000        0.00000        0.00000        0.00000        0.00000        0.00000       14.00035       -0.00000       -0.00000      379.40880        0.00000        0.00000        2.90604        0.00000        0.00000
        0.00000        0.00000        0.00000        0.00000        0.00000        0.00000        0.00000        0.00000        0.00000       14.00035       -0.00000       -0.00000      383.80376        0.00000        0.00000        4.88382        0.00000        0.00000
        0.00000        0.00000        0.00000        0.00000        0.00000        0.00000        0.00000        0.00000        0.00000       14.00035       -0.00000       -0.00000      375.22964        0.00000        0.00000        7.26248        0.00000        0.00000
        0.00000        0.00000        0.00000        0.00000        0.00000        0.00000        0.00000        0.00000        0.00000       14.00035       -0.00000       -0.00000      346.58228        0.00000        0.00000        5.61442        0.00000        0.00000
        0.00000        0.00000        0.00000        0.00000        0.00000        0.00000        0.00000        0.00000        0.00000       14.00035       -0.00000       -0.00000      344.12302        0.00000        0.00000        3.93168        0.00000        0.00000
        0.00000        0.00000        0.00000        0.00000        0.00000        0.00000        0.00000        0.00000        0.00000       14.00035       -0.00000       -0.00000      364.68841        0.00000        0.00000        3.77550        0.00000        0.00000
        0.00000        0.00000        0.00000        0.00000        0.00000        0.00000        0.00000        0.00000        0.00000       14.00035       -0.00000       -0.00000      364.22918        0.00000        0.00000        2.97073        0.00000        0.00000
        0.00000        0.00000        0.00000        0.00000        0.00000        0.00000        0.00000        0.00000        0.00000       14.00035       -0.00000       -0.00000      313.69985        0.00000        0.00000        1.73634        0.00000        0.00000
        0.00000        0.00000        0.00000        0.00000        0.00000        0.00000        0.00000        0.00000        0.00000       14.00035       -0.00000       -0.00000      274.06788        0.00000        0.00000        0.12718        0.00000        0.00000
        0.00000        0.00000        0.00000        0.00000        0.00000        0.00000        0.00000        0.00000        0.00000       14.00035       -0.00000       -0.00000      273.00000        0.00000        0.00000        0.00000        0.00000        0.00000
        0.00000        0.00000        0.00000        0.00000        0.00000        0.00000        0.00000        0.00000        0.00000       14.00035       -0.00000       -0.00000      273.00000        0.00000        0.00000        0.00000        0.00000        0.00000
        0.00000        0.00000        0.00000        0.00000        0.00000        0.00000        0.00000        0.00000        0.00000       14.00035       -0.00000       -0.00000      273.00000        0.00000        0.00000        0.00000        0.00000        0.00000
        0.00000        0.00000        0.00000        0.00000        0.00000        0.00000        0.00000        0.00000        0.00000       14.00035       -0.00000       -0.00000      273.00000        0.00000        0.00000        0.00000        0.00000        0.00000
        0.00000        0.00000        0.00000        0.00000        0.00000        0.00000        0.00000        0.00000        0.00000       14.00035       -0.00000       -0.00000      273.00000        0.00000        0.00000        0.00000        0.00000        0.00000
        0.00000        0.00000        0.00000        0.00000        0.00000        0.00000        0.00000        0.00000        0.00000       14.00035       -0.00000       -0.00000      273.00000        0.00000        0.00000        0.00000        0.00000        0.00000
        0.00000        0.00000        0.00000        0.00000        0.00000        0.00000        0.00000        0.00000        0.00000       14.00035       -0.00000       -0.00000      273.00000        0.00000        0.00000        0.00000        0.00000        0.00000
        0.00000        0.00000        0.00000        0.00000        0.00000        0.00000        0.00000        0.00000        0.00000       14.00035       -0.00000       -0.00000      273.00000        0.00000        0.00000        0.00000        0.00000        0.00000
        0.00000        0.00000        0.00000        0.00000        0.00000        0.00000        0.00000        0.00000        0.00000       14.00035       -0.00000       -0.00000      273.00000        0.00000        0.00000        0.00000        0.00000        0.00000
        0.00000        0.00000        0.00000        0.00000        0.00000        0.00000        0.00000        0.00000        0.00000       14.00035       -0.00000       -0.00000      273.00000        0.00000        0.00000        0.00000        0.00000        0.00000
        0.00000        0.00000        0.00000        0.00000        0.00000        0.00000        0.00000        0.00000        0.00000       14.00035       -0.00000       -0.00000      273.00000        0.00000        0.00000        0.00000        0.00000        0.00000
        0.00000        0.00000        0.00000        0.00000        0.00000        0.00000        0.00000        0.00000        0.00000       14.00035       -0.00000       -0.00000      273.00000        0.00000        0.00000        0.00000        0.00000        0.00000
        0.00000        0.00000        0.00000        0.00000        0.00000        0.00000        0.00000        0.00000        0.00000       14.00035       -0.00000       -0.00000      273.00000        0.00000        0.00000        0.00000        0.00000        0.00000
        0.00000        0.00000        0.00000        0.00000        0.00000        0.00000        0.00000        0.00000        0.00000       14.00035       -0.00000       -0.00000      273.00000        0.00000        0.00000        0.00000        0.00000        0.00000
        0.00000        0.00000        0.00000        0.00000        0.00000        0.00000        0.00000        0.00000        0.00000       14.00035       -0.00000       -0.00000      273.00000        0.00000        0.00000        0.00000        0.00000        0.00000
        0.00000        0.00000        0.00000        0.00000        0.00000        0.00000        0.00000        0.00000        0.00000       14.00035       -0.00000       -0.00000      273.00000        0.00000        0.00000        0.00000        0.00000        0.00000
        0.00000        0.00000        0.00000        0.00000        0.00000        0.00000        0.00000        0.00000        0.00000       14.00035       -0.00000       -0.00000      273.00000        0.00000        0.00000        0.00000        0.00000        0.00000
        0.00000        0.00000        0.00000        0.00000        0.00000        0.00000        0.00000        0.00000        0.00000       14.00035       -0.00000       -0.00000      273.00000        0.00000        0.00000        0.00000        0.00000        0.00000
        0.00000        0.00000        0.00000        0.00000        0.00000        0.00000        0.00000        0.00000        0.00000       14.00035       -0.00000       -0.00000      273.00000        0.00000        0.00000        0.00000        0.00000        0.00000
        0.00000        0.00000        0.00000        0.00000        0.00000        0.00000        0.00000        0.00000        0.00000       14.00035       -0.00000       -0.00000      273.00000        0.00000        0.00000        0.00000        0.00000        0.00000
        0.00000        0.00000        0.00000        0.00000        0.00000        0.00000        0.00000        0.00000        0.00000       14.00035       -0.00000       -0.00000      273.00000        0.00000        0.00000        0.00000        0.00000        0.00000
        0.00000        0.00000        0.00000        0.00000        0.00000        0.00000        0.00000        0.00000        0.00000       14.00035       -0.00000       -0.00000      273.00000        0.00000        0.00000        0.00000        0.00000        0.00000
        0.00000        0.00000        0.00000        0.00000        0.00000        0.00000        0.00000        0.00000        0.00000       14.00035       -0.00000       -0.00000      273.00000        0.00000        0.00000        0.00000        0.00000        0.00000
        0.00000        0.00000        0.00000        0.00000        0.00000        0.00000        0.00000        0.00000        0.00000       14.00035       -0.00000       -0.00000      273.00000        0.00000        0.00000        0.00000        0.00000        0.00000
        0.00000        0.00000        0.00000        0.00000        0.00000        0.00000        0.00000        0.00000        0.00000       14.00035       -0.00000       -0.00000      273.00000        0.00000        0.00000        0.00000        0.00000        0.00000
        0.00000        0.00000        0.00000        0.00000        0.00000        0.00000        0.00000        0.00000        0.00000       14.00035       -0.00000       -0.00000      273.00000        0.00000        0.00000        0.00000        0.00000        0.00000
        0.00000        0.00000        0.00000        0.00000        0.00000        0.00000        0.00000        0.00000        0.00000       14.00035       -0.00000       -0.00000      273.00000        0.00000        0.00000        0.00000        0.00000        0.00000
        0.00000        0.00000        0.00000        0.00000        0.00000        0.00000        0.00000        0.00000        0.00000       14.00035       -0.00000       -0.00000      273.00000        0.00000        0.00000        0.00000        0.00000        0.00000
        0.00000        0.00000        0.00000        0.00000        0.00000        0.00000        0.00000        0.00000        0.00000       14.00035       -0.00000       -0.00000      273.00000        0.00000        0.00000        0.00000        0.00000        0.00000
        0.00000        0.00000        0.00000        0.00000        0.00000        0.00000        0.00000        0.00000        0.00000       14.00035       -0.00000       -0.00000      273.00000        0.00000        0.00000        0.00000        0.00000        0.00000
        0.00000        0.00000        0.00000        0.00000        0.00000        0.00000        0.00000        0.00000        0.00000       14.00035       -0.00000       -0.00000      273.00000        0.00000        0.00000        0.00000        0.00000        0.00000
        0.00000        0.00000        0.00000        0.00000        0.00000        0.00000        0.00000        0.00000        0.00000       14.00035       -0.00000       -0.00000      273.00000        0.00000        0.00000        0.00000        0.00000        0.00000
        0.00000        0.00000        0.00000        0.00000        0.00000        0.00000        0.00000        0.00000        0.00000       14.00035       -0.00000       -0.00000      273.00000        0.00000        0.00000        0.00000        0.00000        0.00000
        0.00000        0.00000        0.00000        0.00000        0.00000        0.00000        0.00000        0.00000        0.00000       14.00035       -0.00000       -0.00000      273.00000        0.00000        0.00000        0.00000        0.00000        0.00000
        0.00000        0.00000        0.00000        0.00000        0.00000        0.00000        0.00000        0.00000        0.00000       14.00035       -0.00000       -0.00000      273.00000        0.00000        0.00000        0.00000        0.00000        0.00000
        0.00000        0.00000        0.00000        0.00000        0.00000        0.00000        0.00000        0.00000        0.00000       14.00035       -0.00000       -0.00000      273.00000        0.00000        0.00000        0.00000        0.00000        0.00000
        0.00000        0.00000        0.00000        0.00000        0.00000        0.00000        0.00000        0.00000        0.00000       14.00035       -0.00000       -0.00000      273.00000        0.00000        0.00000        0.00000        0.00000        0.00000
        0.00000        0.00000        0.00000        0.00000        0.00000        0.00000        0.00000        0.00000        0.00000       14.00035       -0.00000       -0.00000      273.00000        0.00000        0.00000        0.00000        0.00000        0.00000
        0.00000        0.00000        0.00000        0.00000        0.00000        0.00000        0.00000        0.00000        0.00000       14.00035       -0.00000       -0.00000      273.00000        0.00000        0.00000        0.00000        0.00000        0.00000
        0.00000        0.00000        0.00000        0.00000        0.00000        0.00000        0.00000        0.00000        0.00000       14.00035       -0.00000       -0.00000      273.00000        0.00000        0.00000        0.00000        0.00000        0.00000
        0.00000        0.00000        0.00000        0.00000        0.00000        0.00000        0.00000        0.00000        0.00000       14.00035       -0.00000       -0.00000      273.00000        0.00000        0.00000        0.00000        0.00000        0.00000
        0.00000        0.00000        0.00000        0.00000        0.00000        0.00000        0.00000        0.00000        0.00000       14.00035       -0.00000       -0.00000      273.00000        0.00000        0.00000        0.00000        0.00000        0.00000
        0.00000        0.00000        0.00000        0.00000        0.00000        0.00000        0.00000        0.00000        0.00000       14.00035       -0.00000       -0.00000      273.00000        0.00000        0.00000        0.00000        0.00000        0.00000
        0.00000        0.00000        0.00000        0.00000        0.00000        0.00000        0.00000        0.00000        0.00000       14.00035       -0.00000       -0.00000      273.00000        0.00000        0.00000        0.00000        0.00000        0.00000
        0.00000        0.00000        0.00000        0.00000        0.00000        0.00000        0.00000        0.00000        0.00000       14.00035       -0.00000       -0.00000      273.00000        0.00000        0.00000        0.00000        0.00000        0.00000
        0.00000        0.00000        0.00000        0.00000        0.00000        0.00000        0.00000        0.00000        0.00000       14.00035       -0.00000       -0.00000      273.00000        0.00000        0.00000        0.00000        0.00000        0.00000
        0.00000        0.00000        0.00000        0.00000        0.00000        0.00000        0.00000        0.00000        0.00000       14.00035       -0.00000       -0.00000      273.00000        0.00000        0.00000        0.00000        0.00000        0.00000
        0.00000        0.00000        0.00000        0.00000        0.00000        0.00000        0.00000        0.00000        0.00000       14.00035       -0.00000       -0.00000      273.00000        0.00000        0.00000        0.00000        0.00000        0.00000
        0.00000        0.00000        0.00000        0.00000        0.00000        0.00000        0.00000        0.00000        0.00000       14.00035       -0.00000       -0.00000      273.00000        0.00000        0.00000        0.00000        0.00000        0.00000
        0.00000        0.00000        0.00000        0.00000        0.00000        0.00000        0.00000        0.00000        0.00000       14.00035       -0.00000       -0.00000      273.00000        0.00000        0.00000        0.00000        0.00000        0.00000
        0.00000        0.00000        0.00000        0.00000        0.00000        0.00000        0.00000        0.00000        0.00000       14.00035       -0.00000       -0.00000      273.00000        0.00000        0.00000        0.00000        0.00000        0.00000
        0.00000        0.00000        0.00000        0.00000        0.00000        0.00000        0.00000        0.00000        0.00000       14.00035       -0.00000       -0.00000      273.00000        0.00000        0.00000        0.00000        0.00000        0.00000
        0.00000        0.00000        0.00000        0.00000        0.00000        0.00000        0.00000        0.00000        0.00000       14.00035       -0.00000       -0.00000      273.00000        0.00000        0.00000        0.00000        0.00000        0.00000
        0.00000        0.00000        0.00000        0.00000        0.00000        0.00000        0.00000        0.00000        0.00000       14.00035       -0.00000       -0.00000      273.00000        0.00000        0.00000        0.00000        0.00000        0.00000
        0.00000        0.00000        0.00000        0.00000        0.00000        0.00000        0.00000        0.00000        0.00000       14.00035       -0.00000       -0.00000      273.00000        0.00000        0.00000        0.00000        0.00000        0.00000
        0.00000        0.00000        0.00000        0.00000        0.00000        0.00000        0.00000        0.00000        0.00000       14.00035       -0.00000       -0.00000      273.00000        0.00000        0.00000        0.00000        0.00000        0.00000
        0.00000        0.00000        0.00000        0.00000        0.00000        0.00000        0.00000        0.00000        0.00000       14.00035       -0.00000       -0.00000      273.00000        0.00000        0.00000        0.00000        0.00000        0.00000
        0.00000        0.00000        0.00000        0.00000        0.00000        0.00000        0.00000        0.00000        0.00000       14.00035       -0.00000       -0.00000      273.00000        0.00000        0.00000        0.00000        0.00000        0.00000
        0.00000        0.00000        0.00000        0.00000        0.00000        0.00000        0.00000        0.00000        0.00000       14.00035       -0.00000       -0.00000      273.00000        0.00000        0.00000        0.00000        0.00000        0.00000
        0.00000        0.00000        0.00000        0.00000        0.00000        0.00000        0.00000        0.00000        0.00000       14.00035       -0.00000       -0.00000      273.00000        0.00000        0.00000        0.00000        0.00000        0.00000
        0.00000        0.00000        0.00000        0.00000        0.00000        0.00000        0.00000        0.00000        0.00000       14.00035       -0.00000       -0.00000      273.00000        0.00000        0.00000        0.00000        0.00000        0.00000
        0.00000        0.00000        0.00000        0.00000        0.00000        0.00000        0.00000        0.00000        0.00000       14.00035       -0.00000       -0.00000      273.00000        0.00000        0.00000        0.00000        0.00000        0.00000
        0.00000        0.00000        0.00000        0.00000        0.00000        0.00000        0.00000        0.00000        0.00000       14.00035       -0.00000       -0.00000      273.00000        0.00000        0.00000        0.00000        0.00000        0.00000
        0.00000        0.00000        0.00000        0.00000        0.00000        0.00000        0.00000        0.00000        0.00000       14.00035       -0.00000       -0.00000      273.00000        0.00000        0.00000        0.00000        0.00000        0.00000
        0.00000        0.00000        0.00000        0.00000        0.00000        0.00000        0.00000        0.00000        0.00000       14.00035       -0.00000       -0.00000      273.00000        0.00000        0.00000        0.00000        0.00000        0.00000
        0.00000        0.00000        0.00000        0.00000        0.00000        0.00000        0.00000        0.00000        0.00000       14.00035       -0.00000       -0.00000      273.00000        0.00000        0.00000        0.00000        0.00000        0.00000
        0.00000        0.00000        0.00000        0.00000        0.00000        0.00000        0.00000        0.00000        0.00000       14.00035       -0.00000       -0.00000      273.00000        0.00000        0.00000        0.00000        0.00000        0.00000
        0.00000        0.00000        0.00000        0.00000        0.00000        0.00000        0.00000        0.00000        0.00000       14.00035       -0.00000       -0.00000      273.00000        0.00000        0.00000        0.00000        0.00000        0.00000
        0.00000        0.00000        0.00000        0.00000        0.00000        0.00000        0.00000        0.00000        0.00000       14.00035       -0.00000       -0.00000      273.00000        0.00000        0.00000        0.00000        0.00000        0.00000
        0.00000        0.00000        0.00000        0.00000        0.00000        0.00000        0.00000        0.00000        0.00000       14.00035       -0.00000       -0.00000      273.00000        0.00000        0.00000        0.00000        0.00000        0.00000
        0.00000        0.00000        0.00000        0.00000        0.00000        0.00000        0.00000        0.00000        0.00000       14.00035       -0.00000        0.00000      273.00000        0.00000        0.00000        0.00000        0.00000        0.00000
        0.00000        0.00000        0.00000        0.00000        0.00000        0.00000        0.00000        0.00000        0.00000        0.00000       -0.00000        0.00000        0.00000        0.00000        0.00000        0.00000        0.00000        0.00000
        0.00000        0.00000        0.00000        0.00000        0.00000        0.00000        0.00000        0.00000        0.00000        0.00000       -0.00000        0.00000        0.00000        0.00000        0.00000        0.00000        0.00000        0.00000
        0.00000        0.00000        0.00000        0.00000        0.00000        0.00000        0.00000        0.00000        0.00000        0.00000       -0.00000        0.00000        0.00000        0.00000        0.00000        0.00000        0.00000        0.00000
        0.00000        0.00000        0.00000        0.00000        0.00000        0.00000        0.00000        0.00000        0.00000        0.00000       -0.00000        0.00000        0.00000        0.00000        0.00000        0.00000        0.00000        0.00000
        0.00000        0.00000        0.00000        0.00000        0.00000        0.00000        0.00000        0.00000        0.00000        0.00000       -0.00000        0.00000        0.00000        0.00000        0.00000        0.00000        0.00000        0.00000
        0.00000        0.00000        0.00000        0.00000        0.00000        0.00000        0.00000        0.00000        0.00000        0.00000       -0.00000        0.00000        0.00000        0.00000        0.00000        0.00000        0.00000        0.00000
        0.00000        0.00000        0.00000        0.00000        0.00000        0.00000        0.00000        0.00000        0.00000        0.00000       -0.00000        0.00000        0.00000        0.00000        0.00000        0.00000        0.00000        0.00000
        0.00000        0.00000        0.00000        0.00000        0.00000        0.00000        0.00000        0.00000        0.00000        0.00000       -0.00000        0.00000        0.00000        0.00000        0.00000        0.00000        0.00000        0.00000
        0.00000        0.00000        0.00000        0.00000        0.00000        0.00000        0.00000        0.00000        0.00000        0.00000       -0.00000        0.00000        0.00000        0.00000        0.00000        0.00000        0.00000        0.00000
        0.00000        0.00000        0.00000        0.00000        0.00000        0.00000        0.00000        0.00000        0.00000        0.00000       -0.00000        0.00000        0.00000        0.00000        0.00000        0.00000        0.00000        0.00000
        0.00000        0.00000        0.00000        0.00000        0.00000        0.00000        0.00000        0.00000        0.00000        0.00000       -0.00000        0.00000        0.00000        0.00000        0.00000        0.00000        0.00000        0.00000
        0.00000        0.00000        0.00000        0.00000        0.00000        0.00000        0.00000        0.00000        0.00000        0.00000       -0.00000        0.00000        0.00000        0.00000        0.00000        0.00000        0.00000        0.00000
        0.00000        0.00000        0.00000        0.00000        0.00000        0.00000        0.00000        0.00000        0.00000        0.00000       -0.00000        0.00000        0.00000        0.00000        0.00000        0.00000        0.00000        0.00000
        0.00000        0.00000        0.00000        0.00000        0.00000        0.00000        0.00000        0.00000        0.00000        0.00000       -0.00000        0.00000        0.00000        0.00000        0.00000        0.00000        0.00000        0.00000
        0.00000        0.00000        0.00000        0.00000        0.00000        0.00000        0.00000        0.00000        0.00000        0.00000       -0.00000        0.00000        0.00000        0.00000        0.00000        0.00000        0.00000        0.00000
        0.00000        0.00000        0.00000        0.00000        0.00000        0.00000        0.00000        0.00000        0.00000        0.00000       -0.00000        0.00000        0.00000        0.00000        0.00000        0.00000        0.00000        0.00000
        0.00000        0.00000        0.00000        0.00000        0.00000        0.00000        0.00000        0.00000        0.00000        0.00000       -0.00000        0.00000        0.00000        0.00000        0.00000        0.00000        0.00000        0.00000
        0.00000        0.00000        0.00000        0.00000        0.00000        0.00000        0.00000        0.00000        0.00000        0.00000       -0.00000        0.00000        0.00000        0.00000        0.00000        0.00000        0.00000        0.00000
        0.00000        0.00000        0.00000        0.00000        0.00000        0.00000        0.00000        0.00000        0.00000        0.00000       -0.00000        0.00000        0.00000        0.00000        0.00000        0.00000        0.00000        0.00000
        0.00000        0.00000        0.00000        0.00000        0.00000        0.00000        0.00000        0.00000        0.00000        0.00000       -0.00000        0.00000        0.00000        0.00000        0.00000        0.00000        0.00000        0.00000
        0.00000        0.00000        0.00000        0.00000        0.00000        0.00000        0.00000        0.00000        0.00000        0.00000       -0.00000        0.00000        0.00000        0.00000        0.00000        0.00000        0.00000        0.00000
        0.00000        0.00000        0.00000        0.00000        0.00000        0.00000        0.00000        0.00000        0.00000        0.00000       -0.00000        0.00000        0.00000        0.00000        0.00000        0.00000        0.00000        0.00000
        0.00000        0.00000        0.00000        0.00000        0.00000        0.00000        0.00000        0.00000        0.00000        0.00000       -0.00000        0.00000        0.00000        0.00000        0.00000        0.00000        0.00000        0.00000
        0.00000        0.00000        0.00000        0.00000        0.00000        0.00000        0.00000        0.00000        0.00000        0.00000       -0.00000        0.00000        0.00000        0.00000        0.00000        0.00000        0.00000        0.00000
        0.00000        0.00000        0.00000        0.00000        0.00000        0.00000        0.00000        0.00000        0.00000        0.00000       -0.00000        0.00000        0.00000        0.00000        0.00000        0.00000        0.00000        0.00000
        0.00000        0.00000        0.00000        0.00000        0.00000        0.00000        0.00000        0.00000        0.00000        0.00000       -0.00000        0.00000        0.00000        0.00000        0.00000        0.00000        0.00000        0.00000
        0.00000        0.00000        0.00000        0.00000        0.00000        0.00000        0.00000        0.00000        0.00000        0.00000       -0.00000        0.00000        0.00000        0.00000        0.00000        0.00000        0.00000        0.00000
        0.00000        0.00000        0.00000        0.00000        0.00000        0.00000        0.00000        0.00000        0.00000        0.00000       -0.00000        0.00000        0.00000        0.00000        0.00000        0.00000        0.00000        0.00000
        0.00000        0.00000        0.00000        0.00000        0.00000        0.00000        0.00000        0.00000        0.00000        0.00000       -0.00000        0.00000        0.00000        0.00000        0.00000        0.00000        0.00000        0.00000
        0.00000        0.00000        0.00000        0.00000        0.00000        0.00000        0.00000        0.00000        0.00000        0.00000       -0.00000        0.00000        0.00000        0.00000        0.00000        0.00000        0.00000        0.00000
        0.00000        0.00000        0.00000        0.00000        0.00000        0.00000        0.00000        0.00000        0.00000        0.00000        0.00000        0.00000        0.00000        0.00000        0.00000        0.00000        0.00000        0.00000
        0.00000        0.00000        0.00000        0.00000        0.00000        0.00000        0.00000        0.00000        0.00000        0.00000        0.00000        0.00000        0.00000        0.00000        0.00000        0.00000        0.00000        0.00000
        0.00000        0.00000        0.00000        0.00000        0.00000        0.00000        0.00000        0.00000        0.00000        0.00000        0.00000        0.00000        0.00000        0.00000        0.00000        0.00000        0.00000        0.00000
        0.00000        0.00000        0.00000        0.00000        0.00000        0.00000        0.00000        0.00000        0.00000        0.00000        0.00000        0.00000        0.00000        0.00000        0.00000        0.00000        0.00000        0.00000
        0.00000        0.00000        0.00000        0.00000        0.00000        0.00000        0.00000        0.00000        0.00000        0.00000        0.00000        0.00000        0.00000        0.00000        0.00000        0.00000        0.00000        0.00000
        0.00000        0.00000        0.00000        0.00000        0.00000        0.00000        0.00000        0.00000        0.00000        0.00000        0.00000        0.00000        0.00000        0.00000        0.00000        0.00000        0.00000        0.00000
        0.00000        0.00000        0.00000        0.00000        0.00000        0.00000        0.00000        0.00000        0.00000        0.00000        0.00000        0.00000        0.00000        0.00000        0.00000        0.00000        0.00000        0.00000
        0.00000        0.00000        0.00000        0.00000        0.00000        0.00000        0.00000        0.00000        0.00000        0.00000        0.00000        0.00000        0.00000        0.00000        0.00000        0.00000        0.00000        0.00000
        0.00000        0.00000        0.00000        0.00000        0.00000        0.00000        0.00000        0.00000        0.00000        0.00000        0.00000        0.00000        0.00000        0.00000        0.00000        0.00000        0.00000        0.00000
        0.00000        0.00000        0.00000        0.00000        0.00000        0.00000        0.00000        0.00000        0.00000        0.00000        0.00000        0.00000        0.00000        0.00000        0.00000        0.00000        0.00000        0.00000
        0.00000        0.00000        0.00000        0.00000        0.00000        0.00000        0.00000        0.00000        0.00000        0.00000        0.00000        0.00000        0.00000        0.00000        0.00000        0.00000        0.00000        0.00000
        0.00000        0.00000        0.00000        0.00000        0.00000        0.00000        0.00000        0.00000        0.00000        0.00000        0.00000        0.00000        0.00000        0.00000        0.00000        0.00000        0.00000        0.00000
        0.00000        0.00000        0.00000        0.00000        0.00000        0.00000        0.00000        0.00000        0.00000        0.00000        0.00000        0.00000        0.00000        0.00000        0.00000        0.00000        0.00000        0.00000
        0.00000        0.00000        0.00000        0.00000        0.00000        0.00000        0.00000        0.00000        0.00000        0.00000        0.00000        0.00000        0.00000        0.00000        0.00000        0.00000        0.00000        0.00000
        0.00000        0.00000        0.00000        0.00000        0.00000        0.00000        0.00000        0.00000        0.00000        0.00000        0.00000        0.00000        0.00000        0.00000        0.00000        0.00000        0.00000        0.00000
        0.00000        0.00000        0.00000        0.00000        0.00000        0.00000        0.00000        0.00000        0.00000        0.00000        0.00000        0.00000        0.00000        0.00000        0.00000        0.00000        0.00000        0.00000
        0.00000        0.00000        0.00000        0.00000        0.00000        0.00000        0.00000        0.00000        0.00000        0.00000        0.00000        0.00000        0.00000        0.00000        0.00000        0.00000        0.00000        0.00000
        0.00000        0.00000        0.00000        0.00000        0.00000        0.00000        0.00000        0.00000        0.00000        0.00000        0.00000        0.00000        0.00000        0.00000        0.00000        0.00000        0.00000        0.00000
        0.00000        0.00000        0.00000        0.00000        0.00000        0.00000        0.00000        0.00000        0.00000        0.00000        0.00000        0.00000        0.00000        0.00000        0.00000        0.00000        0.00000        0.00000
        0.00000        0.00000        0.00000        0.00000        0.00000        0.00000        0.00000        0.00000        0.00000        0.00000        0.00000        0.00000        0.00000        0.00000        0.00000        0.00000        0.00000        0.00000
        0.00000        0.00000        0.00000        0.00000        0.00000        0.00000        0.00000        0.00000        0.00000        0.00000        0.00000        0.00000        0.00000        0.00000        0.00000        0.00000        0.00000        0.00000
        0.00000        0.00000        0.00000        0.00000        0.00000        0.00000        0.00000        0.00000        0.00000        0.00000        0.00000        0.00000        0.00000        0.00000        0.00000        0.00000        0.00000        0.00000
        0.00000        0.00000        0.00000        0.00000        0.00000        0.00000        0.00000        0.00000        0.00000        0.00000        0.00000        0.00000        0.00000        0.00000        0.00000        0.00000        0.00000        0.00000
        0.00000        0.00000        0.00000        0.00000        0.00000        0.00000        0.00000        0.00000        0.00000        0.00000        0.00000        0.00000        0.00000        0.00000        0.00000        0.00000        0.00000        0.00000
        0.00000        0.00000        0.00000        0.00000        0.00000        0.00000        0.00000        0.00000        0.00000        0.00000        0.00000        0.00000        0.00000        0.00000        0.00000        0.00000        0.00000        0.00000
        0.00000        0.00000        0.00000        0.00000        0.00000        0.00000        0.00000        0.00000        0.00000        0.00000        0.00000        0.00000        0.00000        0.00000        0.00000        0.00000        0.00000        0.00000
        0.00000        0.00000        0.00000        0.00000        0.00000        0.00000        0.00000        0.00000        0.00000        0.00000        0.00000        0.00000        0.00000        0.00000        0.00000        0.00000        0.00000        0.00000
        0.00000        0.00000        0.00000        0.00000        0.00000        0.00000        0.00000        0.00000        0.00000        0.00000        0.00000        0.00000        0.00000        0.00000        0.00000        0.00000        0.00000        0.00000
        0.00000        0.00000        0.00000        0.00000        0.00000        0.00000        0.00000        0.00000        0.00000        0.00000        0.00000        0.00000        0.00000        0.00000        0.00000        0.00000        0.00000        0.00000
        0.00000        0.00000        0.00000        0.00000        0.00000        0.00000        0.00000        0.00000        0.00000        0.00000        0.00000        0.00000        0.00000        0.00000        0.00000        0.00000        0.00000        0.00000
        0.00000        0.00000        0.00000        0.00000        0.00000        0.00000        0.00000        0.00000        0.00000        0.00000        0.00000        0.00000        0.00000        0.00000        0.00000        0.00000        0.00000        0.00000
        0.00000        0.00000        0.00000        0.00000        0.00000        0.00000        0.00000        0.00000        0.00000        0.00000        0.00000        0.00000        0.00000        0.00000        0.00000        0.00000        0.00000        0.00000
        0.00000        0.00000        0.00000        0.00000        0.00000        0.00000        0.00000        0.00000        0.00000        0.00000        0.00000        0.00000        0.00000        0.00000        0.00000        0.00000        0.00000        0.00000
        0.00000        0.00000        0.00000        0.00000        0.00000        0.00000        0.00000        0.00000        0.00000        0.00000        0.00000        0.00000        0.00000        0.00000        0.00000        0.00000        0.00000        0.00000
        0.00000        0.00000        0.00000        0.00000        0.00000        0.00000        0.00000        0.00000        0.00000        0.00000        0.00000        0.00000        0.00000        0.00000        0.00000        0.00000        0.00000        0.00000
        0.00000        0.00000        0.00000        0.00000        0.00000        0.00000        0.00000        0.00000        0.00000        0.00000        0.00000        0.00000        0.00000        0.00000        0.00000        0.00000        0.00000        0.00000
        0.00000        0.00000        0.00000        0.00000        0.00000        0.00000        0.00000        0.00000        0.00000        0.00000        0.00000        0.00000        0.00000        0.00000        0.00000        0.00000        0.00000        0.00000
        0.00000        0.00000        0.00000        0.00000        0.00000        0.00000        0.00000        0.00000        0.00000        0.00000        0.00000        0.00000        0.00000        0.00000        0.00000        0.00000        0.00000        0.00000
        0.00000        0.00000        0.00000        0.00000        0.00000        0.00000        0.00000        0.00000        0.00000        0.00000        0.00000        0.00000        0.00000        0.00000        0.00000        0.00000        0.00000        0.00000
        0.00000        0.00000        0.00000        0.00000        0.00000        0.00000        0.00000        0.00000        0.00000        0.00000        0.00000        0.00000        0.00000        0.00000        0.00000        0.00000        0.00000        0.00000
        0.00000        0.00000        0.00000        0.00000        0.00000        0.00000        0.00000        0.00000        0.00000        0.00000        0.00000        0.00000        0.00000        0.00000        0.00000        0.00000        0.00000        0.00000
        0.00000        0.00000        0.00000        0.00000        0.00000        0.00000        0.00000        0.00000        0.00000        0.00000        0.00000        0.00000        0.00000        0.00000        0.00000        0.00000        0.00000        0.00000
        0.00000        0.00000        0.00000        0.00000        0.00000        0.00000        0.00000        0.00000        0.00000        0.00000        0.00000        0.00000        0.00000        0.00000        0.00000        0.00000        0.00000        0.00000
        0.00000        0.00000        0.00000        0.00000        0.00000        0.00000        0.00000        0.00000        0.00000        0.00000        0.00000        0.00000        0.00000        0.00000        0.00000        0.00000        0.00000        0.00000
        0.00000        0.00000        0.00000        0.00000        0.00000        0.00000        0.00000        0.00000        0.00000        0.00000        0.00000        0.00000        0.00000        0.00000        0.00000        0.00000        0.00000        0.00000
        0.00000        0.00000        0.00000        0.00000        0.00000        0.00000        0.00000        0.00000        0.00000        0.00000        0.00000        0.00000        0.00000        0.00000        0.00000        0.00000        0.00000        0.00000
        0.00000        0.00000        0.00000        0.00000        0.00000        0.00000        0.00000        0.00000        0.00000        0.00000        0.00000        0.00000        0.00000        0.00000        0.00000        0.00000        0.00000        0.00000
        0.00000        0.00000        0.00000        0.00000        0.00000        0.00000        0.00000        0.00000        0.00000        0.00000        0.00000        0.00000        0.00000        0.00000        0.00000        0.00000        0.00000        0.00000
        0.00000        0.00000        0.00000        0.00000        0.00000        0.00000        0.00000        0.00000        0.00000        0.00000        0.00000        0.00000        0.00000        0.00000        0.00000        0.00000        0.00000        0.00000
        0.00000        0.00000        0.00000        0.00000        0.00000        0.00000        0.00000        0.00000        0.00000        0.00000        0.00000        0.00000        0.00000        0.00000        0.00000        0.00000        0.00000        0.00000
        0.00000        0.00000        0.00000        0.00000        0.00000        0.00000        0.00000        0.00000        0.00000        0.00000        0.00000        0.00000        0.00000        0.00000        0.00000        0.00000        0.00000        0.00000
        0.00000        0.00000        0.00000        0.00000        0.00000        0.00000        0.00000        0.00000        0.00000        0.00000        0.00000        0.00000        0.00000        0.00000        0.00000        0.00000        0.00000        0.00000
        0.00000        0.00000        0.00000        0.00000        0.00000        0.00000        0.00000        0.00000        0.00000        0.00000        0.00000        0.00000        0.00000        0.00000        0.00000        0.00000        0.00000        0.00000
        0.00000        0.00000        0.00000        0.00000        0.00000        0.00000        0.00000        0.00000        0.00000        0.00000        0.00000        0.00000        0.00000        0.00000        0.00000        0.00000        0.00000        0.00000
        0.00000        0.00000        0.00000        0.00000        0.00000        0.00000        0.00000        0.00000        0.00000        0.00000        0.00000        0.00000        0.00000        0.00000        0.00000        0.00000        0.00000        0.00000
        0.00000        0.00000        0.00000        0.00000        0.00000        0.00000        0.00000        0.00000        0.00000        0.00000        0.00000        0.00000        0.00000        0.00000        0.00000        0.00000        0.00000        0.00000
        0.00000        0.00000        0.00000        0.00000        0.00000        0.00000        0.00000        0.00000        0.00000        0.00000        0.00000        0.00000        0.00000        0.00000        0.00000        0.00000        0.00000        0.00000
        0.00000        0.00000        0.00000        0.00000        0.00000        0.00000        0.00000        0.00000        0.00000        0.00000        0.00000        0.00000        0.00000        0.00000        0.00000        0.00000        0.00000        0.00000
        0.00000        0.00000        0.00000        0.00000        0.00000        0.00000        0.00000        0.00000        0.00000        0.00000        0.00000        0.00000        0.00000        0.00000        0.00000        0.00000        0.00000        0.00000
        0.00000        0.00000        0.00000        0.00000        0.00000        0.00000        0.00000        0.00000        0.00000        0.00000        0.00000        0.00000        0.00000        0.00000        0.00000        0.00000        0.00000        0.00000
        0.00000        0.00000        0.00000        0.00000        0.00000        0.00000        0.00000        0.00000        0.00000        0.00000        0.00000        0.00000        0.00000        0.00000        0.00000        0.00000        0.00000        0.00000
        0.00000        0.00000        0.00000        0.00000        0.00000        0.00000        0.00000        0.00000        0.00000        0.00000        0.00000        0.00000        0.00000        0.00000        0.00000        0.00000        0.00000        0.00000
        0.00000        0.00000        0.00000        0.00000        0.00000        0.00000        0.00000        0.00000        0.00000        0.00000        0.00000        0.00000        0.00000        0.00000        0.00000        0.00000        0.00000        0.00000
        0.00000        0.00000        0.00000        0.00000        0.00000        0.00000        0.00000        0.00000        0.00000        0.00000        0.00000        0.00000        0.00000        0.00000        0.00000        0.00000        0.00000        0.00000
        0.00000        0.00000        0.00000        0.00000        0.00000        0.00000        0.00000        0.00000        0.00000        0.00000        0.00000        0.00000        0.00000        0.00000        0.00000        0.00000        0.00000        0.00000
        0.00000        0.00000        0.00000        0.00000        0.00000        0.00000        0.00000        0.00000        0.00000        0.00000        0.00000        0.00000        0.00000        0.00000        0.00000        0.00000        0.00000        0.00000
        0.00000        0.00000        0.00000        0.00000        0.00000        0.00000        0.00000        0.00000        0.00000        0.00000        0.00000        0.00000        0.00000        0.00000        0.00000        0.00000        0.00000        0.00000
        0.00000        0.00000        0.00000        0.00000        0.00000        0.00000        0.00000        0.00000        0.00000        0.00000        0.00000        0.00000        0.00000        0.00000        0.00000        0.00000        0.00000        0.00000
        0.00000        0.00000        0.00000        0.00000        0.00000        0.00000        0.00000        0.00000        0.00000        0.00000        0.00000        0.00000        0.00000        0.00000        0.00000        0.00000        0.00000        0.00000
