!------------------------------------------------------------!
  Date: 20191203
  Simulation name: BWX7 
  Filename:transect.txt                                                                                                                                          
  Produced in mod-subroutine:  massdist/massinchannel                                                                                                                                
  Written by AK September 2019
  Description: Transects from channel sides to edges                                                                                                                
  Data format:300 EPP, 600 EPP, 900 EPP, 300 TG, 600 TG, 900 TG, 300 DPU, 600 DPU, 900 DPu                                                                          
!------------------------------------------------------------!
       14.00035       -0.00000        1.80132      273.00000        0.00000      799.76627        0.00000        0.00000    11256.62216       14.00035       -0.00000        1.80132      273.00000        0.00000      799.76627        0.00000        0.00000    11256.62216
       14.00035       -0.00000        1.85753      273.00000        0.00000      799.79015        0.00000        0.00000     5757.14669       14.00035       -0.00000        1.84157      273.00000        0.00000      799.65420        0.00000        0.00000    13122.23488
       14.00035       -0.00000       -0.00000      273.00000        0.00000        0.00000        0.00000        0.00000        0.00000       14.00035       -0.00000        1.99376      273.00000        0.00000      799.49291        0.00000        0.00000    10894.72886
       14.00035       -0.00000       -0.00000      273.00000        0.00000        0.00000        0.00000        0.00000        0.00000       14.00035       -0.00000        2.22076      273.00000        0.00000      799.24761        0.00000        0.00000     5628.40966
       14.00035       -0.00000       -0.00000      273.00000        0.00000        0.00000        0.00000        0.00000        0.00000       14.00035       -0.00000        2.52811      273.00000        0.00000      747.91304        0.00000        0.00000      927.93234
       14.00035       -0.00000       -0.00000      273.00000        0.00000        0.00000        0.00000        0.00000        0.00000       14.00035       -0.00000        2.87057      273.00000        0.00000      755.02101        0.00000        0.00000      497.79939
       14.00035       -0.00000       -0.00000      273.00000        0.00000        0.00000        0.00000        0.00000        0.00000       14.00035       -0.00000        2.61063      273.00000        0.00000      795.13196        0.00000        0.00000     1710.49659
       14.00035       -0.00000       -0.00000      273.00000        0.00000        0.00000        0.00000        0.00000        0.00000       14.00035       -0.00000        2.47325      273.00000        0.00000      797.49373        0.00000        0.00000     7403.15349
       14.00035       -0.00000       -0.00000      273.00000        0.00000        0.00000        0.00000        0.00000        0.00000       14.00035       -0.00000        2.40045      273.00000        0.00000      795.97184        0.00000        0.00000    16258.06065
       14.00035       -0.00000       -0.00000      273.00000        0.00000        0.00000        0.00000        0.00000        0.00000       14.00035       -0.00000        2.37328      273.00000        0.00000      789.27068        0.00000        0.00000    11802.21102
       14.00035       -0.00000       -0.00000      273.00000        0.00000        0.00000        0.00000        0.00000        0.00000       14.00035       -0.00000        2.42431      273.00000        0.00000      762.77986        0.00000        0.00000     4821.45057
       14.00035       -0.00000       -0.00000      273.00000        0.00000        0.00000        0.00000        0.00000        0.00000       14.00035       -0.00000        2.70473      273.00000        0.00000      745.34980        0.00000        0.00000     2859.76515
       14.00035       -0.00000       -0.00000      273.00000        0.00000        0.00000        0.00000        0.00000        0.00000       14.00035       -0.00000        3.20627      273.00000        0.00000      668.71173        0.00000        0.00000     1619.60175
       14.00035       -0.00000       -0.00000      273.00000        0.00000        0.00000        0.00000        0.00000        0.00000       14.00035       -0.00000        3.53708      273.00000        0.00000      559.38546        0.00000        0.00000      499.30300
       14.00035       -0.00000       -0.00000      273.00000        0.00000        0.00000        0.00000        0.00000        0.00000       14.00035       -0.00000        3.65593      273.00000        0.00000      545.81291        0.00000        0.00000      231.90091
       14.00035       -0.00000       -0.00000      273.00000        0.00000        0.00000        0.00000        0.00000        0.00000       14.00035       -0.00000        3.84384      273.00000        0.00000      580.50974        0.00000        0.00000      115.23466
       14.00035       -0.00000       -0.00000      273.00000        0.00000        0.00000        0.00000        0.00000        0.00000       14.00035       -0.00000        3.91066      273.00000        0.00000      577.10988        0.00000        0.00000       70.06902
       14.00035       -0.00000       -0.00000      273.00000        0.00000        0.00000        0.00000        0.00000        0.00000       14.00035       -0.00000        3.99501      273.00000        0.00000      569.92691        0.00000        0.00000       51.28108
       14.00035       -0.00000       -0.00000      273.00000        0.00000        0.00000        0.00000        0.00000        0.00000       14.00035       -0.00000        4.06412      273.00000        0.00000      533.26830        0.00000        0.00000       23.88183
       14.00035       -0.00000       -0.00000      273.00000        0.00000        0.00000        0.00000        0.00000        0.00000       14.00035       -0.00000        3.97528      273.00000        0.00000      461.71867        0.00000        0.00000        8.56439
       14.00035       -0.00000       -0.00000      273.00000        0.00000        0.00000        0.00000        0.00000        0.00000       14.00035       -0.00000        3.93035      273.00000        0.00000      441.72466        0.00000        0.00000       10.88304
       14.00035       -0.00000       -0.00000      273.00000        0.00000        0.00000        0.00000        0.00000        0.00000       14.00035       -0.00000        3.94061      273.00000        0.00000      441.97809        0.00000        0.00000        9.10021
       14.00035       -0.00000       -0.00000      273.00000        0.00000        0.00000        0.00000        0.00000        0.00000       14.00035       -0.00000        3.96510      273.00000        0.00000      469.47871        0.00000        0.00000        9.39573
       14.00035       -0.00000       -0.00000      273.00000        0.00000        0.00000        0.00000        0.00000        0.00000       14.00035       -0.00000        3.95494      273.00000        0.00000      475.35405        0.00000        0.00000       14.77314
       14.00035       -0.00000       -0.00000      273.00000        0.00000        0.00000        0.00000        0.00000        0.00000       14.00035       -0.00000        3.97259      273.00000        0.00000      445.73898        0.00000        0.00000       20.40994
       14.00035       -0.00000       -0.00000      273.00000        0.00000        0.00000        0.00000        0.00000        0.00000       14.00035       -0.00000        4.01998      273.00000        0.00000      451.48506        0.00000        0.00000       20.71700
       14.00035       -0.00000       -0.00000      273.00000        0.00000        0.00000        0.00000        0.00000        0.00000       14.00035       -0.00000        4.01798      273.00000        0.00000      396.40278        0.00000        0.00000       16.62309
       14.00035       -0.00000       -0.00000      273.00000        0.00000        0.00000        0.00000        0.00000        0.00000       14.00035       -0.00000        4.33877      273.00000        0.00000      431.91396        0.00000        0.00000        9.34743
       14.00035       -0.00000       -0.00000      273.00000        0.00000        0.00000        0.00000        0.00000        0.00000       14.00035       -0.00000        4.39667      273.00000        0.00000      416.11031        0.00000        0.00000        8.14103
       14.00035       -0.00000       -0.00000      273.00000        0.00000        0.00000        0.00000        0.00000        0.00000       14.00035       -0.00000        4.38803      273.00000        0.00000      428.71547        0.00000        0.00000       19.37849
       14.00035       -0.00000       -0.00000      273.00000        0.00000        0.00000        0.00000        0.00000        0.00000       14.00035       -0.00000        4.28234      273.00000        0.00000      433.03433        0.00000        0.00000       13.67047
       14.00035       -0.00000       -0.00000      273.00000        0.00000        0.00000        0.00000        0.00000        0.00000       14.00035       -0.00000        4.22223      273.00000        0.00000      440.05937        0.00000        0.00000       17.86825
       14.00035       -0.00000       -0.00000      273.00000        0.00000        0.00000        0.00000        0.00000        0.00000       14.00035       -0.00000        4.21363      273.00000        0.00000      453.79170        0.00000        0.00000       19.14213
       14.00035       -0.00000       -0.00000      273.00000        0.00000        0.00000        0.00000        0.00000        0.00000       14.00035       -0.00000        4.21357      273.00000        0.00000      467.10707        0.00000        0.00000       18.62641
       14.00035       -0.00000       -0.00000      273.00000        0.00000        0.00000        0.00000        0.00000        0.00000       14.00035       -0.00000        4.22860      273.00000        0.00000      505.33107        0.00000        0.00000       28.53794
       14.00035       -0.00000       -0.00000      273.00000        0.00000        0.00000        0.00000        0.00000        0.00000       14.00035       -0.00000        4.28065      273.00001        0.00000      542.82623        0.00504        0.00000       45.36543
       14.00035       -0.00000       -0.00000      273.00000        0.00000        0.00000        0.00000        0.00000        0.00000       14.00035       -0.00000        4.37600      293.10388        0.00000      554.19285        1.18468        0.00000       43.46868
       14.00035       -0.00000       -0.00000      273.00000        0.00000        0.00000        0.00000        0.00000        0.00000       14.00035       -0.00000        4.53470      344.40270        0.00000      578.18037        2.95265        0.00000       47.11452
       14.00035       -0.00000       -0.00000      273.00000        0.00000        0.00000        0.00000        0.00000        0.00000       14.00035       -0.00000        4.76763      372.87510        0.00000      578.97476        5.23920        0.00000       58.17655
       14.00035       -0.00000       -0.00000      273.00000        0.00000        0.00000        0.00000        0.00000        0.00000       14.00035       -0.00000        4.91112      395.62959        0.00000      555.03984        8.74824        0.00000       60.32312
       14.00035       -0.00000       -0.00000      273.00000        0.00000        0.00000        0.00000        0.00000        0.00000       14.00035       -0.00000        4.96233      433.12180        0.00000      540.26754       14.90632        0.00000       52.57457
       14.00035       -0.00000       -0.00000      273.00000        0.00000        0.00000        0.00000        0.00000        0.00000       14.00035       -0.00000        4.82846      450.22796        0.00000      496.81365       18.49415        0.00000       46.89747
       14.00035       -0.00000       -0.00000      273.00000        0.00000        0.00000        0.00000        0.00000        0.00000       14.00035       -0.00000        4.70274      446.88430        0.00000      413.85373       16.33658        0.00000       34.28591
       14.00035       -0.00000       -0.00000      273.00000        0.00000        0.00000        0.00000        0.00000        0.00000       14.00035       -0.00000        4.62675      411.35562        0.00000      378.69493        9.08981        0.00000       32.84086
       14.00035       -0.00000       -0.00000      273.00000        0.00000        0.00000        0.00000        0.00000        0.00000       14.00035       -0.00000        4.55673      349.76607        0.00000      379.41211        4.01871        0.00000       38.58503
       14.00035       -0.00000       -0.00000      273.00000        0.00000        0.00000        0.00000        0.00000        0.00000       14.00035       -0.00000        4.49997      286.56041        0.00000      440.21067        0.62259        0.00000       57.23787
       14.00035       -0.00000       -0.00000      273.00000        0.00000        0.00000        0.00000        0.00000        0.00000       14.00035       -0.00000        4.48450      273.00000        0.00000      471.01277        0.00000        0.00000       57.83070
       14.00035       -0.00000       -0.00000      273.00000        0.00000        0.00000        0.00000        0.00000        0.00000       14.00035       -0.00000        4.52139      273.00000        0.00000      460.33226        0.00000        0.00000       44.44621
       14.00035       -0.00000       -0.00000      273.00000        0.00000        0.00000        0.00000        0.00000        0.00000       14.00035       -0.00000        4.64337      273.00000        0.00000      443.43279        0.00000        0.00000       33.01431
       14.00035       -0.00000       -0.00000      273.00000        0.00000        0.00000        0.00000        0.00000        0.00000       14.00035       -0.00000        4.69813      273.00000        0.00000      414.60711        0.00000        0.00000       25.18108
       14.00035       -0.00000       -0.00000      273.00000        0.00000        0.00000        0.00000        0.00000        0.00000       14.00035       -0.00000        4.64004      273.00000        0.00000      373.93422        0.00000        0.00000       18.18956
       14.00035       -0.00000       -0.00000      273.00000        0.00000        0.00000        0.00000        0.00000        0.00000       14.00035       -0.00000        4.40157      273.00000        0.00000      337.50208        0.00000        0.00000       20.50559
       14.00035       -0.00000       -0.00000      273.00000        0.00000        0.00000        0.00000        0.00000        0.00000       14.00035       -0.00000        4.23622      273.00000        0.00000      337.00528        0.00000        0.00000       34.78994
       14.00035       -0.00000       -0.00000      273.00000        0.00000        0.00000        0.00000        0.00000        0.00000       14.00035       -0.00000        4.17008      282.12229        0.00000      352.81211        0.30705        0.00000       41.00804
       14.00035       -0.00000       -0.00000      273.00000        0.00000        0.00000        0.00000        0.00000        0.00000       14.00035       -0.00000        4.15177      335.66704        0.00000      357.30530        2.65585        0.00000       30.45270
       14.00035       -0.00000       -0.00000      273.00000        0.00000        0.00000        0.00000        0.00000        0.00000       14.00035       -0.00000        4.16317      361.40840        0.00000      349.40552        2.87670        0.00000       24.57847
       14.00035       -0.00000       -0.00000      273.00000        0.00000        0.00000        0.00000        0.00000        0.00000       14.00035       -0.00000        4.17720      369.01894        0.00000      344.75406        1.60434        0.00000       26.14676
       14.00035       -0.00000       -0.00000      273.00000        0.00000        0.00000        0.00000        0.00000        0.00000       14.00035       -0.00000        4.17562      378.71360        0.00000      357.36945        0.68355        0.00000       26.58923
       14.00035       -0.00000       -0.00000      273.00000        0.00000        0.00000        0.00000        0.00000        0.00000       14.00035       -0.00000        4.20965      389.00512        0.00000      368.07681        0.45494        0.00000       30.68609
       14.00035       -0.00000       -0.00000      273.00000        0.00000        0.00000        0.00000        0.00000        0.00000       14.00035       -0.00000        4.21820      384.98903        0.00000      378.04761        0.85310        0.00000       35.08910
       14.00035       -0.00000       -0.00000      273.00000        0.00000        0.00000        0.00000        0.00000        0.00000       14.00035       -0.00000        4.13755      331.78982        0.00000      380.79272        1.26850        0.00000       39.75396
       14.00035       -0.00000       -0.00000      273.00000        0.00000        0.00000        0.00000        0.00000        0.00000       14.00035       -0.00000        4.05256      280.25290        0.00000      380.04086        0.20336        0.00000       41.70154
       14.00035       -0.00000       -0.00000      273.00000        0.00000        0.00000        0.00000        0.00000        0.00000       14.00035       -0.00000        4.03410      273.00000        0.00000      384.82243        0.00000        0.00000       26.10115
       14.00035       -0.00000       -0.00000      273.00000        0.00000        0.00000        0.00000        0.00000        0.00000       14.00035       -0.00000        4.05311      273.00000        0.00000      398.88162        0.00000        0.00000       20.23481
       14.00035       -0.00000       -0.00000      273.00000        0.00000        0.00000        0.00000        0.00000        0.00000       14.00035       -0.00000        4.30878      273.00000        0.00000      404.39563        0.00000        0.00000       21.37895
       14.00035       -0.00000       -0.00000      273.00000        0.00000        0.00000        0.00000        0.00000        0.00000       14.00035       -0.00000        4.90498      273.00000        0.00000      384.49076        0.00000        0.00000       22.30425
       14.00035       -0.00000       -0.00000      273.00000        0.00000        0.00000        0.00000        0.00000        0.00000       14.00035       -0.00000        5.70058      273.00764        0.00000      320.11717        0.00091        0.00000       13.43017
       14.00035       -0.00000       -0.00000      273.00000        0.00000        0.00000        0.00000        0.00000        0.00000       14.00035       -0.00000        6.71038      273.53357        0.00000      285.76800        0.01295        0.00000        4.16852
       14.00035        0.00000       -0.00000      273.00000        0.00000        0.00000        0.00000        0.00000        0.00000       14.00035       -0.00000       14.00035      275.45663        0.00000      276.34144        0.04555        0.00000        1.14668
       14.00035        0.00000       -0.00000      273.00000        0.00000        0.00000        0.00000        0.00000        0.00000       14.00035       -0.00000       14.00035      278.46127        0.00000      273.98626        0.09640        0.00000        0.33282
       14.00035        0.00000       -0.00000      273.00000        0.00000        0.00000        0.00000        0.00000        0.00000       14.00035       -0.00000       14.00035      280.68564        0.00000      273.45292        0.13723        0.00000        0.14712
       14.00035        0.00000       -0.00000      273.00000        0.00000        0.00000        0.00000        0.00000        0.00000       14.00035       -0.00000       14.00035      280.28581        0.00000      273.34355        0.13221        0.00000        0.10124
       14.00035        0.00000       -0.00000      273.00000        0.00000        0.00000        0.00000        0.00000        0.00000       14.00035       -0.00000       14.00035      274.82697        0.00000      273.32876        0.04515        0.00000        0.08336
       14.00035        0.00000       -0.00000      273.00000        0.00000        0.00000        0.00000        0.00000        0.00000       14.00035       -0.00000        6.27055      273.00128        0.00000      274.52114        0.00064        0.00000        0.09060
       14.00035        0.00000       -0.00000      273.00000        0.00000        0.00000        0.00000        0.00000        0.00000       14.00035       -0.00000        6.02074      273.00000        0.00000      285.62403        0.00000        0.00000        0.38574
       14.00035        0.00000       -0.00000      273.00000        0.00000        0.00000        0.00000        0.00000        0.00000       14.00035       -0.00000        5.94896      273.00000        0.00000      297.61801        0.00000        0.00000        0.31017
       14.00035        0.00000       -0.00000      273.00000        0.00000        0.00000        0.00000        0.00000        0.00000       14.00035       -0.00000        5.92973      273.00000        0.00000      301.57593        0.00000        0.00000        0.23617
       14.00035        0.00000       -0.00000      273.00000        0.00000        0.00000        0.00000        0.00000        0.00000       14.00035       -0.00000        5.92591      273.00000        0.00000      303.11601        0.00000        0.00000        0.15845
       14.00035        0.00000       -0.00000      273.00000        0.00000        0.00000        0.00000        0.00000        0.00000       14.00035       -0.00000        5.98555      273.00000        0.00000      306.25146        0.00000        0.00000        0.13864
       14.00035        0.00000       -0.00000      273.00000        0.00000        0.00000        0.00000        0.00000        0.00000       14.00035       -0.00000        6.20427      273.00000        0.00000      308.58851        0.00000        0.00000        0.36301
       14.00035        0.00000       -0.00000      273.00000        0.00000        0.00000        0.00000        0.00000        0.00000       14.00035       -0.00000        6.64220      273.00000        0.00000      306.82109        0.00000        0.00000        0.59531
       14.00035        0.00000       -0.00000      273.00000        0.00000        0.00000        0.00000        0.00000        0.00000       14.00035       -0.00000        6.92918      273.00000        0.00000      293.76040        0.00000        0.00000        0.49589
       14.00035        0.00000       -0.00000      273.00000        0.00000        0.00000        0.00000        0.00000        0.00000       14.00035       -0.00000        6.65142      273.00000        0.00000      277.35246        0.00000        0.00000        0.14938
       14.00035        0.00000       -0.00000      273.00000        0.00000        0.00000        0.00000        0.00000        0.00000       14.00035       -0.00000        6.60448      273.00000        0.00000      273.41397        0.00000        0.00000        0.01785
       14.00035        0.00000       -0.00000      273.00000        0.00000        0.00000        0.00000        0.00000        0.00000       14.00035       -0.00000       14.00035      273.00000        0.00000      273.07684        0.00000        0.00000        0.00975
       14.00035        0.00000       -0.00000      273.00000        0.00000        0.00000        0.00000        0.00000        0.00000       14.00035       -0.00000       14.00035      273.00000        0.00000      273.00564        0.00000        0.00000        0.00084
       14.00035        0.00000       -0.00000      273.00000        0.00000        0.00000        0.00000        0.00000        0.00000       14.00035       -0.00000       14.00035      273.19644        0.00000      273.00313        0.01527        0.00000        0.00000
       14.00035        0.00000       -0.00000      273.00000        0.00000        0.00000        0.00000        0.00000        0.00000       14.00035       -0.00000       14.00035      291.89272        0.00000      274.02147        0.23493        0.00000        0.01500
       14.00035        0.00000       -0.00000      273.00000        0.00000        0.00000        0.00000        0.00000        0.00000       14.00035       -0.00000       14.00035      315.02092        0.00000      279.55023        0.58675        0.00000        0.25618
       14.00035        0.00000       -0.00000      273.00000        0.00000        0.00000        0.00000        0.00000        0.00000       14.00035       -0.00000       14.00035      313.84841        0.00000      285.13014        0.64864        0.00000        0.52533
       14.00035        0.00000       -0.00000      273.00000        0.00000        0.00000        0.00000        0.00000        0.00000       14.00035       -0.00000       14.00035      304.31656        0.00000      285.83211        0.50294        0.00000        0.65644
       14.00035        0.00000       -0.00000      273.00000        0.00000        0.00000        0.00000        0.00000        0.00000       14.00035       -0.00000       14.00035      285.74883        0.00000      283.62079        0.23401        0.00000        0.67021
       14.00035        0.00000       -0.00000      273.00000        0.00000        0.00000        0.00000        0.00000        0.00000       14.00035       -0.00000        6.50750      279.58924        0.00000      283.97645        0.21623        0.00000        0.61127
       14.00035        0.00000       -0.00000      273.00000        0.00000        0.00000        0.00000        0.00000        0.00000       14.00035       -0.00000        4.95556      290.81581        0.00000      289.29652        0.57449        0.00000        0.52824
       14.00035        0.00000       -0.00000      273.00000        0.00000        0.00000        0.00000        0.00000        0.00000       14.00035       -0.00000        5.42349      339.05145        0.00000      317.40067        1.78715        0.00000        1.03906
       14.00035        0.00000       -0.00000      273.00000        0.00000        0.00000        0.00000        0.00000        0.00000       14.00035       -0.00000        6.39933      381.04394        0.00000      340.62210        3.96636        0.00000        1.18599
       14.00035        0.00000       -0.00000      273.00000        0.00000        0.00000        0.00000        0.00000        0.00000       14.00035       -0.00000        5.46488      397.64009        0.00000      348.14823        7.76099        0.00000        1.00335
       14.00035        0.00000       -0.00000      273.00000        0.00000        0.00000        0.00000        0.00000        0.00000       14.00035       -0.00000        5.06784      452.08162        0.00000      353.59141       14.67956        0.00000        0.55215
       -0.00000        0.00000       -0.00000      273.00000        0.00000        0.00000        0.00000        0.00000        0.00000       14.00035       -0.00000        4.78928      459.93984        0.00000      361.04947       17.59801        0.00000        0.01350
        0.00000        0.00000        0.00000        0.00000        0.00000        0.00000        0.00000        0.00000        0.00000       14.00035       -0.00000       -0.00000      441.50572        0.00000        0.00000       19.57327        0.00000        0.00000
        0.00000        0.00000        0.00000        0.00000        0.00000        0.00000        0.00000        0.00000        0.00000        6.82657       -0.00000       -0.00000      411.10949        0.00000        0.00000       17.55913        0.00000        0.00000
        0.00000        0.00000        0.00000        0.00000        0.00000        0.00000        0.00000        0.00000        0.00000        5.44026       -0.00000       -0.00000      412.01588        0.00000        0.00000       16.74888        0.00000        0.00000
        0.00000        0.00000        0.00000        0.00000        0.00000        0.00000        0.00000        0.00000        0.00000        5.25218       -0.00000       -0.00000      428.20017        0.00000        0.00000       16.92266        0.00000        0.00000
        0.00000        0.00000        0.00000        0.00000        0.00000        0.00000        0.00000        0.00000        0.00000        5.38712       -0.00000       -0.00000      425.27733        0.00000        0.00000       13.72352        0.00000        0.00000
        0.00000        0.00000        0.00000        0.00000        0.00000        0.00000        0.00000        0.00000        0.00000        6.16455       -0.00000       -0.00000      383.53284        0.00000        0.00000       10.16574        0.00000        0.00000
        0.00000        0.00000        0.00000        0.00000        0.00000        0.00000        0.00000        0.00000        0.00000       14.00035       -0.00000       -0.00000      351.92467        0.00000        0.00000        4.89169        0.00000        0.00000
        0.00000        0.00000        0.00000        0.00000        0.00000        0.00000        0.00000        0.00000        0.00000       14.00035       -0.00000       -0.00000      299.47276        0.00000        0.00000        0.42905        0.00000        0.00000
        0.00000        0.00000        0.00000        0.00000        0.00000        0.00000        0.00000        0.00000        0.00000       14.00035       -0.00000       -0.00000      273.00292        0.00000        0.00000        0.01164        0.00000        0.00000
        0.00000        0.00000        0.00000        0.00000        0.00000        0.00000        0.00000        0.00000        0.00000       14.00035       -0.00000       -0.00000      273.00003        0.00000        0.00000        0.00000        0.00000        0.00000
        0.00000        0.00000        0.00000        0.00000        0.00000        0.00000        0.00000        0.00000        0.00000       14.00035       -0.00000       -0.00000      273.00004        0.00000        0.00000        0.00000        0.00000        0.00000
        0.00000        0.00000        0.00000        0.00000        0.00000        0.00000        0.00000        0.00000        0.00000       14.00035       -0.00000       -0.00000      273.00004        0.00000        0.00000        0.00000        0.00000        0.00000
        0.00000        0.00000        0.00000        0.00000        0.00000        0.00000        0.00000        0.00000        0.00000       14.00035       -0.00000       -0.00000      273.00003        0.00000        0.00000        0.00000        0.00000        0.00000
        0.00000        0.00000        0.00000        0.00000        0.00000        0.00000        0.00000        0.00000        0.00000       14.00035       -0.00000       -0.00000      273.00002        0.00000        0.00000        0.00000        0.00000        0.00000
        0.00000        0.00000        0.00000        0.00000        0.00000        0.00000        0.00000        0.00000        0.00000       14.00035       -0.00000       -0.00000      273.00001        0.00000        0.00000        0.00000        0.00000        0.00000
        0.00000        0.00000        0.00000        0.00000        0.00000        0.00000        0.00000        0.00000        0.00000       14.00035       -0.00000       -0.00000      273.00001        0.00000        0.00000        0.00000        0.00000        0.00000
        0.00000        0.00000        0.00000        0.00000        0.00000        0.00000        0.00000        0.00000        0.00000       14.00035       -0.00000       -0.00000      273.00002        0.00000        0.00000        0.00000        0.00000        0.00000
        0.00000        0.00000        0.00000        0.00000        0.00000        0.00000        0.00000        0.00000        0.00000       14.00035       -0.00000       -0.00000      273.00002        0.00000        0.00000        0.00146        0.00000        0.00000
        0.00000        0.00000        0.00000        0.00000        0.00000        0.00000        0.00000        0.00000        0.00000       14.00035       -0.00000       -0.00000      273.00006        0.00000        0.00000        0.00000        0.00000        0.00000
        0.00000        0.00000        0.00000        0.00000        0.00000        0.00000        0.00000        0.00000        0.00000       14.00035       -0.00000       -0.00000      273.00049        0.00000        0.00000        0.00000        0.00000        0.00000
        0.00000        0.00000        0.00000        0.00000        0.00000        0.00000        0.00000        0.00000        0.00000       14.00035       -0.00000       -0.00000      273.00142        0.00000        0.00000        0.00000        0.00000        0.00000
        0.00000        0.00000        0.00000        0.00000        0.00000        0.00000        0.00000        0.00000        0.00000       14.00035       -0.00000       -0.00000      273.00356        0.00000        0.00000        0.00000        0.00000        0.00000
        0.00000        0.00000        0.00000        0.00000        0.00000        0.00000        0.00000        0.00000        0.00000       14.00035       -0.00000       -0.00000      273.00017        0.00000        0.00000        0.00000        0.00000        0.00000
        0.00000        0.00000        0.00000        0.00000        0.00000        0.00000        0.00000        0.00000        0.00000       14.00035       -0.00000       -0.00000      273.00000        0.00000        0.00000        0.00000        0.00000        0.00000
        0.00000        0.00000        0.00000        0.00000        0.00000        0.00000        0.00000        0.00000        0.00000       14.00035       -0.00000       -0.00000      273.00000        0.00000        0.00000        0.00000        0.00000        0.00000
        0.00000        0.00000        0.00000        0.00000        0.00000        0.00000        0.00000        0.00000        0.00000       14.00035       -0.00000       -0.00000      273.00000        0.00000        0.00000        0.00000        0.00000        0.00000
        0.00000        0.00000        0.00000        0.00000        0.00000        0.00000        0.00000        0.00000        0.00000       14.00035       -0.00000       -0.00000      273.00000        0.00000        0.00000        0.00000        0.00000        0.00000
        0.00000        0.00000        0.00000        0.00000        0.00000        0.00000        0.00000        0.00000        0.00000       14.00035       -0.00000       -0.00000      273.00000        0.00000        0.00000        0.00000        0.00000        0.00000
        0.00000        0.00000        0.00000        0.00000        0.00000        0.00000        0.00000        0.00000        0.00000       14.00035       -0.00000       -0.00000      273.00000        0.00000        0.00000        0.00000        0.00000        0.00000
        0.00000        0.00000        0.00000        0.00000        0.00000        0.00000        0.00000        0.00000        0.00000       14.00035       -0.00000       -0.00000      273.00000        0.00000        0.00000        0.00000        0.00000        0.00000
        0.00000        0.00000        0.00000        0.00000        0.00000        0.00000        0.00000        0.00000        0.00000       14.00035       -0.00000       -0.00000      273.00000        0.00000        0.00000        0.00000        0.00000        0.00000
        0.00000        0.00000        0.00000        0.00000        0.00000        0.00000        0.00000        0.00000        0.00000       14.00035       -0.00000       -0.00000      273.00000        0.00000        0.00000        0.00000        0.00000        0.00000
        0.00000        0.00000        0.00000        0.00000        0.00000        0.00000        0.00000        0.00000        0.00000       14.00035       -0.00000       -0.00000      273.00000        0.00000        0.00000        0.00000        0.00000        0.00000
        0.00000        0.00000        0.00000        0.00000        0.00000        0.00000        0.00000        0.00000        0.00000       14.00035       -0.00000       -0.00000      273.00000        0.00000        0.00000        0.00000        0.00000        0.00000
        0.00000        0.00000        0.00000        0.00000        0.00000        0.00000        0.00000        0.00000        0.00000       14.00035       -0.00000       -0.00000      273.00000        0.00000        0.00000        0.00000        0.00000        0.00000
        0.00000        0.00000        0.00000        0.00000        0.00000        0.00000        0.00000        0.00000        0.00000       14.00035       -0.00000       -0.00000      273.00000        0.00000        0.00000        0.00000        0.00000        0.00000
        0.00000        0.00000        0.00000        0.00000        0.00000        0.00000        0.00000        0.00000        0.00000       14.00035       -0.00000       -0.00000      273.00000        0.00000        0.00000        0.00000        0.00000        0.00000
        0.00000        0.00000        0.00000        0.00000        0.00000        0.00000        0.00000        0.00000        0.00000       14.00035       -0.00000       -0.00000      273.00000        0.00000        0.00000        0.00000        0.00000        0.00000
        0.00000        0.00000        0.00000        0.00000        0.00000        0.00000        0.00000        0.00000        0.00000       14.00035       -0.00000       -0.00000      273.00000        0.00000        0.00000        0.00000        0.00000        0.00000
        0.00000        0.00000        0.00000        0.00000        0.00000        0.00000        0.00000        0.00000        0.00000       14.00035       -0.00000       -0.00000      273.00000        0.00000        0.00000        0.00000        0.00000        0.00000
        0.00000        0.00000        0.00000        0.00000        0.00000        0.00000        0.00000        0.00000        0.00000       14.00035       -0.00000       -0.00000      273.00000        0.00000        0.00000        0.00000        0.00000        0.00000
        0.00000        0.00000        0.00000        0.00000        0.00000        0.00000        0.00000        0.00000        0.00000       14.00035       -0.00000       -0.00000      273.00000        0.00000        0.00000        0.00000        0.00000        0.00000
        0.00000        0.00000        0.00000        0.00000        0.00000        0.00000        0.00000        0.00000        0.00000       14.00035       -0.00000       -0.00000      273.00000        0.00000        0.00000        0.00000        0.00000        0.00000
        0.00000        0.00000        0.00000        0.00000        0.00000        0.00000        0.00000        0.00000        0.00000       14.00035       -0.00000       -0.00000      273.00000        0.00000        0.00000        0.00000        0.00000        0.00000
        0.00000        0.00000        0.00000        0.00000        0.00000        0.00000        0.00000        0.00000        0.00000       14.00035       -0.00000       -0.00000      273.00000        0.00000        0.00000        0.00000        0.00000        0.00000
        0.00000        0.00000        0.00000        0.00000        0.00000        0.00000        0.00000        0.00000        0.00000       14.00035       -0.00000       -0.00000      273.00000        0.00000        0.00000        0.00000        0.00000        0.00000
        0.00000        0.00000        0.00000        0.00000        0.00000        0.00000        0.00000        0.00000        0.00000       14.00035       -0.00000       -0.00000      273.00000        0.00000        0.00000        0.00000        0.00000        0.00000
        0.00000        0.00000        0.00000        0.00000        0.00000        0.00000        0.00000        0.00000        0.00000       14.00035       -0.00000       -0.00000      273.00000        0.00000        0.00000        0.00000        0.00000        0.00000
        0.00000        0.00000        0.00000        0.00000        0.00000        0.00000        0.00000        0.00000        0.00000       14.00035       -0.00000       -0.00000      273.00000        0.00000        0.00000        0.00000        0.00000        0.00000
        0.00000        0.00000        0.00000        0.00000        0.00000        0.00000        0.00000        0.00000        0.00000       14.00035       -0.00000       -0.00000      273.00000        0.00000        0.00000        0.00000        0.00000        0.00000
        0.00000        0.00000        0.00000        0.00000        0.00000        0.00000        0.00000        0.00000        0.00000       14.00035       -0.00000       -0.00000      273.00000        0.00000        0.00000        0.00000        0.00000        0.00000
        0.00000        0.00000        0.00000        0.00000        0.00000        0.00000        0.00000        0.00000        0.00000       14.00035       -0.00000       -0.00000      273.00000        0.00000        0.00000        0.00000        0.00000        0.00000
        0.00000        0.00000        0.00000        0.00000        0.00000        0.00000        0.00000        0.00000        0.00000       14.00035       -0.00000       -0.00000      273.00000        0.00000        0.00000        0.00000        0.00000        0.00000
        0.00000        0.00000        0.00000        0.00000        0.00000        0.00000        0.00000        0.00000        0.00000       14.00035       -0.00000       -0.00000      273.00000        0.00000        0.00000        0.00000        0.00000        0.00000
        0.00000        0.00000        0.00000        0.00000        0.00000        0.00000        0.00000        0.00000        0.00000       14.00035       -0.00000       -0.00000      273.00000        0.00000        0.00000        0.00000        0.00000        0.00000
        0.00000        0.00000        0.00000        0.00000        0.00000        0.00000        0.00000        0.00000        0.00000       14.00035       -0.00000       -0.00000      273.00000        0.00000        0.00000        0.00000        0.00000        0.00000
        0.00000        0.00000        0.00000        0.00000        0.00000        0.00000        0.00000        0.00000        0.00000       14.00035       -0.00000       -0.00000      273.00000        0.00000        0.00000        0.00000        0.00000        0.00000
        0.00000        0.00000        0.00000        0.00000        0.00000        0.00000        0.00000        0.00000        0.00000       14.00035       -0.00000       -0.00000      273.00000        0.00000        0.00000        0.00000        0.00000        0.00000
        0.00000        0.00000        0.00000        0.00000        0.00000        0.00000        0.00000        0.00000        0.00000       14.00035       -0.00000       -0.00000      273.00000        0.00000        0.00000        0.00000        0.00000        0.00000
        0.00000        0.00000        0.00000        0.00000        0.00000        0.00000        0.00000        0.00000        0.00000       14.00035       -0.00000       -0.00000      273.00000        0.00000        0.00000        0.00000        0.00000        0.00000
        0.00000        0.00000        0.00000        0.00000        0.00000        0.00000        0.00000        0.00000        0.00000       14.00035       -0.00000       -0.00000      273.00000        0.00000        0.00000        0.00000        0.00000        0.00000
        0.00000        0.00000        0.00000        0.00000        0.00000        0.00000        0.00000        0.00000        0.00000       14.00035       -0.00000       -0.00000      273.00000        0.00000        0.00000        0.00000        0.00000        0.00000
        0.00000        0.00000        0.00000        0.00000        0.00000        0.00000        0.00000        0.00000        0.00000       14.00035       -0.00000       -0.00000      273.00000        0.00000        0.00000        0.00000        0.00000        0.00000
        0.00000        0.00000        0.00000        0.00000        0.00000        0.00000        0.00000        0.00000        0.00000       14.00035       -0.00000       -0.00000      273.00000        0.00000        0.00000        0.00000        0.00000        0.00000
        0.00000        0.00000        0.00000        0.00000        0.00000        0.00000        0.00000        0.00000        0.00000       14.00035       -0.00000       -0.00000      273.00000        0.00000        0.00000        0.00000        0.00000        0.00000
        0.00000        0.00000        0.00000        0.00000        0.00000        0.00000        0.00000        0.00000        0.00000       14.00035       -0.00000       -0.00000      273.00000        0.00000        0.00000        0.00000        0.00000        0.00000
        0.00000        0.00000        0.00000        0.00000        0.00000        0.00000        0.00000        0.00000        0.00000       14.00035       -0.00000       -0.00000      273.00000        0.00000        0.00000        0.00000        0.00000        0.00000
        0.00000        0.00000        0.00000        0.00000        0.00000        0.00000        0.00000        0.00000        0.00000       14.00035       -0.00000       -0.00000      273.00000        0.00000        0.00000        0.00000        0.00000        0.00000
        0.00000        0.00000        0.00000        0.00000        0.00000        0.00000        0.00000        0.00000        0.00000       14.00035       -0.00000       -0.00000      273.00000        0.00000        0.00000        0.00000        0.00000        0.00000
        0.00000        0.00000        0.00000        0.00000        0.00000        0.00000        0.00000        0.00000        0.00000       14.00035       -0.00000       -0.00000      273.00000        0.00000        0.00000        0.00000        0.00000        0.00000
        0.00000        0.00000        0.00000        0.00000        0.00000        0.00000        0.00000        0.00000        0.00000       14.00035       -0.00000       -0.00000      273.00000        0.00000        0.00000        0.00000        0.00000        0.00000
        0.00000        0.00000        0.00000        0.00000        0.00000        0.00000        0.00000        0.00000        0.00000       14.00035       -0.00000       -0.00000      273.00000        0.00000        0.00000        0.00000        0.00000        0.00000
        0.00000        0.00000        0.00000        0.00000        0.00000        0.00000        0.00000        0.00000        0.00000       14.00035       -0.00000       -0.00000      273.00000        0.00000        0.00000        0.00000        0.00000        0.00000
        0.00000        0.00000        0.00000        0.00000        0.00000        0.00000        0.00000        0.00000        0.00000       14.00035       -0.00000       -0.00000      273.00000        0.00000        0.00000        0.00000        0.00000        0.00000
        0.00000        0.00000        0.00000        0.00000        0.00000        0.00000        0.00000        0.00000        0.00000       14.00035       -0.00000       -0.00000      273.00000        0.00000        0.00000        0.00000        0.00000        0.00000
        0.00000        0.00000        0.00000        0.00000        0.00000        0.00000        0.00000        0.00000        0.00000       14.00035       -0.00000       -0.00000      273.00000        0.00000        0.00000        0.00000        0.00000        0.00000
        0.00000        0.00000        0.00000        0.00000        0.00000        0.00000        0.00000        0.00000        0.00000       14.00035       -0.00000       -0.00000      273.00000        0.00000        0.00000        0.00000        0.00000        0.00000
        0.00000        0.00000        0.00000        0.00000        0.00000        0.00000        0.00000        0.00000        0.00000       14.00035       -0.00000       -0.00000      273.00000        0.00000        0.00000        0.00000        0.00000        0.00000
        0.00000        0.00000        0.00000        0.00000        0.00000        0.00000        0.00000        0.00000        0.00000       14.00035       -0.00000       -0.00000      273.00000        0.00000        0.00000        0.00000        0.00000        0.00000
        0.00000        0.00000        0.00000        0.00000        0.00000        0.00000        0.00000        0.00000        0.00000       14.00035       -0.00000       -0.00000      273.00000        0.00000        0.00000        0.00000        0.00000        0.00000
        0.00000        0.00000        0.00000        0.00000        0.00000        0.00000        0.00000        0.00000        0.00000       14.00035       -0.00000       -0.00000      273.00000        0.00000        0.00000        0.00000        0.00000        0.00000
        0.00000        0.00000        0.00000        0.00000        0.00000        0.00000        0.00000        0.00000        0.00000       14.00035       -0.00000       -0.00000      273.00000        0.00000        0.00000        0.00000        0.00000        0.00000
        0.00000        0.00000        0.00000        0.00000        0.00000        0.00000        0.00000        0.00000        0.00000       14.00035       -0.00000       -0.00000      273.00000        0.00000        0.00000        0.00000        0.00000        0.00000
        0.00000        0.00000        0.00000        0.00000        0.00000        0.00000        0.00000        0.00000        0.00000       14.00035       -0.00000       -0.00000      273.00000        0.00000        0.00000        0.00000        0.00000        0.00000
        0.00000        0.00000        0.00000        0.00000        0.00000        0.00000        0.00000        0.00000        0.00000       14.00035       -0.00000       -0.00000      273.00000        0.00000        0.00000        0.00000        0.00000        0.00000
        0.00000        0.00000        0.00000        0.00000        0.00000        0.00000        0.00000        0.00000        0.00000       14.00035       -0.00000       -0.00000      273.00000        0.00000        0.00000        0.00000        0.00000        0.00000
        0.00000        0.00000        0.00000        0.00000        0.00000        0.00000        0.00000        0.00000        0.00000       14.00035       -0.00000       -0.00000      273.00000        0.00000        0.00000        0.00000        0.00000        0.00000
        0.00000        0.00000        0.00000        0.00000        0.00000        0.00000        0.00000        0.00000        0.00000       14.00035       -0.00000       -0.00000      273.00000        0.00000        0.00000        0.00000        0.00000        0.00000
        0.00000        0.00000        0.00000        0.00000        0.00000        0.00000        0.00000        0.00000        0.00000       14.00035       -0.00000       -0.00000      273.00000        0.00000        0.00000        0.00000        0.00000        0.00000
        0.00000        0.00000        0.00000        0.00000        0.00000        0.00000        0.00000        0.00000        0.00000       14.00035       -0.00000       -0.00000      273.00000        0.00000        0.00000        0.00000        0.00000        0.00000
        0.00000        0.00000        0.00000        0.00000        0.00000        0.00000        0.00000        0.00000        0.00000       14.00035       -0.00000       -0.00000      273.00000        0.00000        0.00000        0.00000        0.00000        0.00000
        0.00000        0.00000        0.00000        0.00000        0.00000        0.00000        0.00000        0.00000        0.00000       14.00035       -0.00000       -0.00000      273.00000        0.00000        0.00000        0.00000        0.00000        0.00000
        0.00000        0.00000        0.00000        0.00000        0.00000        0.00000        0.00000        0.00000        0.00000       14.00035       -0.00000       -0.00000      273.00000        0.00000        0.00000        0.00000        0.00000        0.00000
        0.00000        0.00000        0.00000        0.00000        0.00000        0.00000        0.00000        0.00000        0.00000       14.00035       -0.00000       -0.00000      273.00000        0.00000        0.00000        0.00000        0.00000        0.00000
        0.00000        0.00000        0.00000        0.00000        0.00000        0.00000        0.00000        0.00000        0.00000       14.00035       -0.00000       -0.00000      273.00000        0.00000        0.00000        0.00000        0.00000        0.00000
        0.00000        0.00000        0.00000        0.00000        0.00000        0.00000        0.00000        0.00000        0.00000       14.00035       -0.00000       -0.00000      273.00000        0.00000        0.00000        0.00000        0.00000        0.00000
        0.00000        0.00000        0.00000        0.00000        0.00000        0.00000        0.00000        0.00000        0.00000       14.00035       -0.00000       -0.00000      273.00000        0.00000        0.00000        0.00000        0.00000        0.00000
        0.00000        0.00000        0.00000        0.00000        0.00000        0.00000        0.00000        0.00000        0.00000       14.00035       -0.00000       -0.00000      273.00000        0.00000        0.00000        0.00000        0.00000        0.00000
        0.00000        0.00000        0.00000        0.00000        0.00000        0.00000        0.00000        0.00000        0.00000       14.00035       -0.00000       -0.00000      273.00000        0.00000        0.00000        0.00000        0.00000        0.00000
        0.00000        0.00000        0.00000        0.00000        0.00000        0.00000        0.00000        0.00000        0.00000       14.00035       -0.00000       -0.00000      273.00000        0.00000        0.00000        0.00000        0.00000        0.00000
        0.00000        0.00000        0.00000        0.00000        0.00000        0.00000        0.00000        0.00000        0.00000       14.00035       -0.00000       -0.00000      273.00000        0.00000        0.00000        0.00000        0.00000        0.00000
        0.00000        0.00000        0.00000        0.00000        0.00000        0.00000        0.00000        0.00000        0.00000       14.00035       -0.00000       -0.00000      273.00000        0.00000        0.00000        0.00000        0.00000        0.00000
        0.00000        0.00000        0.00000        0.00000        0.00000        0.00000        0.00000        0.00000        0.00000       14.00035       -0.00000       -0.00000      273.00000        0.00000        0.00000        0.00000        0.00000        0.00000
        0.00000        0.00000        0.00000        0.00000        0.00000        0.00000        0.00000        0.00000        0.00000       14.00035       -0.00000        0.00000      273.00000        0.00000        0.00000        0.00000        0.00000        0.00000
        0.00000        0.00000        0.00000        0.00000        0.00000        0.00000        0.00000        0.00000        0.00000        0.00000       -0.00000        0.00000        0.00000        0.00000        0.00000        0.00000        0.00000        0.00000
        0.00000        0.00000        0.00000        0.00000        0.00000        0.00000        0.00000        0.00000        0.00000        0.00000       -0.00000        0.00000        0.00000        0.00000        0.00000        0.00000        0.00000        0.00000
        0.00000        0.00000        0.00000        0.00000        0.00000        0.00000        0.00000        0.00000        0.00000        0.00000       -0.00000        0.00000        0.00000        0.00000        0.00000        0.00000        0.00000        0.00000
        0.00000        0.00000        0.00000        0.00000        0.00000        0.00000        0.00000        0.00000        0.00000        0.00000       -0.00000        0.00000        0.00000        0.00000        0.00000        0.00000        0.00000        0.00000
        0.00000        0.00000        0.00000        0.00000        0.00000        0.00000        0.00000        0.00000        0.00000        0.00000       -0.00000        0.00000        0.00000        0.00000        0.00000        0.00000        0.00000        0.00000
        0.00000        0.00000        0.00000        0.00000        0.00000        0.00000        0.00000        0.00000        0.00000        0.00000       -0.00000        0.00000        0.00000        0.00000        0.00000        0.00000        0.00000        0.00000
        0.00000        0.00000        0.00000        0.00000        0.00000        0.00000        0.00000        0.00000        0.00000        0.00000       -0.00000        0.00000        0.00000        0.00000        0.00000        0.00000        0.00000        0.00000
        0.00000        0.00000        0.00000        0.00000        0.00000        0.00000        0.00000        0.00000        0.00000        0.00000       -0.00000        0.00000        0.00000        0.00000        0.00000        0.00000        0.00000        0.00000
        0.00000        0.00000        0.00000        0.00000        0.00000        0.00000        0.00000        0.00000        0.00000        0.00000       -0.00000        0.00000        0.00000        0.00000        0.00000        0.00000        0.00000        0.00000
        0.00000        0.00000        0.00000        0.00000        0.00000        0.00000        0.00000        0.00000        0.00000        0.00000       -0.00000        0.00000        0.00000        0.00000        0.00000        0.00000        0.00000        0.00000
        0.00000        0.00000        0.00000        0.00000        0.00000        0.00000        0.00000        0.00000        0.00000        0.00000       -0.00000        0.00000        0.00000        0.00000        0.00000        0.00000        0.00000        0.00000
        0.00000        0.00000        0.00000        0.00000        0.00000        0.00000        0.00000        0.00000        0.00000        0.00000       -0.00000        0.00000        0.00000        0.00000        0.00000        0.00000        0.00000        0.00000
        0.00000        0.00000        0.00000        0.00000        0.00000        0.00000        0.00000        0.00000        0.00000        0.00000       -0.00000        0.00000        0.00000        0.00000        0.00000        0.00000        0.00000        0.00000
        0.00000        0.00000        0.00000        0.00000        0.00000        0.00000        0.00000        0.00000        0.00000        0.00000       -0.00000        0.00000        0.00000        0.00000        0.00000        0.00000        0.00000        0.00000
        0.00000        0.00000        0.00000        0.00000        0.00000        0.00000        0.00000        0.00000        0.00000        0.00000       -0.00000        0.00000        0.00000        0.00000        0.00000        0.00000        0.00000        0.00000
        0.00000        0.00000        0.00000        0.00000        0.00000        0.00000        0.00000        0.00000        0.00000        0.00000       -0.00000        0.00000        0.00000        0.00000        0.00000        0.00000        0.00000        0.00000
        0.00000        0.00000        0.00000        0.00000        0.00000        0.00000        0.00000        0.00000        0.00000        0.00000       -0.00000        0.00000        0.00000        0.00000        0.00000        0.00000        0.00000        0.00000
        0.00000        0.00000        0.00000        0.00000        0.00000        0.00000        0.00000        0.00000        0.00000        0.00000       -0.00000        0.00000        0.00000        0.00000        0.00000        0.00000        0.00000        0.00000
        0.00000        0.00000        0.00000        0.00000        0.00000        0.00000        0.00000        0.00000        0.00000        0.00000       -0.00000        0.00000        0.00000        0.00000        0.00000        0.00000        0.00000        0.00000
        0.00000        0.00000        0.00000        0.00000        0.00000        0.00000        0.00000        0.00000        0.00000        0.00000       -0.00000        0.00000        0.00000        0.00000        0.00000        0.00000        0.00000        0.00000
        0.00000        0.00000        0.00000        0.00000        0.00000        0.00000        0.00000        0.00000        0.00000        0.00000       -0.00000        0.00000        0.00000        0.00000        0.00000        0.00000        0.00000        0.00000
        0.00000        0.00000        0.00000        0.00000        0.00000        0.00000        0.00000        0.00000        0.00000        0.00000       -0.00000        0.00000        0.00000        0.00000        0.00000        0.00000        0.00000        0.00000
        0.00000        0.00000        0.00000        0.00000        0.00000        0.00000        0.00000        0.00000        0.00000        0.00000       -0.00000        0.00000        0.00000        0.00000        0.00000        0.00000        0.00000        0.00000
        0.00000        0.00000        0.00000        0.00000        0.00000        0.00000        0.00000        0.00000        0.00000        0.00000       -0.00000        0.00000        0.00000        0.00000        0.00000        0.00000        0.00000        0.00000
        0.00000        0.00000        0.00000        0.00000        0.00000        0.00000        0.00000        0.00000        0.00000        0.00000       -0.00000        0.00000        0.00000        0.00000        0.00000        0.00000        0.00000        0.00000
        0.00000        0.00000        0.00000        0.00000        0.00000        0.00000        0.00000        0.00000        0.00000        0.00000       -0.00000        0.00000        0.00000        0.00000        0.00000        0.00000        0.00000        0.00000
        0.00000        0.00000        0.00000        0.00000        0.00000        0.00000        0.00000        0.00000        0.00000        0.00000       -0.00000        0.00000        0.00000        0.00000        0.00000        0.00000        0.00000        0.00000
        0.00000        0.00000        0.00000        0.00000        0.00000        0.00000        0.00000        0.00000        0.00000        0.00000       -0.00000        0.00000        0.00000        0.00000        0.00000        0.00000        0.00000        0.00000
        0.00000        0.00000        0.00000        0.00000        0.00000        0.00000        0.00000        0.00000        0.00000        0.00000       -0.00000        0.00000        0.00000        0.00000        0.00000        0.00000        0.00000        0.00000
        0.00000        0.00000        0.00000        0.00000        0.00000        0.00000        0.00000        0.00000        0.00000        0.00000       -0.00000        0.00000        0.00000        0.00000        0.00000        0.00000        0.00000        0.00000
        0.00000        0.00000        0.00000        0.00000        0.00000        0.00000        0.00000        0.00000        0.00000        0.00000        0.00000        0.00000        0.00000        0.00000        0.00000        0.00000        0.00000        0.00000
        0.00000        0.00000        0.00000        0.00000        0.00000        0.00000        0.00000        0.00000        0.00000        0.00000        0.00000        0.00000        0.00000        0.00000        0.00000        0.00000        0.00000        0.00000
        0.00000        0.00000        0.00000        0.00000        0.00000        0.00000        0.00000        0.00000        0.00000        0.00000        0.00000        0.00000        0.00000        0.00000        0.00000        0.00000        0.00000        0.00000
        0.00000        0.00000        0.00000        0.00000        0.00000        0.00000        0.00000        0.00000        0.00000        0.00000        0.00000        0.00000        0.00000        0.00000        0.00000        0.00000        0.00000        0.00000
        0.00000        0.00000        0.00000        0.00000        0.00000        0.00000        0.00000        0.00000        0.00000        0.00000        0.00000        0.00000        0.00000        0.00000        0.00000        0.00000        0.00000        0.00000
        0.00000        0.00000        0.00000        0.00000        0.00000        0.00000        0.00000        0.00000        0.00000        0.00000        0.00000        0.00000        0.00000        0.00000        0.00000        0.00000        0.00000        0.00000
        0.00000        0.00000        0.00000        0.00000        0.00000        0.00000        0.00000        0.00000        0.00000        0.00000        0.00000        0.00000        0.00000        0.00000        0.00000        0.00000        0.00000        0.00000
        0.00000        0.00000        0.00000        0.00000        0.00000        0.00000        0.00000        0.00000        0.00000        0.00000        0.00000        0.00000        0.00000        0.00000        0.00000        0.00000        0.00000        0.00000
        0.00000        0.00000        0.00000        0.00000        0.00000        0.00000        0.00000        0.00000        0.00000        0.00000        0.00000        0.00000        0.00000        0.00000        0.00000        0.00000        0.00000        0.00000
        0.00000        0.00000        0.00000        0.00000        0.00000        0.00000        0.00000        0.00000        0.00000        0.00000        0.00000        0.00000        0.00000        0.00000        0.00000        0.00000        0.00000        0.00000
        0.00000        0.00000        0.00000        0.00000        0.00000        0.00000        0.00000        0.00000        0.00000        0.00000        0.00000        0.00000        0.00000        0.00000        0.00000        0.00000        0.00000        0.00000
        0.00000        0.00000        0.00000        0.00000        0.00000        0.00000        0.00000        0.00000        0.00000        0.00000        0.00000        0.00000        0.00000        0.00000        0.00000        0.00000        0.00000        0.00000
        0.00000        0.00000        0.00000        0.00000        0.00000        0.00000        0.00000        0.00000        0.00000        0.00000        0.00000        0.00000        0.00000        0.00000        0.00000        0.00000        0.00000        0.00000
        0.00000        0.00000        0.00000        0.00000        0.00000        0.00000        0.00000        0.00000        0.00000        0.00000        0.00000        0.00000        0.00000        0.00000        0.00000        0.00000        0.00000        0.00000
        0.00000        0.00000        0.00000        0.00000        0.00000        0.00000        0.00000        0.00000        0.00000        0.00000        0.00000        0.00000        0.00000        0.00000        0.00000        0.00000        0.00000        0.00000
        0.00000        0.00000        0.00000        0.00000        0.00000        0.00000        0.00000        0.00000        0.00000        0.00000        0.00000        0.00000        0.00000        0.00000        0.00000        0.00000        0.00000        0.00000
        0.00000        0.00000        0.00000        0.00000        0.00000        0.00000        0.00000        0.00000        0.00000        0.00000        0.00000        0.00000        0.00000        0.00000        0.00000        0.00000        0.00000        0.00000
        0.00000        0.00000        0.00000        0.00000        0.00000        0.00000        0.00000        0.00000        0.00000        0.00000        0.00000        0.00000        0.00000        0.00000        0.00000        0.00000        0.00000        0.00000
        0.00000        0.00000        0.00000        0.00000        0.00000        0.00000        0.00000        0.00000        0.00000        0.00000        0.00000        0.00000        0.00000        0.00000        0.00000        0.00000        0.00000        0.00000
        0.00000        0.00000        0.00000        0.00000        0.00000        0.00000        0.00000        0.00000        0.00000        0.00000        0.00000        0.00000        0.00000        0.00000        0.00000        0.00000        0.00000        0.00000
        0.00000        0.00000        0.00000        0.00000        0.00000        0.00000        0.00000        0.00000        0.00000        0.00000        0.00000        0.00000        0.00000        0.00000        0.00000        0.00000        0.00000        0.00000
        0.00000        0.00000        0.00000        0.00000        0.00000        0.00000        0.00000        0.00000        0.00000        0.00000        0.00000        0.00000        0.00000        0.00000        0.00000        0.00000        0.00000        0.00000
        0.00000        0.00000        0.00000        0.00000        0.00000        0.00000        0.00000        0.00000        0.00000        0.00000        0.00000        0.00000        0.00000        0.00000        0.00000        0.00000        0.00000        0.00000
        0.00000        0.00000        0.00000        0.00000        0.00000        0.00000        0.00000        0.00000        0.00000        0.00000        0.00000        0.00000        0.00000        0.00000        0.00000        0.00000        0.00000        0.00000
        0.00000        0.00000        0.00000        0.00000        0.00000        0.00000        0.00000        0.00000        0.00000        0.00000        0.00000        0.00000        0.00000        0.00000        0.00000        0.00000        0.00000        0.00000
        0.00000        0.00000        0.00000        0.00000        0.00000        0.00000        0.00000        0.00000        0.00000        0.00000        0.00000        0.00000        0.00000        0.00000        0.00000        0.00000        0.00000        0.00000
        0.00000        0.00000        0.00000        0.00000        0.00000        0.00000        0.00000        0.00000        0.00000        0.00000        0.00000        0.00000        0.00000        0.00000        0.00000        0.00000        0.00000        0.00000
        0.00000        0.00000        0.00000        0.00000        0.00000        0.00000        0.00000        0.00000        0.00000        0.00000        0.00000        0.00000        0.00000        0.00000        0.00000        0.00000        0.00000        0.00000
        0.00000        0.00000        0.00000        0.00000        0.00000        0.00000        0.00000        0.00000        0.00000        0.00000        0.00000        0.00000        0.00000        0.00000        0.00000        0.00000        0.00000        0.00000
        0.00000        0.00000        0.00000        0.00000        0.00000        0.00000        0.00000        0.00000        0.00000        0.00000        0.00000        0.00000        0.00000        0.00000        0.00000        0.00000        0.00000        0.00000
        0.00000        0.00000        0.00000        0.00000        0.00000        0.00000        0.00000        0.00000        0.00000        0.00000        0.00000        0.00000        0.00000        0.00000        0.00000        0.00000        0.00000        0.00000
        0.00000        0.00000        0.00000        0.00000        0.00000        0.00000        0.00000        0.00000        0.00000        0.00000        0.00000        0.00000        0.00000        0.00000        0.00000        0.00000        0.00000        0.00000
        0.00000        0.00000        0.00000        0.00000        0.00000        0.00000        0.00000        0.00000        0.00000        0.00000        0.00000        0.00000        0.00000        0.00000        0.00000        0.00000        0.00000        0.00000
        0.00000        0.00000        0.00000        0.00000        0.00000        0.00000        0.00000        0.00000        0.00000        0.00000        0.00000        0.00000        0.00000        0.00000        0.00000        0.00000        0.00000        0.00000
        0.00000        0.00000        0.00000        0.00000        0.00000        0.00000        0.00000        0.00000        0.00000        0.00000        0.00000        0.00000        0.00000        0.00000        0.00000        0.00000        0.00000        0.00000
        0.00000        0.00000        0.00000        0.00000        0.00000        0.00000        0.00000        0.00000        0.00000        0.00000        0.00000        0.00000        0.00000        0.00000        0.00000        0.00000        0.00000        0.00000
        0.00000        0.00000        0.00000        0.00000        0.00000        0.00000        0.00000        0.00000        0.00000        0.00000        0.00000        0.00000        0.00000        0.00000        0.00000        0.00000        0.00000        0.00000
        0.00000        0.00000        0.00000        0.00000        0.00000        0.00000        0.00000        0.00000        0.00000        0.00000        0.00000        0.00000        0.00000        0.00000        0.00000        0.00000        0.00000        0.00000
        0.00000        0.00000        0.00000        0.00000        0.00000        0.00000        0.00000        0.00000        0.00000        0.00000        0.00000        0.00000        0.00000        0.00000        0.00000        0.00000        0.00000        0.00000
        0.00000        0.00000        0.00000        0.00000        0.00000        0.00000        0.00000        0.00000        0.00000        0.00000        0.00000        0.00000        0.00000        0.00000        0.00000        0.00000        0.00000        0.00000
        0.00000        0.00000        0.00000        0.00000        0.00000        0.00000        0.00000        0.00000        0.00000        0.00000        0.00000        0.00000        0.00000        0.00000        0.00000        0.00000        0.00000        0.00000
        0.00000        0.00000        0.00000        0.00000        0.00000        0.00000        0.00000        0.00000        0.00000        0.00000        0.00000        0.00000        0.00000        0.00000        0.00000        0.00000        0.00000        0.00000
        0.00000        0.00000        0.00000        0.00000        0.00000        0.00000        0.00000        0.00000        0.00000        0.00000        0.00000        0.00000        0.00000        0.00000        0.00000        0.00000        0.00000        0.00000
        0.00000        0.00000        0.00000        0.00000        0.00000        0.00000        0.00000        0.00000        0.00000        0.00000        0.00000        0.00000        0.00000        0.00000        0.00000        0.00000        0.00000        0.00000
        0.00000        0.00000        0.00000        0.00000        0.00000        0.00000        0.00000        0.00000        0.00000        0.00000        0.00000        0.00000        0.00000        0.00000        0.00000        0.00000        0.00000        0.00000
        0.00000        0.00000        0.00000        0.00000        0.00000        0.00000        0.00000        0.00000        0.00000        0.00000        0.00000        0.00000        0.00000        0.00000        0.00000        0.00000        0.00000        0.00000
        0.00000        0.00000        0.00000        0.00000        0.00000        0.00000        0.00000        0.00000        0.00000        0.00000        0.00000        0.00000        0.00000        0.00000        0.00000        0.00000        0.00000        0.00000
        0.00000        0.00000        0.00000        0.00000        0.00000        0.00000        0.00000        0.00000        0.00000        0.00000        0.00000        0.00000        0.00000        0.00000        0.00000        0.00000        0.00000        0.00000
        0.00000        0.00000        0.00000        0.00000        0.00000        0.00000        0.00000        0.00000        0.00000        0.00000        0.00000        0.00000        0.00000        0.00000        0.00000        0.00000        0.00000        0.00000
        0.00000        0.00000        0.00000        0.00000        0.00000        0.00000        0.00000        0.00000        0.00000        0.00000        0.00000        0.00000        0.00000        0.00000        0.00000        0.00000        0.00000        0.00000
        0.00000        0.00000        0.00000        0.00000        0.00000        0.00000        0.00000        0.00000        0.00000        0.00000        0.00000        0.00000        0.00000        0.00000        0.00000        0.00000        0.00000        0.00000
        0.00000        0.00000        0.00000        0.00000        0.00000        0.00000        0.00000        0.00000        0.00000        0.00000        0.00000        0.00000        0.00000        0.00000        0.00000        0.00000        0.00000        0.00000
        0.00000        0.00000        0.00000        0.00000        0.00000        0.00000        0.00000        0.00000        0.00000        0.00000        0.00000        0.00000        0.00000        0.00000        0.00000        0.00000        0.00000        0.00000
        0.00000        0.00000        0.00000        0.00000        0.00000        0.00000        0.00000        0.00000        0.00000        0.00000        0.00000        0.00000        0.00000        0.00000        0.00000        0.00000        0.00000        0.00000
        0.00000        0.00000        0.00000        0.00000        0.00000        0.00000        0.00000        0.00000        0.00000        0.00000        0.00000        0.00000        0.00000        0.00000        0.00000        0.00000        0.00000        0.00000
        0.00000        0.00000        0.00000        0.00000        0.00000        0.00000        0.00000        0.00000        0.00000        0.00000        0.00000        0.00000        0.00000        0.00000        0.00000        0.00000        0.00000        0.00000
        0.00000        0.00000        0.00000        0.00000        0.00000        0.00000        0.00000        0.00000        0.00000        0.00000        0.00000        0.00000        0.00000        0.00000        0.00000        0.00000        0.00000        0.00000
        0.00000        0.00000        0.00000        0.00000        0.00000        0.00000        0.00000        0.00000        0.00000        0.00000        0.00000        0.00000        0.00000        0.00000        0.00000        0.00000        0.00000        0.00000
        0.00000        0.00000        0.00000        0.00000        0.00000        0.00000        0.00000        0.00000        0.00000        0.00000        0.00000        0.00000        0.00000        0.00000        0.00000        0.00000        0.00000        0.00000
        0.00000        0.00000        0.00000        0.00000        0.00000        0.00000        0.00000        0.00000        0.00000        0.00000        0.00000        0.00000        0.00000        0.00000        0.00000        0.00000        0.00000        0.00000
        0.00000        0.00000        0.00000        0.00000        0.00000        0.00000        0.00000        0.00000        0.00000        0.00000        0.00000        0.00000        0.00000        0.00000        0.00000        0.00000        0.00000        0.00000
        0.00000        0.00000        0.00000        0.00000        0.00000        0.00000        0.00000        0.00000        0.00000        0.00000        0.00000        0.00000        0.00000        0.00000        0.00000        0.00000        0.00000        0.00000
        0.00000        0.00000        0.00000        0.00000        0.00000        0.00000        0.00000        0.00000        0.00000        0.00000        0.00000        0.00000        0.00000        0.00000        0.00000        0.00000        0.00000        0.00000
        0.00000        0.00000        0.00000        0.00000        0.00000        0.00000        0.00000        0.00000        0.00000        0.00000        0.00000        0.00000        0.00000        0.00000        0.00000        0.00000        0.00000        0.00000
        0.00000        0.00000        0.00000        0.00000        0.00000        0.00000        0.00000        0.00000        0.00000        0.00000        0.00000        0.00000        0.00000        0.00000        0.00000        0.00000        0.00000        0.00000
        0.00000        0.00000        0.00000        0.00000        0.00000        0.00000        0.00000        0.00000        0.00000        0.00000        0.00000        0.00000        0.00000        0.00000        0.00000        0.00000        0.00000        0.00000
        0.00000        0.00000        0.00000        0.00000        0.00000        0.00000        0.00000        0.00000        0.00000        0.00000        0.00000        0.00000        0.00000        0.00000        0.00000        0.00000        0.00000        0.00000
        0.00000        0.00000        0.00000        0.00000        0.00000        0.00000        0.00000        0.00000        0.00000        0.00000        0.00000        0.00000        0.00000        0.00000        0.00000        0.00000        0.00000        0.00000
        0.00000        0.00000        0.00000        0.00000        0.00000        0.00000        0.00000        0.00000        0.00000        0.00000        0.00000        0.00000        0.00000        0.00000        0.00000        0.00000        0.00000        0.00000
