!------------------------------------------------------------!
  Date: 20191117
  Simulation name: BWX7 
  Filename:PEbyx.txt                                                                                                                                             
  Produced in mod-subroutine:  massdist/energypotential                                                                                                                              
  Written by AK September 2019
  Description:Integrates by width potential energy necessary to overflow at each height                                                                             
  Data format: RMAX by t potential energy (J)                                                                                                                       
!------------------------------------------------------------!
        0.0000000000
  2494711.7033636570
     4914.3392179335
     4731.8260327413
     4549.3128475491
     4366.7996623569
     4184.2864771647
     5015.7353916380
     4833.2222064457
     4650.7090212535
     4468.1958360613
     4285.6826508691
     4103.1694656769
     4934.6183801502
     4752.1051949580
     4569.5920097658
     4387.0788245735
     4204.5656393813
     5036.0145538546
     4853.5013686624
     4670.9881834702
     4488.4749982780
     4305.9618130858
     4123.4486278935
     4954.8975423669
     4772.3843571746
     4589.8711719824
     4407.3579867902
     4224.8448015980
     5056.2937160713
     4873.7805308791
     4691.2673456869
     4508.7541604946
     4326.2409753024
     4143.7277901102
     4975.1767045835
     4792.6635193913
     4610.1503341991
     4427.6371490069
     4245.1239638147
     4062.6107786224
     4894.0596930957
     4711.5465079035
     4529.0333227113
     4346.5201375191
     4164.0069523269
     4995.4558668002
     4812.9426816080
     4630.4294964158
     4447.9163112235
     4265.4031260313
     4082.8899408391
     4963.4822438655
     4731.8256701202
     4549.3124849280
     4366.7992997358
     4184.2861145435
     5015.7350290169
     4833.2218438246
     4650.7086586324
     4468.1954734402
     4285.6822882480
     4103.1691030558
     4934.6180175291
     4752.1048323369
     4569.5916471447
     4387.0784619524
     4204.5652767602
     5036.0141912335
     4853.5010060413
     4670.9878208491
     4488.4746356569
     4305.9614504647
     4123.4482652724
     4954.8971797458
     4772.3839945535
     4589.8708093613
     4407.3576241691
     4224.8444389769
     5056.2933534502
     4873.7801682580
     4691.2669830658
     4508.7537978735
     4326.2406126813
     4143.7274274891
     4975.1763419624
     4792.6631567702
     4610.1499715780
     4427.6367863858
     4245.1236011936
     4062.6104160013
     4894.0593304746
     4711.5461452824
     4529.0329600902
     4346.5197748980
     4164.0065897058
     4995.4555041791
     4812.9423189869
     4630.4291337947
     4447.9159486024
     4265.4027634102
     4082.8895782180
     4963.4818776182
     4731.8253074991
     4549.3121223069
     4366.7989371147
     4184.2857519224
     5015.7346663958
     4833.2214812035
     4650.7082960113
     4468.1951108191
     4285.6819256269
     4103.1687404347
     4934.6176549080
     4752.1044697158
     4569.5912845235
     4387.0780993313
     4204.5649141391
     5036.0138286124
     4853.5006434202
     4670.9874582280
     4488.4742730358
     4305.9610878436
     4123.4479026513
     4954.8968171246
     4772.3836319324
     4589.8704467402
     4407.3572615480
     4224.8440763558
     5056.2929908291
     4873.7798056369
     4691.2666204447
     4508.7534352524
     4326.2402500602
     4143.7270648680
     4975.1759793413
     4792.6627941491
     4610.1496089569
     4427.6364237647
     4245.1232385724
     4062.6100533802
     4894.0589678535
     4711.5457826613
     4529.0325974691
     4346.5194122769
     4164.0062270847
     4995.4551415580
     4812.9419563658
     4630.4287711735
     4447.9155859813
     4265.4024007891
     4082.8892155969
     4963.4815113709
     4731.8249448780
     4549.3117596858
     4366.7985744936
     4184.2853893013
     5015.7343037747
     4833.2211185824
     4650.7079333902
     4468.1947481980
     4285.6815630058
     4103.1683778136
     4934.6172922869
     4752.1041070947
     4569.5909219024
     4387.0777367102
     4204.5645515180
     5036.0134659913
     4853.5002807991
     4670.9870956069
     4488.4739104147
     4305.9607252224
     4123.4475400302
     4954.8964545035
     4772.3832693113
     4589.8700841191
     4407.3568989269
     4224.8437137347
     5056.2926282080
     4873.7794430158
     4691.2662578236
     4508.7530726313
     4326.2398874391
     4143.7267022469
     4975.1756167202
     4792.6624315280
     4610.1492463358
     4427.6360611436
     4245.1228759513
     4062.6096907591
     4894.0586052324
     4711.5454200402
     4529.0322348480
     4346.5190496558
     4164.0058644636
     4995.4547789369
     4812.9415937447
     4630.4284085524
     4447.9152233602
     4265.4020381680
     4082.8888529758
     4963.4811451236
     4731.8245822569
     4549.3113970647
     4366.7982118725
     4184.2850266802
     5015.7339411535
     4833.2207559613
     4650.7075707691
     4468.1943855769
     4285.6812003847
     4103.1680151925
     4934.6169296658
     4752.1037444736
     4569.5905592813
     4387.0773740891
     4204.5641888969
     5036.0131033702
     4853.4999181780
     4670.9867329858
     4488.4735477936
     4305.9603626013
     4123.4471774091
     4954.8960918824
     4772.3829066902
     4589.8697214980
     4407.3565363058
     4224.8433511136
     5056.2922655869
     4873.7790803947
     4691.2658952024
     4508.7527100102
     4326.2395248180
     4143.7263396258
     4975.1752540991
     4792.6620689069
     4610.1488837147
     4427.6356985225
     4245.1225133302
     4062.6093281380
     4894.0582426113
     4711.5450574191
     4529.0318722269
     4346.5186870347
     4164.0055018425
     4995.4544163158
     4812.9412311236
     4630.4280459313
     4447.9148607391
     4265.4016755469
     4082.8884903547
     4963.4807788763
     4731.8242196358
     4549.3110344436
     4366.7978492513
     4184.2846640591
     5015.7335785324
     4833.2203933402
     4650.7072081480
     4468.1940229558
     4285.6808377636
     4103.1676525714
     4934.6165670447
     4752.1033818525
     4569.5901966602
     4387.0770114680
     4204.5638262758
     5036.0127407491
     4853.4995555569
     4670.9863703647
     4488.4731851725
     4305.9599999802
     4123.4468147880
     4954.8957292613
     4772.3825440691
     4589.8693588769
     4407.3561736847
     4224.8429884925
     5056.2919029658
     4873.7787177736
     4691.2655325813
     4508.7523473891
     4326.2391621969
     4143.7259770047
     4975.1748914780
     4792.6617062858
     4610.1485210936
     4427.6353359014
     4245.1221507091
     4062.6089655169
     4894.0578799902
     4711.5446947980
     4529.0315096058
     4346.5183244136
     4164.0051392214
     4995.4540536947
     4812.9408685025
     4630.4276833102
     4447.9144981180
     4265.4013129258
     4082.8881277336
     4963.4804126290
     4731.8238570147
     4549.3106718225
     4366.7974866302
     4184.2843014380
     5015.7332159113
     4833.2200307191
     4650.7068455269
     4468.1936603347
     4285.6804751425
     4103.1672899503
     4934.6162044236
     4752.1030192313
     4569.5898340391
     4387.0766488469
     4204.5634636547
     5036.0123781280
     4853.4991929358
     4670.9860077436
     4488.4728225514
     4305.9596373591
     4123.4464521669
     4954.8953666402
     4772.3821814480
     4589.8689962558
     4407.3558110636
     4224.8426258714
     5056.2915403447
     4873.7783551525
     4691.2651699602
     4508.7519847680
     4326.2387995758
     4143.7256143836
     4975.1745288569
     4792.6613436647
     4610.1481584725
     4427.6349732802
     4245.1217880880
     4062.6086028958
     4894.0575173691
     4711.5443321769
     4529.0311469847
     4346.5179617925
     4164.0047766003
     4995.4536910736
     4812.9405058813
     4630.4273206891
     4447.9141354969
     4265.4009503047
     4082.8877651125
     4963.4800463816
     4731.8234943936
     4549.3103092014
     4366.7971240091
     4184.2839388169
     5015.7328532902
     4833.2196680980
     4650.7064829058
     4468.1932977136
     4285.6801125214
     4103.1669273291
     4934.6158418025
     4752.1026566102
     4569.5894714180
     4387.0762862258
     4204.5631010336
     5036.0120155069
     4853.4988303147
     4670.9856451225
     4488.4724599302
     4305.9592747380
     4123.4460895458
     4954.8950040191
     4772.3818188269
     4589.8686336347
     4407.3554484425
     4224.8422632503
     5056.2911777236
     4873.7779925314
     4691.2648073391
     4508.7516221469
     4326.2384369547
     4143.7252517625
     4975.1741662358
     4792.6609810436
     4610.1477958514
     4427.6346106591
     4245.1214254669
     4062.6082402747
     4894.0571547480
     4711.5439695558
     4529.0307843636
     4346.5175991714
     4164.0044139791
     4995.4533284525
     4812.9401432602
     4630.4269580680
     4447.9137728758
     4265.4005876836
     4082.8874024914
        0.0000000000
        0.0000000000
        0.0000000000
  2494711.7033636570
  3080190.0207094257
  2958329.6610544599
  2818442.5023223329
  2680422.5092700808
  2533196.4358964572
  3033044.9023897126
  2839866.7801000201
  2640558.5181912179
  2404031.6281632986
  2165896.6455383254
  1939736.6105655532
  2314900.5283138766
  2088214.6153465738
  1832919.1276862260
  1614937.3931286954
  1357906.0912112112
  1775724.1393313797
  1549317.2388427532
  1334874.5405397199
  1115377.4453520779
   917082.5677288263
   741741.1310538494
  1040651.6559159129
   847504.2991611746
   716226.0940668442
   661222.7372111819
   534146.4360404732
   773467.6829648839
   617322.2179337793
   478920.6715713649
   366413.1650411083
   268956.7649230789
   183624.7189870405
   256658.1766800571
   203095.2455937151
   141665.0464040957
   100156.8724765141
    70270.3143274511
    49735.0607003873
    68963.7222906731
    49372.3796072153
    39101.0967066898
    33906.7027490633
    31309.4731172006
    29682.8710042491
    21547.9887857629
    11675.0577322789
     6428.8082577262
     6090.2690121063
     5703.3414388757
     6248.4008369455
     5556.1031148005
     4870.8416412706
     4382.3512532651
     4172.9959735399
     5015.7389427626
     4833.2245463149
     4650.7105411722
     4468.1968332401
     4285.6833332638
     4103.1699854932
     4934.6211671973
     4752.1069530697
     4569.5930674853
     4387.0794613837
     4204.5660505748
     5036.0163981880
     4853.5025346656
     4670.9888321976
     4488.4752322008
     4305.9620541731
     4123.4487910765
     4954.8992716626
     4772.3853583260
     4589.8716393283
     4407.3581122855
     4224.8448662946
     5056.2950371474
     4873.7813081144
     4691.2676832388
     4508.7542605337
     4326.2410426103
     4143.7278538284
     4975.1779529867
     4792.6640144316
     4610.1505101863
     4427.6372169977
     4245.1240117870
     4062.6108677978
     4894.0607965137
     4711.5469152424
     4529.0334570327
     4346.5198577396
     4164.0070273855
     4995.4567859045
     4812.9430208163
     4630.4296047258
     4447.9163847509
     4265.4031841191
     4082.8897846799
     4963.4834819176
     4731.8256479256
     4549.3125879616
     4366.7993394757
     4184.2862611081
     5015.7358395703
     4833.2221308226
     4650.7087418060
     4468.1952159812
     4285.6823710132
     4103.1692303121
     4934.6188851049
     4752.1050712025
     4569.5917682151
     4387.0785146592
     4204.5654537319
     5036.0149312719
     4853.5012767161
     4670.9878936774
     4488.4747681656
     4305.9615246698
     4123.4485212337
     4954.8981954588
     4772.3843000620
     4589.8709527827
     4407.3576877783
     4224.8446929738
     5056.2943132014
     4873.7804580893
     4691.2671945926
     4508.7541174226
     4326.2407826644
     4143.7277183551
     4975.1773009110
     4792.6634401368
     4610.1501967513
     4427.6371221468
     4245.1239583982
     4062.6108843872
     4894.0602119077
     4711.5465233844
     4529.0332708797
     4346.5201117632
     4164.0070645730
     4995.4565562574
     4812.9429160116
     4630.4296055935
     4447.9164355568
     4265.4031983057
     4082.8898548535
     4963.4829955477
     4731.8255276190
     4549.3124793058
     4366.7993552224
     4184.2862775170
     5015.7356960563
     4833.2220759942
     4650.7087719825
     4468.1956014417
     4285.6823623396
     4103.1691296827
     4934.6184241543
     4752.1049329764
     4569.5916487040
     4387.0784789165
     4204.5652733560
     5036.0145139034
     4853.5010475827
     4670.9876656889
     4488.4744655120
     4305.9613776472
     4123.4481911173
     4954.8974738145
     4772.3840183195
     4589.8706371977
     4407.3573485589
     4224.8442801363
     5056.2935831627
     4873.7801851951
     4691.2668139274
     4508.7535533530
     4326.2403837687
     4143.7272275534
     4975.1765366640
     4792.6629263357
     4610.1497029464
     4427.6365257795
     4245.1233585633
     4062.6102164128
     4894.0595074932
     4711.5459015656
     4529.0326807855
     4346.5191742979
     4164.0063681125
     4995.4556360007
     4812.9420759571
     4630.4288640541
     4447.9157092404
     4265.4025226459
     4082.8891171048
     4963.4823313102
     4731.8247438787
     4549.3118271779
     4366.7986802670
     4184.2855685394
     5015.7348169389
     4833.2212373122
     4650.7080439138
     4468.1945728519
     4285.6816677403
     4103.1685606816
     4934.6178391905
     4752.1042351259
     4569.5910474995
     4387.0778534855
     4204.5647533823
     5036.0139895081
     4853.5004179180
     4670.9872296365
     4488.4741017459
     4305.9608605531
     4123.4478137010
     4954.8972348013
     4772.3834902408
     4589.8702618339
     4407.3570268428
     4224.8439903740
     5056.2933980133
     4873.7796675563
     4691.2665182408
     4508.7534570040
     4326.2401246136
     4143.7270030548
     4975.1763995839
     4792.6626640236
     4610.1495368876
     4427.6364764401
     4245.1232937839
     4062.6101792778
     4894.0593675751
     4711.5457188935
     4529.0326379603
     4346.5194709005
     4164.0063972568
     4995.4557336737
     4812.9421437299
     4630.4289762870
     4447.9157840663
     4265.4024985346
     4082.8891670573
     4963.4821298739
     4731.8248062334
     4549.3118670414
     4366.7986915439
     4184.2855951900
     5015.7348479664
     4833.2213022504
     4650.7081417825
     4468.1949449104
     4285.6816539962
     4103.1683756007
     4934.6175758712
     4752.1041536423
     4569.5910253641
     4387.0777973645
     4204.5645338970
     5036.0136581146
     4853.5002637931
     4670.9869653544
     4488.4738484315
     4305.9606989476
     4123.4474803044
     4954.8966240049
     4772.3832550523
     4589.8699317239
     4407.3567035201
     4224.8435857645
     5056.2928003743
     4873.7794497812
     4691.2661378325
     4508.7529154521
     4326.2396720234
     4143.7266031611
     4975.1757510784
     4792.6622541511
     4610.1490718116
     4427.6359003839
     4245.1226668304
     4062.6095858348
     4894.0588706256
     4711.5452757630
     4529.0320562595
     4346.5185393902
     4164.0057408131
     4995.4551244598
     4812.9414968686
     4630.4282989266
     4447.9150914662
     4265.4018575822
     4082.8884971417
     4963.4818973480
     4731.8242520346
     4549.3112849232
     4366.7980460495
     4184.2849469944
     5015.7345379075
     4833.2207706683
     4650.7075080704
     4468.1939867558
     4285.6810493804
     4103.1679289742
     4934.6176862662
     4752.1038297532
     4569.5905208452
     4387.0772495207
     4204.5641436271
     5036.0139194850
     4853.5000811154
     4670.9867497760
     4488.4735165688
     4305.9602570576
     4123.4472171585
     4954.8972166141
     4772.3832216038
     4589.8697569345
     4407.3564512695
     4224.8433999379
     5056.2934323138
     4873.7794568400
     4691.2660855012
     4508.7528493614
     4326.2395451654
     4143.7264026574
     4975.1764860407
     4792.6624946357
     4610.1491249951
     4427.6359104596
     4245.1226862571
     4062.6095156692
     4894.0595406544
     4711.5455527206
     4529.0321575457
     4346.5189001235
     4164.0057637119
     4995.4559035728
     4812.9419837031
     4630.4285543789
     4447.9152112042
     4265.4018617177
     4082.8885184250
     4963.4823330843
     4731.8246463628
     4549.3113556972
     4366.7980891615
     4184.2849143413
     5015.7350250464
     4833.2211541778
     4650.7077303098
     4468.1943689844
     4285.6809940250
     4103.1677303403
     4934.6176647979
     4752.1039666904
     4569.5905675850
     4387.0771646190
     4204.5638621105
     5036.0136885615
     4853.5000583555
     4670.9866498221
     4488.4732560611
     4305.9600198164
     4123.4467507429
     4954.8965460909
     4772.3830087345
     4589.8695307321
     4407.3560083021
     4224.8427940511
     5056.2925762051
     4873.7791723832
     4691.2657395276
     4508.7523363437
     4326.2389613069
     4143.7257194365
     4975.1753550456
     4792.6618629358
     4610.1485800036
     4427.6353085748
     4245.1218911726
     4062.6086638127
     4894.0581631588
     4711.5447836550
     4529.0314856995
     4346.5176872941
     4164.0048061192
     4995.4541717366
     4812.9408824085
     4630.4276296480
     4447.9144256412
     4265.4015343805
     4082.8883389877
        0.0000000000
        0.0000000000
        0.0000000000
  2494711.7033636570
  3083398.1183902831
  2963408.8701447211
  2828380.7768752319
  2703166.3886145889
  2551538.8070044252
  3050762.5909612090
  2877104.3922122349
  2711726.9158118488
  2518052.6424252791
  2329470.1568880770
  2161328.5865191342
  2606743.2398335678
  2438035.0405572099
  2256739.8591424213
  2096029.3460056712
  1922037.8111470283
  2411273.9503487814
  2229403.0928311818
  2079477.8355933079
  1917779.8128216940
  1775190.6510128817
  1612364.2637870773
  2107342.7302023708
  1959957.5431083634
  1796982.0506003478
  1664652.0404784495
  1505601.8054580735
  2005517.1762571917
  1863544.8698798905
  1706171.3675824022
  1575202.4081398833
  1440734.4892664559
  1280789.7139336837
  1763774.6082529107
  1636615.0278996346
  1481687.0126393843
  1351237.6563026975
  1222338.6330465320
  1089952.5672834869
  1533235.7337994233
  1382874.1739836347
  1261811.9813398500
  1136642.2145760539
   994347.5611385105
  1415105.5091574693
  1276001.8591330596
  1149557.2918659272
  1024738.8730338862
   896775.8502503904
   773768.3598660270
  1105140.3050854609
   969377.7737710524
   864786.5746701345
   778347.4047844325
   691394.8328644116
   981110.4436846252
   862219.9409645634
   758511.2306385996
   680619.3798602076
   597436.1691751346
   512474.4412840164
   687690.0509214543
   580432.4029658113
   512787.4317518620
   457356.5473345531
   390251.3779131755
   527258.1819316423
   447957.4839046520
   389619.9782814452
   338379.2572139345
   290392.3226843319
   237212.1339862571
   324565.4221237681
   268088.4485669365
   225549.4296956064
   190150.1770492119
   155930.4521941722
   218471.8658182862
   180988.9331277926
   149740.1687659754
   123826.6435633817
    99446.8308991475
    77918.9717389030
   104381.7676640307
    87480.8756325306
    74407.9579335568
    62425.1073099489
    51621.6760633356
    42075.6022714227
    56597.8628916471
    49843.5309473374
    44078.3791055518
    38571.4821143456
    33755.2461041007
    39694.6718222987
    36538.0945147505
    34095.2339089024
    31989.0069485254
    29863.7262866320
    27526.4891878422
    29783.6984145323
    27867.0010040527
    26456.0768717307
    25662.4478040428
    25214.8377482172
    27142.3556063318
    25177.9467998939
    22196.7519348958
    18694.7420300784
    14473.9734144172
    10130.1703721533
     8544.5121965762
     7129.5655714023
     6705.7407745734
     6272.9615240706
     5773.6079313223
     6050.7364370530
     5162.8389046376
     4608.4691912310
     4481.2120022626
     4305.9664915562
     4123.4520373609
     4954.9070297441
     4772.3916630290
     4589.8766960484
     4407.3618887663
     4224.8475927573
     5056.3020238824
     4873.7866496791
     4691.2717832514
     4508.7571888955
     4326.2429620849
     4143.7291116983
     4975.1843127455
     4792.6690600725
     4610.1542637882
     4427.6397264232
     4245.1256105627
     4062.6118757583
     4894.0670392845
     4711.5517515403
     4529.0367755871
     4346.5222945762
     4164.0082889143
     4995.4623174615
     4812.9472280003
     4630.4325753834
     4447.9183756934
     4265.4045380139
     4082.8908127490
     4963.4896615972
     4731.8300026399
     4549.3152696061
     4366.8011004005
     4184.2873848380
     5015.7412989756
     4833.2261812578
     4650.7115027393
     4468.1973368104
     4285.6835945607
     4103.1703234859
     4934.6244382696
     4752.1090638035
     4569.5942465752
     4387.0800605193
     4204.5665510221
     5036.0196880067
     4853.5045858182
     4670.9901474561
     4488.4757348770
     4305.9621619133
     4123.4490072172
     4954.9028961940
     4772.3875984842
     4589.8730199463
     4407.3585329466
     4224.8450811442
     5056.2983631477
     4873.7833161285
     4691.2689220363
     4508.7545645925
     4326.2411640980
     4143.7277627702
     4975.1817486947
     4792.6661338907
     4610.1515798444
     4427.6374332863
     4245.1240657222
     4062.6107297588
     4894.0645256094
     4711.5489354761
     4529.0344401294
     4346.5200081557
     4164.0068291964
     4995.4600413393
     4812.9447669011
     4630.4304305280
     4447.9164556605
     4265.4031740338
     4082.8895914703
     4963.4870226158
     4731.8274903214
     4549.3131557322
     4366.7994948237
     4184.2861185691
     5015.7391076322
     4833.2237653679
     4650.7094791759
     4468.1952035824
     4285.6820531732
     4103.1690794192
     4934.6221400809
     4752.1069341295
     4569.5923416606
     4387.0786579527
     4204.5652965631
     5036.0181033734
     4853.5028236267
     4670.9885406259
     4488.4747376873
     4305.9614591829
     4123.4483483143
     4954.9014617450
     4772.3862911955
     4589.8715290929
     4407.3578291160
     4224.8445642525
     5056.2973001053
     4873.7822993040
     4691.2677443101
     4508.7541235321
     4326.2409218488
     4143.7275982564
     4975.1805176581
     4792.6653523400
     4610.1508186252
     4427.6371624133
     4245.1238811907
     4062.6108258988
     4894.0638516969
     4711.5482734925
     4529.0338733017
     4346.5202215983
     4164.0070603745
     4995.4596752150
     4812.9446425540
     4630.4303898553
     4447.9167389826
     4265.4033507564
     4082.8899441401
     4963.4865468185
     4731.8270774093
     4549.3129863569
     4366.7995244881
     4184.2863738576
     5015.7388019206
     4833.2237275708
     4650.7095135980
     4468.1958987293
     4285.6825353234
     4103.1693460955
     4934.6214869503
     4752.1063582127
     4569.5921794923
     4387.0786340412
     4204.5654299392
     5036.0172329464
     4853.5022976454
     4670.9882229908
     4488.4744238603
     4305.9612594539
     4123.4481990352
     4954.9002074252
     4772.3852291172
     4589.8711280070
     4407.3572444651
     4224.8441566438
     5056.2960971189
     4873.7812826397
     4691.2672753799
     4508.7534269366
     4326.2402560467
     4143.7270211310
     4975.1792147514
     4792.6639613907
     4610.1499885645
     4427.6363628889
     4245.1232074104
     4062.6100132389
     4894.0621927831
     4711.5469322957
     4529.0329355542
     4346.5188633424
     4164.0061368434
     4995.4581874067
     4812.9430854356
     4630.4291426932
     4447.9155374894
     4265.4023816271
     4082.8888331156
     4963.4851650969
     4731.8257167215
     4549.3119649399
     4366.7986200089
     4184.2855072244
     5015.7375721842
     4833.2223403191
     4650.7083331814
     4468.1942476503
     4285.6814191435
     4103.1685684405
     4934.6206924033
     4752.1055113303
     4569.5912638258
     4387.0778391779
     4204.5648256241
     5036.0169324880
     4853.5016659537
     4670.9875485766
     4488.4739991313
     4305.9607868682
     4123.4480065923
     4954.9003827660
     4772.3850211836
     4589.8705545271
     4407.3570712237
     4224.8442785632
     5056.2965004371
     4873.7812085809
     4691.2669281268
     4508.7534609509
     4326.2402400186
     4143.7273874548
     4975.1796623614
     4792.6642538047
     4610.1500676263
     4427.6365610454
     4245.1233365594
     4062.6106337167
     4894.0628118950
     4711.5472980627
     4529.0330767824
     4346.5196815062
     4164.0070148493
     4995.4590389787
     4812.9437473875
     4630.4296214894
     4447.9160569988
     4265.4027219511
     4082.8896406691
     4963.4855162551
     4731.8259622657
     4549.3122537076
     4366.7989819432
     4184.2862948858
     5015.7379261964
     4833.2227252026
     4650.7087246855
     4468.1951271978
     4285.6817726592
     4103.1690895200
     4934.6201963926
     4752.1052925207
     4569.5913409077
     4387.0779152391
     4204.5651292157
     5036.0158513927
     4853.5011765336
     4670.9874693102
     4488.4738202533
     4305.9606898288
     4123.4478069594
     4954.8984017874
     4772.3839827650
     4589.8702341088
     4407.3565335362
     4224.8436397320
     5056.2941257415
     4873.7801094480
     4691.2665383679
     4508.7528844414
     4326.2394876483
     4143.7263817660
     4975.1765895785
     4792.6625512976
     4610.1492972517
     4427.6358964278
     4245.1223814561
     4062.6091925080
     4894.0591057966
     4711.5454661663
     4529.0321506728
     4346.5178056595
     4164.0052371145
     4995.4549378294
     4812.9416115092
     4630.4283790282
     4447.9151715448
     4265.4025697484
     4082.8893691998
        0.0000000000
        0.0000000000
        0.0000000000
     1392.2609771655
  3083554.6145405951
  2964291.4041306321
  2828455.5830835146
  2705853.1819768078
  2559746.8858832666
  3061474.6142292167
  2891194.0114100487
  2728084.4689676561
  2540210.8398767356
  2359151.6990757128
  2190290.6381030623
  2642700.3868762255
  2469683.9021478393
  2290030.2427523485
  2134634.8091101903
  1967625.9578739945
  2461117.6007863260
  2289289.0064921342
  2143840.6455656919
  1985418.9149156797
  1849599.2921864181
  1698987.9166074763
  2203961.8643473517
  2067735.6846165457
  1916449.7821664584
  1790212.0698392943
  1646039.8130446810
  2159676.0950852432
  2026625.9862046661
  1883417.1702755229
  1763065.5095505284
  1642612.8682259168
  1501217.9151389252
  2011581.8267771662
  1887218.5845385331
  1751221.4674257941
  1631608.4998003095
  1511364.7438223630
  1381977.0305733394
  1878276.8445681725
  1736576.7169767239
  1615187.8375582499
  1491990.7802104624
  1359905.3874594402
  1858453.2215256344
  1721782.9851683411
  1597023.8493892653
  1475853.0301878823
  1353278.7479318662
  1226066.7902360503
  1718991.6801110839
  1578044.2807588056
  1464724.0798929851
  1345630.9758563850
  1215811.6636711285
  1708825.6009954261
  1568145.9757996008
  1444141.4122356540
  1328042.2732561217
  1210260.6829570958
  1091405.9526676778
  1522557.5159924231
  1387877.7806964223
  1283418.7350030721
  1184620.3244963926
  1079706.4097164965
  1529933.8808695504
  1398598.8464822674
  1287949.4931872846
  1151175.0655462279
  1045254.8871220623
   941058.0788219608
  1323167.7473220152
  1193436.1501301297
  1096461.7205536596
   981123.7005650052
   889787.1612926039
  1273569.4783368630
  1151601.6927404252
  1045432.4516587509
   935860.9161296824
   848006.0794035329
   738359.2988343255
  1063224.2119312615
   933301.4174717269
   847338.9460488267
   770654.6096526905
   707942.3625964859
   624726.2323947106
   895378.8736616479
   782144.2596154460
   706476.7291475927
   630903.3781958607
   549656.0866365993
   784494.4263598829
   686283.4883446511
   622616.3791985018
   565669.1081759740
   510746.9628786191
   444603.4672246509
   631009.7348357820
   546224.9476194886
   478884.6359217998
   433491.9597497086
   375936.1803196035
   538925.5187442178
   462706.4493304560
   412241.7365916877
   367367.8472131165
   327275.6557068226
   288609.0747824596
   397826.9803537095
   343336.3211883675
   298233.4256194253
   265556.0015353443
   228681.0125084716
   314237.7956684500
   273562.4053054521
   245244.2774272101
   217040.3886954439
   192492.3692295942
   162772.4656698288
   214123.9686485245
   185056.7053555270
   161379.3363160432
   144120.2553887106
   122489.0268618794
   162020.2785927708
   142279.4757300354
   123483.6010989702
   108725.0051048521
    94216.5276497522
    77687.9841471356
   101080.9822212951
    89751.1057930415
    80241.8735841201
    70805.5944886198
    61074.8476775935
    50894.5090280935
    67707.7213650827
    59587.5169203798
    52693.4539230380
    45645.3889249523
    38425.8588272985
    50524.7886568453
    44925.6419343017
    39611.5891175925
    34704.7241798247
    29911.3847762303
    25678.1981215401
    34051.2331355896
    30608.7932825197
    27319.1587716167
    24179.2594323736
    21271.2080122437
    27234.7752180417
    24824.9614363002
    22628.2292744750
    20690.0281202324
    18919.3963624883
    17316.0753296193
    22200.9398262921
    20955.9077433222
    19792.4165595251
    18716.5896171879
    17709.8685420676
    21860.7449432770
    21156.3041483123
    20445.4105856441
    19779.7449267865
    19219.0071532489
    18839.0747227840
    23823.6309170701
    23785.0998327945
    23228.7192908929
    22080.8778074782
    20456.6775886246
    22630.9916378621
    20815.2387365661
    18977.4328828936
    17301.2046097592
    15693.0761755395
    14038.2284750828
    14206.4025436156
    12131.0625925391
    10148.0685347674
     8668.2814226202
     7764.4283291075
     7200.4117986442
     8288.7342577982
     7651.8549831802
     6774.0827010547
     5574.6422788583
     4473.2863764295
     4959.4246946751
     4788.6455885034
     4630.4306253016
     4447.9271033330
     4265.4118096009
     4082.8961997877
     4963.4976733471
     4731.8373439113
     4549.3216467258
     4366.8065122322
     4184.2913307392
     5015.7488170676
     4833.2324086094
     4650.7169038896
     4468.2011739832
     4285.6862694715
     4103.1718687977
     4934.6298041391
     4752.1141797033
     4569.5985505018
     4387.0835051292
     4204.5685985547
     5036.0256765860
     4853.5094453268
     4670.9939536764
     4488.4787368377
     4305.9641410000
     4123.4499878728
     4954.9082415394
     4772.3926035998
     4589.8767127970
     4407.3615447055
     4224.8469181442
     5056.3036185753
     4873.7878664387
     4691.2721502429
     4508.7571305035
     4326.2428612613
     4143.7288774073
     4975.1869198466
     4792.6710491895
     4610.1552175675
     4427.6400626967
     4245.1256421854
     4062.6119226686
     4894.0699399247
     4711.5536802309
     4529.0378931630
     4346.5227956311
     4164.0085826780
     4995.4649961531
     4812.9491765066
     4630.4337321306
     4447.9189577747
     4265.4048544963
     4082.8911577133
     4963.4928398494
     4731.8318597343
     4549.3162126048
     4366.8015516070
     4184.2877982375
     5015.7441297894
     4833.2280380139
     4650.7124689061
     4468.1978036378
     4285.6839325358
     4103.1707364526
     4934.6273017879
     4752.1107320376
     4569.5949467764
     4387.0803277358
     4204.5668182747
     5036.0222274439
     4853.5059814338
     4670.9905974461
     4488.4758379146
     4305.9622625718
     4123.4492847454
     4954.9054219179
     4772.3888412152
     4589.8733200924
     4407.3585085391
     4224.8452298951
     5056.3007309744
     4873.7844202418
     4691.2691371438
     4508.7544776734
     4326.2411098402
     4143.7280087817
     4975.1840271921
     4792.6670367845
     4610.1516574505
     4427.6373276554
     4245.1239909582
     4062.6109951520
     4894.0667747352
     4711.5497822232
     4529.0344449098
     4346.5196293545
     4164.0071033742
     4995.4622860526
     4812.9456348124
     4630.4304926788
     4447.9163539715
     4265.4030939406
     4082.8896980375
     4963.4896019790
     4731.8280919409
     4549.3132696889
     4366.7994597645
     4184.2865696922
     5015.7415888994
     4833.2247218503
     4650.7095538207
     4468.1947878107
     4285.6820841154
     4103.1695768223
     4934.6248412565
     4752.1079270985
     4569.5925216539
     4387.0786701919
     4204.5659507980
     5036.0208801332
     4853.5039878779
     4670.9887200617
     4488.4747339055
     4305.9614977346
     4123.4492436633
     4954.9046065684
     4772.3874724784
     4589.8717959098
     4407.3579409694
     4224.8455773538
     5056.3005571975
     4873.7835503002
     4691.2681900492
     4508.7542657325
     4326.2410697560
     4143.7287489766
     4975.1839640764
     4792.6667244571
     4610.1514490656
     4427.6373993647
     4245.1241492241
     4062.6119731722
     4894.0670796997
     4711.5498717189
     4529.0344166343
     4346.5206554644
     4164.0084303877
     4995.4631768775
     4812.9461515850
     4630.4309659373
     4447.9170173570
     4265.4037212392
     4082.8910089635
     4963.4898683547
     4731.8280265071
     4549.3134126259
     4366.8000730551
     4184.2878756548
     5015.7419337708
     4833.2248662363
     4650.7099133365
     4468.1959838831
     4285.6827934397
     4103.1706668066
     4934.6239575952
     4752.1071585431
     4569.5922919700
     4387.0788540619
     4204.5666261877
     5036.0191205501
     4853.5027289781
     4670.9884508492
     4488.4745551334
     4305.9615679633
     4123.4491392728
     4954.9012732851
     4772.3852544887
     4589.8710672635
     4407.3572666329
     4224.8447787793
     5056.2965431898
     4873.7812754521
     4691.2675719198
     4508.7536767934
     4326.2402142633
     4143.7273274192
     4975.1785058395
     4792.6635252668
     4610.1503189186
     4427.6367788326
     4245.1230251211
     4062.6099312217
     4894.0605802438
     4711.5464381700
     4529.0331279682
     4346.5180486012
     4164.0057778653
     4995.4561144618
     4812.9426720611
     4630.4295131651
     4447.9162967216
     4265.4039526149
     4082.8907439563
        0.0000000000
        0.0000000000
        0.0000000000
     1392.2609771655
   678642.0038764437
   636118.6379159644
   585455.8404724604
   540573.8514048886
   458207.3186807613
   971474.8172554189
   862602.1961043091
   766938.1818769013
   667783.9447539245
   572883.0003624579
   471684.3629771346
   952908.9621390754
   826574.7329748702
   707652.8545177052
   612989.8344964331
   517013.0623175390
  1024278.4622725340
   914335.7791308030
   824894.1062057057
   739000.9959889301
   670038.6719554650
   587839.7804373380
  1098796.2454769425
  1010968.9558284341
   917186.2004007099
   839467.9411351694
   751734.1222419656
  1283754.8600519211
  1201646.7005213937
  1116379.3475986051
  1042520.0846624000
   971679.4536885953
   885277.0314085240
  1419153.6911602980
  1340795.5305334213
  1253504.6801785140
  1170790.8305288276
  1084006.0611272689
   992155.8242097971
  1508603.0467730276
  1410163.7036333820
  1321408.7293543059
  1227291.3049185558
  1121444.0508441355
  1640094.4307860406
  1533593.1735357589
  1436696.3428882342
  1341507.0600914685
  1242041.4423259788
  1137833.2606450736
  1659120.7328427662
  1533282.5912176301
  1435244.5542688747
  1335517.9884728515
  1226291.1646662145
  1745279.1115465257
  1624346.6949243180
  1513354.0376409537
  1409952.3015011714
  1307406.6069617765
  1205284.3585751753
  1684791.0015335626
  1566196.4031724830
  1460661.9894579330
  1361554.2928821866
  1263319.8075204017
  1760908.0861558511
  1642386.2900731110
  1535422.3826984360
  1402178.1031064664
  1302058.1583978340
  1198624.2773712794
  1675836.9872116365
  1555592.0928894239
  1448434.4574812311
  1319814.5099763828
  1220681.9081795777
  1708890.0177752711
  1592273.6297877675
  1484314.0921618701
  1356912.7440519575
  1263777.5285563802
  1139738.1335799806
  1631030.3439806201
  1487810.4260709230
  1386954.8729210270
  1266342.7574372173
  1181580.1814491551
  1061359.8548391156
  1525530.4478068883
  1385183.1636400514
  1281372.0595582556
  1154470.4239259306
  1024419.7273403107
  1477596.6768935770
  1338833.5913103663
  1244468.2362994109
  1127266.0473927162
  1037780.2559169204
   920751.0285216662
  1336259.7503588353
  1199436.7847156317
  1071664.7766981553
   982560.9079466285
   870682.9096710208
  1261801.2020171203
  1142954.2855321132
  1059019.2766123284
   959316.4072829444
   855092.5872897421
   771923.0620806967
  1081334.1229255246
   984661.0512598692
   876620.5294265475
   801962.9550898600
   706887.6868255875
  1036323.2183520317
   929797.9089879799
   852483.1684802014
   758872.9050038672
   689725.5189224115
   592748.9915523872
   858753.2046392760
   774091.6914668533
   680953.0553568201
   616026.4483049697
   528150.1048204787
   769506.1226465196
   691940.9832816448
   611847.6203631009
   567094.9548263730
   527878.7162993307
   457813.3157071811
   669148.3739220169
   599917.1401484833
   515497.2473716541
   468045.0543249251
   426202.5525512512
   387651.2091638275
   568064.1884601807
   482591.6954304804
   429946.3228852033
   385254.7653393745
   341651.3858838217
   487035.9055059308
   434411.1523928429
   394681.4254415627
   360668.2389328216
   328691.4538260130
   294860.8607649889
   424765.1814641232
   373778.1571054494
   334985.1923861186
   301652.8785176353
   268120.4102312332
   378302.8689773741
   337145.7192532851
   302087.6015680787
   275476.0043376989
   254300.2527588531
   227272.2410599001
   314621.4634864600
   275164.4105525475
   245947.5184721965
   221731.1642734240
   196144.2291980064
   268731.1639200042
   241858.4162796847
   217703.5696648536
   198861.6619288962
   177680.3744215782
   154931.6883186103
   208297.3840290483
   182874.0867479040
   163483.3227626359
   145933.1999575264
   127285.5499563717
   175307.6618771072
   156691.5905765149
   140633.5402925521
   127358.2880616439
   112311.9877242868
    96412.8246884002
   129276.9800949398
   114457.2899520606
   104433.8829730200
    94974.2822054844
    84114.0320490609
    71595.5548764537
    97325.6449693831
    87134.5046763557
    78683.4108096492
    69552.5666886030
    59488.2276741399
    81237.6897221815
    72139.7123862812
    64141.4242516965
    56328.6057189429
    48505.9816506121
    40747.6424931102
    57122.0291331735
    51359.2855368158
    46096.3367943304
    40637.1729882772
    35055.4459044745
    48847.9221721265
    44126.8259444960
    39714.4092808416
    35426.4542072198
    31118.4286180951
    26997.3418615549
    37814.6236436386
    34323.5292067899
    30695.1947407402
    27091.1410220465
    23483.4353860146
    31422.7863572464
    28164.2634157947
    25176.8741381367
    22244.1036344535
    19656.9550393167
    17218.6260699360
    23917.6859797655
    21834.7194236115
    19742.4226311830
    17755.1655295344
    15862.3657245666
    21362.8349320387
    19602.0411881716
    17835.0268943714
    16147.9243186874
    14548.4224719176
    13012.9018411555
    17242.1051610344
    15842.8165100582
    14543.7915470071
    13304.5381876049
    12152.2501086845
    11068.4194736499
    13940.5324322499
    12944.9387245675
    12100.4576827751
    11342.4173244658
    10667.7446212535
    12926.5033173483
    12442.3982776527
    11979.2116041505
    11471.0659595280
    10901.4702766511
    10322.0733583487
    12249.4959843926
    11698.9224231519
    11135.1711476477
    10467.5675641527
     9781.8547521153
    10515.0829722287
    10044.3055544485
     9572.3170118288
     9072.6331297265
     8549.0178698418
     8002.3905624202
     8541.3051953169
     8073.6955948475
     7663.8073792605
     7270.4774018185
     6686.1893918603
     6912.1842376617
     6143.1185668971
     5686.5088644510
     5568.2784150509
     5582.0207180697
     5378.7344577428
     5973.9565102998
     5342.0439901562
     4717.0797649975
     4361.0722878880
     4216.1843623729
     5056.3163064609
     4873.7991879814
     4691.2827359329
     4508.7659606994
     4326.2502574136
     4143.7343844029
     4975.1952133343
     4792.6780551694
     4610.1619371913
     4427.6458571620
     4245.1305976115
     4062.6151972829
     4894.0762638329
     4711.5590350554
     4529.0429734192
     4346.5266182463
     4164.0113745464
     4995.4707641717
     4812.9534953265
     4630.4374812571
     4447.9217199334
     4265.4068147586
     4082.8916338248
     4963.4963090420
     4731.8350920513
     4549.3193707839
     4366.8040517869
     4184.2889835993
     5015.7474377231
     4833.2305582011
     4650.7149190186
     4468.1988519611
     4285.6842636023
     4103.1701269176
     4934.6297006852
     4752.1134633322
     4569.5975847918
     4387.0821494052
     4204.5673141105
     5036.0250645616
     4853.5087583957
     4670.9930721091
     4488.4776916375
     4305.9629998582
     4123.4493832008
     4954.9087131454
     4772.3925551655
     4589.8761608336
     4407.3605838122
     4224.8463406478
     5056.3040491137
     4873.7880054648
     4691.2719704942
     4508.7565856819
     4326.2422329729
     4143.7288050990
     4975.1879358447
     4792.6714933607
     4610.1552751055
     4427.6396777700
     4245.1251562514
     4062.6119422962
     4894.0710292713
     4711.5544594582
     4529.0379315360
     4346.5224187690
     4164.0087024125
     4995.4666117380
     4812.9502130165
     4630.4340086325
     4447.9188015418
     4265.4046657513
     4082.8913058576
     4963.4944566727
     4731.8321324244
     4549.3160673994
     4366.8014028906
     4184.2884011805
     5015.7460386521
     4833.2287283432
     4650.7123187809
     4468.1973286284
     4285.6836415341
     4103.1714182418
     4934.6283840551
     4752.1107084449
     4569.5942550461
     4387.0798499076
     4204.5674530701
     5036.0230565024
     4853.5055784348
     4670.9900474277
     4488.4753228292
     4305.9622173091
     4123.4499578501
     4954.9050751019
     4772.3875616005
     4589.8722757642
     4407.3578949663
     4224.8455515212
     5056.2997151263
     4873.7829687163
     4691.2685713886
     4508.7543458973
     4326.2409308571
     4143.7280302657
     4975.1811223231
     4792.6646480554
     4610.1511501219
     4427.6375016717
     4245.1237130333
     4062.6105603476
     4894.0623862700
     4711.5472853417
     4529.0339503317
     4346.5183676841
     4164.0062719308
     4995.4572960967
     4812.9435557952
     4630.4304876807
     4447.9172932818
     4265.4051633770
     4082.8919691773
        0.0000000000
        0.0000000000
        0.0000000000
     1392.2609771655
    21949.0737853603
    20340.9866346220
    17260.4378490485
    14089.2800691307
    10883.0479415606
   126889.5243779403
   103694.7172190526
    99678.0584073223
    90045.3454320766
    74679.5909405093
    50914.7630000518
   281054.1027012638
   213125.1076855464
   165691.7162880438
   135256.4776552077
    97338.8192028768
   413392.1807910045
   325272.7839089998
   271953.6002281783
   225278.1024516626
   194668.0986798886
   150946.7921294904
   508876.4390029983
   420037.3365042110
   337564.0749464524
   279463.8411553522
   215821.2010839778
   616955.4215329724
   525562.5313426888
   437742.1576380582
   372199.5677409314
   319682.3472435201
   258526.7734614878
   674687.0754711169
   585580.7906274052
   496012.5564287298
   418387.8807341871
   351046.6389803924
   281509.4472251125
   693633.2996568086
   596824.2409949444
   500986.2240423451
   408804.2678551812
   319687.1645887979
   741435.4823506675
   643593.9819893858
   550492.4894772188
   469610.2456918713
   394101.9792994786
   318992.0777460552
   753858.9923658670
   657785.0985102061
   564191.4832311723
   468456.2356902693
   371373.1630882400
   813038.5365233362
   719439.1452494754
   632475.1391295712
   552411.8993060624
   475180.3594037161
   402188.1626276528
   828957.5495086979
   751918.1431899499
   673775.5626903123
   588432.0041537338
   499794.6491228489
   951614.8317687598
   865820.2337671483
   793535.7592549048
   697704.1363749559
   620342.9515564743
   540499.3759588255
   999927.7480944182
   924166.2551020744
   862523.6560135992
   763115.4860936828
   678421.3817866980
  1147198.7472391233
  1058251.7233567031
   990083.0261694355
   900100.9319025858
   836232.1874589162
   737425.5171202559
  1228867.6551330853
  1116702.0858288254
  1052633.8154841331
   962845.5024067977
   897727.2148579953
   793034.1718033766
  1263532.0038947864
  1139905.4798734912
  1065811.8293639184
   968087.6408134343
   863075.9622765774
  1347032.7434910994
  1219198.1091516861
  1134208.8957781997
  1029617.4926129073
   955274.5128510242
   849469.2464033290
  1295728.6261589525
  1166103.2344189994
  1055200.5804374672
   980867.0652247716
   876789.1739803388
  1336473.2163133123
  1214354.2599871221
  1132818.4506732752
  1028499.3665135466
   923759.8178699639
   844268.0646007103
  1218545.3547731228
  1123840.9633375327
  1015591.7511445124
   943214.3652986316
   841519.1213531337
  1257108.6064886260
  1137256.4839487381
  1064066.5424387865
   967571.1068687657
   902457.4846524551
   795478.7146276605
  1152648.6733743814
  1066057.6593572248
   960756.8188334440
   893976.2307341599
   792363.2664360598
  1166970.6938547122
  1086689.7157575064
   980518.4811694251
   915517.0798531619
   850913.1891814397
   747187.9673070100
  1089515.3266132765
  1005061.6382738110
   896313.6497768406
   827472.3903622542
   763703.6639651259
   701529.0760679700
  1020412.3368399040
   893485.3209214666
   810937.1262222729
   734614.6516582754
   659857.1711461078
   966501.5565140462
   876721.4111301786
   805029.1606882792
   745304.9869088755
   682850.6769458748
   613010.0217404020
   901041.9695181074
   808270.5705523465
   736484.2850776517
   673671.3076396667
   607537.4992468943
   895481.0539462130
   804419.5973195259
   733814.5933159799
   673475.1391669472
   611266.0248215381
   545629.3206503832
   796293.0294065969
   705161.2010251785
   635457.0923208729
   572501.0065287030
   509656.7933959346
   745267.3271999978
   661764.9366445089
   599220.7492780139
   550405.7609404786
   506268.7012832679
   458575.1431467229
   672425.6019928834
   596658.4645696694
   536097.6255766223
   478582.0418358271
   418330.6656255910
   601348.0418540613
   520729.3167672754
   459368.8154138498
   414855.8604838963
   376518.6884603607
   336372.9580923832
   506257.3083780207
   445793.2642308663
   404289.8294133112
   375991.3612295311
   350659.6864544528
   320687.4915298630
   467919.0228986395
   416381.2793636778
   377102.3624327565
   342371.8609499207
   306029.0893083651
   438982.1846798011
   393234.7739318813
   355431.3531264312
   325732.1608131802
   296195.4382129554
   261166.8691353602
   371139.0868756472
   323222.3632064164
   292478.3452283519
   265450.5682242932
   235389.8862475001
   338929.8556750187
   300222.2234180939
   271925.5770760310
   249407.0065196756
   224711.8539418677
   197399.8660012585
   282572.8720093091
   253516.8843443087
   229988.8979643487
   207342.9208612694
   178669.6480716135
   261189.1093795994
   231418.1369371013
   208810.4501289793
   187004.0217642139
   167495.4495045973
   145136.1579508408
   210595.8482164217
   187834.5347420918
   168165.7484735840
   150934.2332981250
   130488.2327714678
   189286.0803819621
   170568.1930016438
   153159.6580033454
   139541.1739209361
   125836.2952173444
   108665.9379275468
   154649.9058522326
   139030.1363243251
   125819.4945940997
   116046.6518759529
   105569.3020261548
    92656.2516743883
   128801.8912876058
   114292.3373023100
   103371.8729341840
    92883.2189413602
    81398.7666166328
   112308.5744996173
   100685.1625123177
    90327.1352992524
    80715.1827744972
    70518.7425139981
    60150.5217720094
    82829.7834009950
    74327.3529141673
    67176.3891316814
    59623.4296403486
    51393.8555205723
    71892.4542250291
    64602.7139936969
    58350.4004050793
    52308.4796525188
    46245.3525982416
    40091.5745570320
    56775.2130750301
    51808.5274128781
    47299.0445997319
    42095.8378627765
    36785.6529879547
    50205.8160233343
    45463.9288870805
    41139.4333485620
    36760.1813830640
    32488.5597415882
    28319.5899673498
    38383.0074240672
    35030.2409216999
    31563.7677181864
    28022.6835499271
    24549.9305020930
    32900.6450971957
    29994.8191031118
    27206.2116995512
    24677.2659722498
    22270.1973509112
    20016.6376969045
    27481.8990529518
    25530.0213621902
    23480.2074639105
    21366.4809053762
    19257.9118247204
    17217.3546376579
    23184.0158580371
    21377.4812084575
    19502.9043268192
    17698.3127456965
    15898.8820383862
    20906.3478892434
    19399.9704922989
    17972.7566410294
    16657.6723753421
    15372.8538103550
    14148.4747826745
    17871.6218956568
    16498.6360641603
    15096.7003651034
    13666.2949375909
    12375.7777452281
    14809.2451612680
    13667.7330182764
    12604.7899633112
    11652.0326130781
    10807.5554706973
    10018.7335505710
    11764.8560973105
    10962.6928649346
    10133.7464304918
     9344.5745025892
     8636.5614287553
     9781.2379632739
     9095.9608761045
     8403.9389901831
     7690.3085364390
     7022.6305086016
     6492.9631358434
     7571.0575050841
     7245.5744202488
     6974.2984780513
     6748.8087423947
     6439.5428743164
     7501.6372227853
     7309.6397731848
     7012.5554416781
     6740.3732330721
     6363.3169015907
     5845.8495321972
     6539.2124937305
     6062.5364213599
     5825.2825654650
     5648.3606540729
     5467.8707793410
     5309.0818337119
     6382.5899942737
     6158.7714161972
     5896.3479575785
     5620.5892101001
     5324.4964189486
     6215.2955436420
     5925.9509254374
     5657.6054320966
     5408.1949770364
     5154.0148860403
     4887.5520244006
     5717.9389094095
     5443.5249389335
     5232.4174205333
     4983.6562385854
     4647.7811351709
     5236.9298987435
     4837.9668219413
     4627.4433245158
     4468.2100583751
     4285.6935661622
     4103.1782195661
     4934.6410714352
     4752.1230465387
     4569.6055060033
     4387.0886974734
     4204.5733914763
     5036.0344608365
     4853.5163264043
     4670.9995302202
     4488.4821969929
     4305.9666376476
     4123.4523188333
     4954.9148260573
     4772.3966955372
     4589.8799270687
     4407.3625695269
     4224.8479318101
     5056.3080070540
     4873.7900243244
     4691.2736658478
     4508.7570329356
     4326.2428548769
     4143.7285057410
     4975.1893787719
     4792.6698684157
     4610.1540963914
     4427.6388930523
     4245.1251572764
     4062.6111258850
     4894.0678413397
     4711.5497057771
     4529.0355101068
     4346.5195387725
     4164.0068198375
     4995.4597592506
     4812.9448057655
     4630.4321395936
     4447.9191557005
     4265.4071820936
     4082.8940365579
        0.0000000000
        0.0000000000
        0.0000000000
     1392.2609771655
     4786.4945973065
     4726.9291569565
     4519.4020719494
     4323.6126580218
     4165.7253296353
    27487.1652768379
    24562.3968950307
    22607.4231340690
    19412.4971849898
    14336.3656919370
     9355.6798886299
    81340.8762088598
    55045.7373375566
    39869.7885619699
    29970.9266942109
    20170.6931558597
   148247.6819179400
   107114.7016112343
    84358.5923463605
    67555.8568426956
    55054.2129622171
    39176.9000568511
   216905.6645969107
   160353.6745537259
   118393.5011617894
    89328.8160238946
    62382.2952325304
   274771.3122953258
   209832.1019028870
   160436.8753091799
   129230.3500882947
   105453.9040284696
    78625.0653551566
   323170.8208223891
   255434.0665492018
   199619.2196873453
   160182.6992454086
   128367.4125292093
    97189.6890877072
   361853.2012216127
   284244.7021564735
   220526.1537705994
   168033.4641759275
   122636.2447224191
   404786.0552227031
   324820.8062610060
   257956.4254656411
   209891.5220735098
   171305.6387172974
   133255.7948731303
   440423.8848379180
   355258.8238469609
   279350.9684710562
   216219.3034585569
   162059.0381371789
   480891.8473431998
   400409.9383965634
   326136.9846239364
   271502.0781221641
   227371.1796181009
   189179.5303205802
   515380.2769277227
   444975.0896138422
   366206.5229777428
   295515.0658349446
   236828.5346912018
   585026.1106927666
   506973.2653032761
   435963.9400632019
   361748.8833929405
   309939.7318575744
   264517.3116934447
   616195.7813631828
   554266.8534776511
   484229.1447652160
   394609.9179526407
   329112.9429768517
   704483.5893207830
   629887.5679870094
   563780.1284324290
   483255.0714131612
   427423.0873882885
   359163.5749663633
   759449.1063080947
   681430.3892384554
   622739.6412468440
   542703.6671630708
   480946.3519046566
   404294.5826254050
   793987.0950359307
   714932.3866530434
   654221.1506347317
   567736.0942516491
   475329.9567826909
   861986.6613497093
   769503.0427382874
   709644.2410875445
   634969.9764880236
   580015.1791545277
   504764.7664075745
   886177.0923495112
   802519.5987772355
   720381.8311553887
   660603.1595031378
   575182.5003555925
   959486.0637926367
   863784.8865516186
   801923.8416392022
   722986.0207813490
   642736.0116237733
   585062.0873593758
   925543.0179151919
   858894.3972652843
   771001.2962723175
   705929.2435488458
   616195.9635837282
   986325.0812801586
   885407.5894458047
   821694.5362659888
   738769.2290884054
   684569.5277366916
   598095.7462207179
   947842.2981466362
   884447.5376296807
   795105.1820662727
   733357.8012652361
   639293.6201705032
   989598.3337737729
   913898.0121222774
   815425.5111894080
   756006.4942376836
   698454.4138357806
   608040.0765071559
   932293.4089541960
   861913.4722901833
   770272.1366417059
   706556.9478835670
   647879.9750608573
   592202.2397958236
   900728.7148364363
   797169.4602505509
   727621.0259775113
   661176.2195845946
   593914.9515162171
   920052.3065853369
   841951.6815062176
   775542.3961886525
   713779.6386234214
   648776.2438659597
   579447.6988054944
   875176.7886007052
   790259.4189968827
   723844.4356014747
   656103.2729522919
   584443.5774210822
   893115.2242948911
   808131.8986585670
   742425.7235048448
   688300.4109941071
   632939.1169786792
   571180.5693105590
   850533.4234775268
   767855.7013172526
   706440.7193035072
   647536.9160936329
   584341.1056342052
   862384.2062546489
   785012.7973604136
   726574.6555106565
   674607.8676088301
   626820.9429850782
   571198.3924441339
   846499.1008140943
   770649.6937473947
   711670.8416581433
   649094.1033558229
   581280.5185337059
   882417.6554086768
   804089.2980560361
   743397.1663784102
   695560.4990636898
   643195.0386603589
   581130.1067576425
   882644.8542179405
   797954.7499540448
   733831.3325721879
   675748.8800586165
   616124.7948453403
   548420.9399633412
   819769.1312720398
   731104.4306064605
   669484.3440349478
   616511.4005829721
   558183.0236850955
   834839.8270748670
   755059.7124502540
   698541.3445844541
   652325.4598438145
   610148.8686542501
   552509.8959484679
   815126.4238802262
   727835.4771501386
   657571.2261312891
   597739.9154390173
   532254.3337946901
   779087.3651527746
   692207.2484710140
   625910.6036662273
   573563.7191672856
   522961.8321949019
   473732.5893794717
   691834.9424924647
   613991.9279950317
   546239.0782948313
   491343.1346451459
   430795.3126271624
   643630.5773757041
   564272.9167519292
   502947.8587009963
   456220.2457880887
   419436.7699438091
   379633.4528303564
   575871.8834100709
   507709.2182935629
   450525.5359200464
   401986.8127386869
   351449.9416418668
   531249.5141695439
   466928.9046909236
   414049.3499708076
   375941.1191761009
   341614.5774835674
   299984.7332407595
   450716.4343696558
   394152.7506087268
   348512.7249806868
   314705.5143479027
   283246.3934672062
   249906.8440342803
   374243.1041548387
   319685.1939635220
   285753.5079609938
   253993.2144310062
   220837.2584315258
   330692.9897735562
   290409.3804635610
   258821.1518766565
   231963.0717467378
   205602.7200739507
   179124.4895759280
   281296.2060838430
   246539.1138256152
   219486.0509592233
   195234.2387152536
   169532.5683289941
   266923.1184484267
   234528.9196276570
   209165.3266353100
   189977.0153912343
   173436.7357293617
   154547.8399509358
   239482.2653105399
   212462.9712631125
   192080.1324087475
   175318.7848769505
   157674.0641723279
   235663.6210245793
   214548.6633221963
   196547.0189741258
   179326.3912313896
   164004.5846989595
   146651.4668891150
   211832.3288074037
   188810.8833377412
   171398.2772962338
   155252.6269884750
   139286.0410029719
   199514.5560940742
   180764.5178145397
   164134.8518133595
   149190.5958438666
   134018.6742596221
   117047.1698017830
   165163.8897197843
   147238.3396641946
   134824.0652442730
   123668.2263469820
   113398.1828211730
    99689.1115520594
   139167.5972443105
   124344.8259427208
   113112.3121400922
   102762.8846864084
    91493.3335802839
   128743.4337241507
   116285.7436258541
   105611.2364086722
    95958.7558308390
    86194.4017876021
    75327.3414839315
   104537.2831727862
    94096.8046416841
    86012.9231338425
    78888.9554994746
    69729.1419943927
    96515.7106015394
    87037.4648575295
    79783.0743873993
    72175.3569719333
    63947.4021534986
    55905.9601874298
    75701.0747973055
    69297.7936688366
    63192.2614466828
    57312.7509094221
    50310.6507573526
    69241.8759593778
    62983.5961797410
    57926.5839102925
    52379.4891603731
    46898.5681703225
    40865.6263115286
    56158.3951894856
    51575.5918610202
    47342.5815216565
    42560.9452035631
    37721.1122926099
    51430.1241650586
    47255.2203683805
    43322.9425475419
    39453.4494086257
    35560.9313120502
    31585.6472965629
    43156.2627817726
    40178.4473796700
    36829.3656656502
    33611.2728507799
    30278.1038408595
    26959.6481888176
    36002.5826927729
    32917.9890761552
    30104.5851297246
    27256.6004351558
    24383.3513210744
    31594.3355615501
    28864.9608219114
    26208.2413071264
    23660.5271622617
    21186.1119915006
    18819.3128127425
    24798.7195862401
    22686.4564590360
    20585.5089358916
    18542.2408894890
    16553.3758971078
    21523.7602396037
    19814.3864257636
    18167.8804337784
    16594.5776725374
    15041.9399091109
    13551.3459300980
    17637.6023035943
    16369.6424499865
    15127.6474321660
    13908.7538190775
    12754.4583581820
    16272.7085623077
    15400.3253579129
    14579.8237301080
    13819.1733594259
    13105.9130660431
    12449.0209081043
    15343.0660243073
    14804.4529519922
    14260.2595537666
    13665.3995081137
    12994.6258973389
    15146.3782353969
    14425.1218591755
    13627.4545216103
    12746.3984811750
    11924.3123529692
    11123.1669798390
    12468.2064900845
    11840.8357783546
    11207.1534952110
    10425.7451217599
     9596.1894523537
     8821.0150722472
     9716.6026887692
     9023.2622180559
     8301.5596267130
     7573.1112586500
     6833.6882980707
     7276.1333208727
     6915.4701613066
     6744.8637297233
     6651.5924421977
     7009.5654136842
     8181.0068594544
        0.0000000000
        0.0000000000
        0.0000000000
     1392.2609771655
     4711.0012563102
     4625.8647519702
     4453.5532204198
     4295.7794552779
     4124.5573027202
    15217.4387896122
    12378.5409705636
    10408.7976151682
     8601.1616868011
     6663.4028753229
     5151.5943111183
    28294.3742106049
    19542.3901050801
    14706.9204029635
    11553.3325167840
     8521.3145317806
    55384.1062639656
    40126.3266259940
    31930.8097599693
    25788.2582965802
    21184.8966648312
    15079.2148180640
    92070.9111486194
    66756.1783530309
    49116.8515538524
    37068.5201786587
    25887.3635800593
   135983.8083141780
   100868.0229847861
    76085.3465478500
    60333.7951641004
    48564.7717600735
    35833.5063691170
   178906.5916812338
   135621.9083971584
   102836.0158353615
    81067.0399304449
    63799.2551118541
    47425.6352749261
   214362.7041252088
   160825.2694125601
   120974.7413954035
    90463.0156986788
    65258.1089786604
   253232.5531895341
   195626.3639081937
   151193.8348693763
   120150.5408576400
    95709.1273735812
    73042.0147708174
   283849.1373829942
   219631.5622099021
   169422.7404170927
   129275.3393268206
    95573.8306295891
   322983.4116377760
   257397.1963464193
   204118.9769861253
   165254.7213653756
   134764.3063958258
   109040.6437304904
   347928.8354086112
   284304.6871449729
   227341.9567919571
   180079.9941011916
   142304.0378474911
   399690.4500468140
   332192.0299189402
   276696.7361219882
   223783.9462235270
   187869.4450141344
   156536.7850065876
   426074.9749585735
   362352.6974225305
   301592.3664202974
   239752.8441264220
   195074.2011775576
   481138.2293250799
   412322.5372212764
   353352.9305604015
   294642.7399852885
   255752.9467088266
   209862.4857541548
   519856.1419460947
   450999.2746897573
   394837.9030753585
   333709.7042230105
   291156.4833268485
   240673.9568240852
   550840.0553573011
   477671.3246360603
   416169.1286848431
   346011.0513486751
   282871.7665612005
   602655.5816562793
   523603.1810317623
   464571.1895408441
   398636.5266124859
   352984.0786070898
   297282.4202304924
   617331.8680593849
   544628.0722396179
   471579.5855271686
   415809.8752605970
   347100.2833965172
   681473.2389803998
   602142.9370557739
   546192.9362333824
   476403.1777403888
   409559.1921658927
   361911.0034928960
   669586.4472647654
   613416.1515661253
   541038.4322096666
   482570.3514653542
   407348.2705801687
   748334.9164960233
   668814.6237168577
   614761.8435494271
   546301.4926994530
   491073.3636177804
   416837.3580756733
   738617.3579698078
   682799.0797500171
   615973.9988873410
   559859.4228388873
   480952.3782761557
   820740.0125148660
   751041.2388119531
   673815.2066116524
   616097.4846851998
   556908.6829683288
   475702.5521094734
   792037.1990538972
   727580.3449313941
   656999.7849829493
   609554.8193844758
   558010.3032231255
   497272.7960416651
   804050.7999287584
   714767.9011180815
   650865.9981234843
   585681.1571983737
   516621.6083757103
   831385.6909791940
   756302.5379315983
   691227.6714227241
   628424.9581606515
   562610.8865698873
   489661.0046363011
   766456.7163237658
   680155.1411644185
   614799.3656876876
   554997.9513656325
   491577.9160219085
   801373.4542304769
   726252.5067868041
   661864.5032954121
   599744.8414751217
   535081.6135218694
   464060.2472004147
   732778.0014063308
   649856.3402986769
   586816.8456823798
   531348.3746198299
   474364.2303518188
   774776.0990745568
   703649.9368381003
   646098.0084796780
   591034.2758518512
   537989.6561691361
   477084.8131375147
   751076.8389458089
   667230.3656947153
   609839.8026634243
   547969.7700917897
   488633.9287519908
   767866.3983256454
   684815.6060849386
   623074.2700656896
   569241.1811906203
   517133.1098141684
   449431.1794079734
   730871.2037044798
   642638.6581125006
   586330.0026725879
   542632.9071501245
   494701.2551923220
   432492.5059447760
   704639.2022577752
   614902.2722014546
   556579.4999414426
   492760.9926630309
   430227.6528014690
   725148.7336196820
   644318.0649030539
   582306.1724841084
   525199.8976257168
   471493.0127675250
   407628.0372524059
   694734.9302175366
   602117.3613624630
   544535.6321188657
   498608.3103515476
   439521.8858700545
   714959.2401426159
   622072.6053056916
   556048.4803479658
   500216.5110407141
   442235.1280169537
   385464.4208900500
   653986.7087656804
   570596.1023923125
   508414.2466969248
   457542.7654694368
   396068.1736712121
   658917.1697106295
   567529.9739674068
   514140.8126118106
   466665.6697226603
   426561.1127073438
   368654.0677057094
   632695.6127754428
   549654.1612411301
   489743.0324952569
   443209.9066165694
   383387.5960345166
   637156.7045513497
   555086.5311009367
   488852.3490068964
   451800.7009190212
   414240.9026557423
   357417.6774813102
   612595.9885899057
   534009.9704463074
   472073.5841371001
   434355.4035723954
   397049.2295904068
   352536.2931596088
   578480.2520533570
   496166.4635855595
   438367.9202236921
   390487.4644923883
   342752.5207326319
   570403.6219229609
   505174.7853195159
   447506.9427622309
   402665.8162696588
   361164.2358526727
   316981.0935458285
   541042.3383257174
   464592.0513382414
   412674.7176989292
   372575.4103450952
   329936.9199283933
   534180.2945451019
   465047.6422889473
   411709.5271608575
   377471.9024474846
   347632.0013147198
   314065.4942279970
   485828.2798622154
   424231.1879304890
   381500.5777063507
   345695.6944397254
   309445.7097891694
   473581.0833769076
   420216.6864248712
   379393.2292742194
   340383.6678275551
   308973.2549180675
   276089.8606883157
   420980.9844054108
   371669.2752443784
   336912.1503704847
   305287.2554563202
   278104.4898456688
   421863.7815363709
   378127.7263093585
   343530.5042954177
   316370.5978507710
   294151.1624144404
   264721.0802098119
   388064.6311463282
   346707.6584727159
   318843.7120365119
   298362.1022668579
   279664.5433799507
   253859.1204164638
   358527.0005429321
   321305.9918417403
   294294.7272948796
   269137.2962423072
   244219.8524182119
   345560.9797684549
   313997.7229256285
   289015.7404609444
   264424.5841249800
   244334.7894555494
   217115.8085979120
   299068.4290029887
   269871.0739100306
   244701.0812967126
   224820.7242889525
   199694.6077240176
   274655.1716940902
   248723.0283658197
   229391.5228848241
   209345.3246037033
   189000.3077143140
   171807.4593713043
   229981.3775033329
   210935.7534027664
   189186.8166925490
   173828.2577090003
   153834.8249158982
   213747.2898312845
   193319.5564945783
   179282.4477969689
   162489.6418043174
   149043.8971902927
   131149.8361316165
   178092.9457154263
   163150.9743021637
   147251.2597881669
   133901.8769330309
   116727.0709176312
   162318.3511367253
   148537.6465268388
   133620.4206468655
   122758.0857133728
   111945.4208702400
    97742.4456188617
   137614.7546431372
   126005.1658903370
   113931.1246054544
   104266.4600181295
    93750.4366181178
    82365.6030051813
   118107.9473704160
   105172.2447094212
    96083.6177971533
    87062.9820014481
    77098.5918812600
   114712.2331850184
   105454.0647973681
    97671.7174671101
    90231.0349439079
    82108.0004351835
    73096.2455647356
   106480.7523888300
    97990.3381764367
    91091.6423187746
    83272.4912688810
    74260.3064433931
   106405.7315409586
    96819.2264666417
    88143.3946361157
    79812.2315870359
    71064.8010830825
    61752.9741744016
    87676.3045849237
    80099.4404298253
    73619.4332676269
    66557.4766713662
    58821.4081353564
    84222.2948990224
    77427.3582501804
    71638.4197025584
    66048.0394637782
    59975.1782291288
    53362.6275401965
    75581.3674982818
    70391.2617937509
    66034.2822981178
    60981.7268642809
    55204.4441458138
    75525.0725826076
    69833.6980561870
    64806.8567604586
    59824.5899618311
    54893.4118599226
    50253.4951330656
    69198.6062893506
    64905.4958943990
    61003.6908305803
    57679.7988885933
    55542.3379081593
    53598.5578691283
    62892.4430100554
    61778.6117364395
    62145.3329716645
    60925.3666949605
    54197.0178344216
    51031.0708254321
    42084.5203765653
    38623.1474516668
    42010.1073207382
    56665.7826896836
    80431.5904009260
        0.0000000000
        0.0000000000
