!------------------------------------------------------------!
  Date: 20191120
  Simulation name: BWX7 
  Filename:KEbyx.txt                                                                                                                                             
  Produced in mod-subroutine:  massdist/energypotential                                                                                                                              
  Written by AK September 2019
  Description: Integrates by width K energy necessary height                                                                                                        
  Data format: RMAX by t kinetic energy (J)                                                                                                                         
!------------------------------------------------------------!
        0.0000000000
   439532.8568528645
        0.0000000000
        0.0000000000
        0.0000000000
        0.0000000000
        0.0000000000
        0.0000000000
        0.0000000000
        0.0000000000
        0.0000000000
        0.0000000000
        0.0000000000
        0.0000000000
        0.0000000000
        0.0000000000
        0.0000000000
        0.0000000000
        0.0000000000
        0.0000000000
        0.0000000000
        0.0000000000
        0.0000000000
        0.0000000000
        0.0000000000
        0.0000000000
        0.0000000000
        0.0000000000
        0.0000000000
        0.0000000000
        0.0000000000
        0.0000000000
        0.0000000000
        0.0000000000
        0.0000000000
        0.0000000000
        0.0000000000
        0.0000000000
        0.0000000000
        0.0000000000
        0.0000000000
        0.0000000000
        0.0000000000
        0.0000000000
        0.0000000000
        0.0000000000
        0.0000000000
        0.0000000000
        0.0000000000
        0.0000000000
        0.0000000000
        0.0000000000
        0.0000000000
        0.0000000000
        0.0000000000
        0.0000000000
        0.0000000000
        0.0000000000
        0.0000000000
        0.0000000000
        0.0000000000
        0.0000000000
        0.0000000000
        0.0000000000
        0.0000000000
        0.0000000000
        0.0000000000
        0.0000000000
        0.0000000000
        0.0000000000
        0.0000000000
        0.0000000000
        0.0000000000
        0.0000000000
        0.0000000000
        0.0000000000
        0.0000000000
        0.0000000000
        0.0000000000
        0.0000000000
        0.0000000000
        0.0000000000
        0.0000000000
        0.0000000000
        0.0000000000
        0.0000000000
        0.0000000000
        0.0000000000
        0.0000000000
        0.0000000000
        0.0000000000
        0.0000000000
        0.0000000000
        0.0000000000
        0.0000000000
        0.0000000000
        0.0000000000
        0.0000000000
        0.0000000000
        0.0000000000
        0.0000000000
        0.0000000000
        0.0000000000
        0.0000000000
        0.0000000000
        0.0000000000
        0.0000000000
        0.0000000000
        0.0000000000
        0.0000000000
        0.0000000000
        0.0000000000
        0.0000000000
        0.0000000000
        0.0000000000
        0.0000000000
        0.0000000000
        0.0000000000
        0.0000000000
        0.0000000000
        0.0000000000
        0.0000000000
        0.0000000000
        0.0000000000
        0.0000000000
        0.0000000000
        0.0000000000
        0.0000000000
        0.0000000000
        0.0000000000
        0.0000000000
        0.0000000000
        0.0000000000
        0.0000000000
        0.0000000000
        0.0000000000
        0.0000000000
        0.0000000000
        0.0000000000
        0.0000000000
        0.0000000000
        0.0000000000
        0.0000000000
        0.0000000000
        0.0000000000
        0.0000000000
        0.0000000000
        0.0000000000
        0.0000000000
        0.0000000000
        0.0000000000
        0.0000000000
        0.0000000000
        0.0000000000
        0.0000000000
        0.0000000000
        0.0000000000
        0.0000000000
        0.0000000000
        0.0000000000
        0.0000000000
        0.0000000000
        0.0000000000
        0.0000000000
        0.0000000000
        0.0000000000
        0.0000000000
        0.0000000000
        0.0000000000
        0.0000000000
        0.0000000000
        0.0000000000
        0.0000000000
        0.0000000000
        0.0000000000
        0.0000000000
        0.0000000000
        0.0000000000
        0.0000000000
        0.0000000000
        0.0000000000
        0.0000000000
        0.0000000000
        0.0000000000
        0.0000000000
        0.0000000000
        0.0000000000
        0.0000000000
        0.0000000000
        0.0000000000
        0.0000000000
        0.0000000000
        0.0000000000
        0.0000000000
        0.0000000000
        0.0000000000
        0.0000000000
        0.0000000000
        0.0000000000
        0.0000000000
        0.0000000000
        0.0000000000
        0.0000000000
        0.0000000000
        0.0000000000
        0.0000000000
        0.0000000000
        0.0000000000
        0.0000000000
        0.0000000000
        0.0000000000
        0.0000000000
        0.0000000000
        0.0000000000
        0.0000000000
        0.0000000000
        0.0000000000
        0.0000000000
        0.0000000000
        0.0000000000
        0.0000000000
        0.0000000000
        0.0000000000
        0.0000000000
        0.0000000000
        0.0000000000
        0.0000000000
        0.0000000000
        0.0000000000
        0.0000000000
        0.0000000000
        0.0000000000
        0.0000000000
        0.0000000000
        0.0000000000
        0.0000000000
        0.0000000000
        0.0000000000
        0.0000000000
        0.0000000000
        0.0000000000
        0.0000000000
        0.0000000000
        0.0000000000
        0.0000000000
        0.0000000000
        0.0000000000
        0.0000000000
        0.0000000000
        0.0000000000
        0.0000000000
        0.0000000000
        0.0000000000
        0.0000000000
        0.0000000000
        0.0000000000
        0.0000000000
        0.0000000000
        0.0000000000
        0.0000000000
        0.0000000000
        0.0000000000
        0.0000000000
        0.0000000000
        0.0000000000
        0.0000000000
        0.0000000000
        0.0000000000
        0.0000000000
        0.0000000000
        0.0000000000
        0.0000000000
        0.0000000000
        0.0000000000
        0.0000000000
        0.0000000000
        0.0000000000
        0.0000000000
        0.0000000000
        0.0000000000
        0.0000000000
        0.0000000000
        0.0000000000
        0.0000000000
        0.0000000000
        0.0000000000
        0.0000000000
        0.0000000000
        0.0000000000
        0.0000000000
        0.0000000000
        0.0000000000
        0.0000000000
        0.0000000000
        0.0000000000
        0.0000000000
        0.0000000000
        0.0000000000
        0.0000000000
        0.0000000000
        0.0000000000
        0.0000000000
        0.0000000000
        0.0000000000
        0.0000000000
        0.0000000000
        0.0000000000
        0.0000000000
        0.0000000000
        0.0000000000
        0.0000000000
        0.0000000000
        0.0000000000
        0.0000000000
        0.0000000000
        0.0000000000
        0.0000000000
        0.0000000000
        0.0000000000
        0.0000000000
        0.0000000000
        0.0000000000
        0.0000000000
        0.0000000000
        0.0000000000
        0.0000000000
        0.0000000000
        0.0000000000
        0.0000000000
        0.0000000000
        0.0000000000
        0.0000000000
        0.0000000000
        0.0000000000
        0.0000000000
        0.0000000000
        0.0000000000
        0.0000000000
        0.0000000000
        0.0000000000
        0.0000000000
        0.0000000000
        0.0000000000
        0.0000000000
        0.0000000000
        0.0000000000
        0.0000000000
        0.0000000000
        0.0000000000
        0.0000000000
        0.0000000000
        0.0000000000
        0.0000000000
        0.0000000000
        0.0000000000
        0.0000000000
        0.0000000000
        0.0000000000
        0.0000000000
        0.0000000000
        0.0000000000
        0.0000000000
        0.0000000000
        0.0000000000
        0.0000000000
        0.0000000000
        0.0000000000
        0.0000000000
        0.0000000000
        0.0000000000
        0.0000000000
        0.0000000000
        0.0000000000
        0.0000000000
        0.0000000000
        0.0000000000
        0.0000000000
        0.0000000000
        0.0000000000
        0.0000000000
        0.0000000000
        0.0000000000
        0.0000000000
        0.0000000000
        0.0000000000
        0.0000000000
        0.0000000000
        0.0000000000
        0.0000000000
        0.0000000000
        0.0000000000
        0.0000000000
        0.0000000000
        0.0000000000
        0.0000000000
        0.0000000000
        0.0000000000
        0.0000000000
        0.0000000000
        0.0000000000
        0.0000000000
        0.0000000000
        0.0000000000
        0.0000000000
        0.0000000000
   439532.8568528645
   470998.5995335740
   474135.0898233053
   480679.3301910610
   500332.3800681714
   477972.5849223008
   530278.0256336043
   532768.2385428558
   540946.9325835818
   549533.4673785886
   546351.2289940690
   534517.8306412739
   620995.2962960534
   605241.1043000135
   584036.1584400606
   554884.6190021234
   504677.2749925255
   585138.6541984960
   526634.0747378076
   466189.2572945216
   418115.5539123145
   367845.0453158788
   307804.8561027573
   429343.0678627209
   346103.8011574370
   273406.3068525002
   210312.6933619128
   166369.5216449721
   234847.8648897033
   172490.9688267204
   116228.7551383305
    83247.7615179303
    63162.2112095489
    44067.5820368271
    53090.2212579520
    34260.1334517119
    21807.7825460171
    14959.3992766523
     9675.4305638013
     6178.4244989041
     6972.8138313346
     3985.4955432214
     2595.6087095901
     1839.4675397501
     1266.1162069745
      850.9630521244
      507.1682275868
      469.1378341894
      574.3726145475
      666.4733981385
      802.7081852718
     1067.4208116534
     1027.1214734126
      676.9145526422
      337.2491335254
      210.6345381425
      191.5680179776
      173.9805500955
      162.5176257706
      152.9479347096
      143.5096761024
      132.5175640296
      126.6322285673
      117.3486741969
      110.3667062312
      103.8540661604
       96.2478599425
       90.3339765881
       84.2705900982
       79.2878635502
       74.6170558347
       70.0882829424
       64.9668786013
       60.6952917045
       55.9633331774
       51.6585174509
       47.5064326580
       43.1214032241
       39.1665703777
       35.2493692001
       31.7579905184
       28.8131411162
       26.1371733831
       23.3907735391
       20.7283914146
       18.0205981258
       15.7385617868
       13.9935249744
       12.5000971449
       11.1715159936
        9.8577611683
        8.3823094724
        7.2013936224
        6.3215483611
        5.6790675313
        5.0027927624
        4.1941869474
        3.5709772975
        3.1568426773
        2.8060782481
        2.5816793704
        2.2750509176
        1.8001107395
        1.4755663514
        1.2460832068
        1.1353757619
        0.9719162952
        0.7198827724
        0.5475115133
        0.4466727535
        0.3758812092
        0.3463384451
        0.3052419294
        0.1959788756
        0.1510001880
        0.1200123145
        0.1194054611
        0.1044309401
        0.0750670113
        0.0627519503
        0.0613902436
        0.0545023488
        0.0623354148
        0.0579896455
        0.0421906763
        0.0545513021
        0.0558105712
        0.0627644674
        0.0699095592
        0.0818845106
        0.1125546139
        0.1364381077
        0.1554332675
        0.1735906654
        0.2093728583
        0.2710958892
        0.3260568592
        0.3983336190
        0.4470959496
        0.4761952931
        0.5463614142
        0.6136349651
        0.6936573064
        0.7484702463
        0.7753075397
        0.8048191936
        0.8492275018
        0.8742245079
        0.8856549103
        0.8867543830
        0.8864145826
        0.8660711329
        0.8236451079
        0.7772637684
        0.7323621259
        0.7095168544
        0.6617016717
        0.5743835275
        0.5025583344
        0.4421288179
        0.3939569853
        0.3859867888
        0.4383691606
        0.2607261880
        0.2113505255
        0.1788578923
        0.1826479118
        0.2390812126
        0.1350815390
        0.1585541432
        0.1844839068
        0.1674150920
        0.2061828297
        0.2288490387
        0.2487266128
        0.3494431820
        0.4107824245
        0.4313333397
        0.4342610865
        0.5618067344
        0.7282399897
        0.8228669016
        0.9572032109
        0.9121986313
        1.0112533113
        1.1957943595
        1.4733269424
        1.6221920514
        1.8810549790
        1.7955260071
        1.9693253303
        2.2695784972
        2.7146026204
        3.0102613965
        2.9459764992
        3.2279460996
        3.6684367863
        4.3171760725
        4.6770662257
        5.2629859200
        5.0831328635
        5.2519318465
        6.1442788218
        6.5920304095
        7.2728407281
        6.9732821040
        7.2132055108
        7.6934206092
        8.4737845710
        8.9146232776
        9.0655936394
        8.8928736020
        8.4067974470
        9.0659432461
        9.1264997265
        9.4094383091
        8.5194181157
        8.1321823371
        8.0486374386
        8.2410213556
        7.9446283282
        7.8866047482
        6.7560284870
        6.0183811786
        5.9368389722
        5.4642205824
        5.1984228059
        4.2229657132
        3.5380244149
        3.3529252889
        2.8839743353
        2.5762190346
        2.2957318664
        1.6859854989
        1.2770456063
        1.1357640596
        0.8795933366
        0.6614886687
        0.5031014370
        0.3547602217
        0.2566240137
        0.2153612614
        0.1298170863
        0.1252620855
        0.1454824399
        0.1882390350
        0.2437817829
        0.3200537086
        0.4163167580
        0.5320952709
        0.6534532300
        0.7863739037
        0.9555166170
        1.1424365421
        1.3400301155
        1.4858132534
        1.6497580589
        1.9130364064
        2.1795984757
        2.4603528385
        2.7214848366
        2.8214350036
        3.0046219300
        3.3305030814
        3.6781197413
        3.9470972376
        3.9622023591
        4.0161821528
        4.3684906804
        4.6773765471
        4.9144122955
        5.1144186299
        4.9504223354
        4.8022522210
        5.0522780524
        5.2021585973
        5.1914309107
        4.8684748431
        4.5583948668
        4.6363329635
        4.6055684370
        4.5168130448
        4.3601089419
        3.8578839401
        3.4240216212
        3.3306979361
        3.1551796818
        2.9639019436
        2.7099715111
        2.2399224196
        1.8334930413
        1.7004863148
        1.5174418057
        1.3215880563
        1.0013735570
        0.7460435987
        0.6460855682
        0.5365671139
        0.4358335113
        0.3475739264
        0.2469744651
        0.1637226855
        0.1483098362
        0.1393995770
        0.1502261494
        0.1907901508
        0.2359295025
        0.2390930071
        0.2842003462
        0.3148030373
        0.3482710568
        0.4653672573
        0.5592887987
        0.5363126229
        0.5656105615
        0.5763629803
        0.6917020357
        0.7107754031
        0.6957819525
        0.6721772840
        0.7073537951
        0.6613698908
        0.7675220278
        0.7464219811
        0.6426812970
        0.6443957819
        0.5616832584
        0.6465770339
        0.6055258277
        0.5495285319
        0.6154135025
        0.5949997672
        0.6162331325
        0.7219270000
        0.7460377187
        0.8599739298
        0.9799440022
        1.1390877272
        1.2934134301
        1.4518060025
        1.7514316686
        1.9236084411
        2.2396413927
        2.5241100270
        2.8109479654
        3.0937953760
        3.4452673517
        3.7908851390
        4.1408468683
        4.4879566029
        4.8395734340
        5.1578778898
        5.4348506650
        5.6972018819
        5.9316375849
        6.1873436744
        6.3761539075
        6.4461126390
        6.5475855645
        6.6016697526
        6.6104555759
        6.6818472664
        6.6695795551
        6.4434186652
        6.2849035645
        6.1311421279
        6.0534606797
        5.8928131184
        5.5738412683
        5.3716091396
        5.1613427797
        4.9243588662
        4.7715797857
        4.5646953664
        4.2361469178
        3.9799174462
        3.7604972686
        3.5882148309
        3.3633280144
        3.1069011248
        2.9236630764
        2.7639979697
        2.5861989867
        2.4673480653
        2.2972643859
        2.1326929801
        2.0076033939
        1.8978061641
        1.7859073110
        1.6955339775
        1.5839069606
        1.4801055156
        1.3948986951
        1.3149800208
        1.2372068130
        1.1491006553
        1.0730552017
        1.0082511731
        0.9490445654
        0.8936481917
        0.8405838830
        0.0000000000
        0.0000000000
        0.0000000000
   439532.8568528645
   467510.0481619055
   465909.8282707004
   461876.4417425424
   469427.9052697419
   466407.5908585731
   515058.8113843398
   507952.9168216347
   514059.5301162954
   522646.8632662694
   514236.1571716987
   510459.7512161431
   566996.4180938890
   558259.6655087818
   550215.2718435311
   538006.7091358915
   510088.4450935370
   566271.1587362590
   540871.9469262537
   519575.8087042306
   496368.5540284736
   474995.6066243931
   432162.9773074043
   472945.9761710166
   438986.3223637809
   400167.8274247914
   369013.1101916763
   328224.6160267667
   345350.4095345976
   310250.7064264872
   271328.6076785268
   240315.5246591811
   212830.2495354057
   175892.3394677289
   178760.3896884942
   151316.1087700385
   120880.9873181523
    97006.5108618087
    75588.3955329521
    56264.4010287392
    56707.7108939943
    39196.8468078655
    27763.5130293695
    20272.5045655663
    15250.4781314023
    21402.7939540833
    22517.1069276810
    26564.8205489258
    32485.0704783417
    39776.1066625878
    47895.7381365146
    84465.6281474565
    96876.2083529366
   109082.3509131905
   119644.0382445692
   127331.7520911619
   191245.9323203059
   202396.0533706478
   208782.6834338040
   213603.3302941541
   215115.5894130877
   215458.2915948082
   313105.4686392712
   306337.6764328631
   294504.2763951962
   280173.9163248053
   262427.6022307017
   353075.4615976768
   334362.4736807824
   307704.9501828577
   284451.0529139197
   265707.3666218299
   245913.2678789448
   343611.7120897031
   308648.1292738385
   274542.9825250577
   246393.9903078080
   219101.1409527299
   287131.0117897780
   257977.0260121799
   227743.4970389528
   204024.9254914102
   184446.3682243372
   164762.5388001517
   206715.4802024870
   180388.7820838922
   159035.6755002166
   142699.9775600446
   130277.1945090293
   116230.4094667944
   138852.8901150883
   123628.7208342726
   111350.5010193397
   102373.8674452374
    94549.5507883427
   102285.2664309372
    96872.6639137062
    92823.2756021540
    89902.5135226588
    87358.4317130568
    84177.1763009050
    87606.4832366281
    83923.2805781191
    81668.3094575865
    80359.5773751108
    78660.1860343008
    78400.5423781172
    72366.0027901469
    64183.6401845921
    54668.7979991148
    41535.5798997434
    26912.8926101047
    17949.4030625000
    12493.0433038088
    10127.2508534223
     8255.5796915441
     6444.6585200343
     4390.5794279053
     2484.4744330899
     1585.6213340620
     1226.5831321386
      976.7089158385
      789.0863516598
      644.4572146131
      517.9051336757
      425.9362704955
      347.4721921804
      287.6313041938
      229.2915800107
      186.3227753744
      157.4233160485
      130.6613822595
      108.0556105285
       92.5399261194
       75.4481920272
       64.2904759719
       58.1868122586
       52.5336581763
       47.6576470380
       43.6242119819
       39.8925766554
       39.0654910490
       38.6850687427
       38.6128250419
       38.7615687626
       38.2613459687
       38.6857126318
       39.1449669215
       39.6383511155
       40.1617411682
       40.6848368648
       40.6785149179
       40.9307542033
       41.1054949315
       41.2118907184
       41.2369031941
       40.7314686921
       40.3090065414
       39.8199037318
       39.3945334879
       38.9648958564
       38.4027372084
       37.3731870515
       36.0823373637
       34.9951024224
       34.0591620154
       33.1576253696
       31.7704038525
       30.1814575077
       28.7496634937
       27.5236531474
       26.4713819269
       25.4974873299
       24.2363239882
       22.4151596910
       20.8909045376
       19.5480844267
       18.4590802120
       17.2021481956
       15.5649844304
       14.2120952433
       13.1386579027
       12.1836175562
       11.5137879900
       10.6471211071
        9.4169893792
        8.4137571608
        7.6988733602
        7.1236132585
        6.7999966415
        6.3190534419
        5.5456021099
        4.9843337462
        4.6329450998
        4.4493024047
        4.2078427425
        3.7608905244
        3.4637403493
        3.2870118077
        3.1812133042
        3.2017652897
        3.0791670619
        2.8414810479
        2.7124854909
        2.6615932858
        2.7047107766
        2.6373213423
        2.4885393783
        2.4122156860
        2.4129533163
        2.4183216059
        2.5320756689
        2.4981141391
        2.3969299611
        2.3734365715
        2.3812831961
        2.4507511033
        2.4040005490
        2.3415773747
        2.3209264838
        2.3378491772
        2.3772260773
        2.4318225453
        2.3671692391
        2.3040524332
        2.2915162707
        2.2833000214
        2.3069804139
        2.2235820044
        2.1874866439
        2.1651283350
        2.1665808526
        2.1692451188
        2.1718773052
        2.0721598159
        2.0461232084
        2.0350843841
        2.0476080086
        2.0562287652
        2.0647060678
        1.9112828084
        1.8961958654
        1.9017508228
        1.9235233844
        1.9130732920
        1.7777721626
        1.7615508459
        1.7506933651
        1.7433172307
        1.7383286929
        1.7366864076
        1.6205831048
        1.6057539729
        1.5989545171
        1.5944606954
        1.5925229415
        1.4837962161
        1.4765074422
        1.4753152547
        1.4771482919
        1.4816973942
        1.4895914105
        1.4327948607
        1.4549076884
        1.4687050714
        1.4856544950
        1.5255331476
        1.5040754830
        1.5252464770
        1.5480007756
        1.6234453402
        1.6985383500
        1.7921931227
        1.8110823429
        1.8435836768
        1.8912125497
        1.9954817287
        2.1329228314
        2.1594062690
        2.1974231079
        2.2644145236
        2.3881456279
        2.4911334876
        2.6740133920
        2.6667535081
        2.7056614617
        2.7683809030
        2.8864456891
        2.9827206732
        3.1661880542
        3.1226573853
        3.1247039857
        3.1445984084
        3.2098329767
        3.3879064344
        3.3198782864
        3.3349329810
        3.3707038779
        3.4584249212
        3.5101114789
        3.6600198597
        3.5554201356
        3.5021006789
        3.5237358322
        3.5241376181
        3.6624343894
        3.5452537247
        3.5135616908
        3.4922567761
        3.5022349933
        3.5547858805
        3.6025543713
        3.5482092759
        3.4218615914
        3.3938703360
        3.3130049604
        3.3978291874
        3.2403691631
        3.1879942947
        3.0966038805
        3.0958787487
        2.9951852456
        3.0800580113
        2.9138135101
        2.7201554592
        2.6580859067
        2.5206082395
        2.5744919732
        2.3860535667
        2.2243808032
        2.2194490201
        2.1121297919
        1.9920737032
        2.0168517607
        1.8531257122
        1.7544516411
        1.7635909106
        1.7822829754
        1.7362718777
        1.6758015888
        1.6073649829
        1.6101914482
        1.6924697472
        1.7288369516
        1.7522246527
        1.7147898549
        1.7719823272
        1.8360540997
        1.9055180091
        1.9769960470
        2.0571023709
        2.0676237813
        2.1178482216
        2.1601296544
        2.1947311333
        2.2532721288
        2.2231970534
        2.2088206282
        2.1932039404
        2.1614931554
        2.1172283929
        2.1256693276
        2.0013406606
        1.9054253037
        1.8158845978
        1.7357786398
        1.7123513191
        1.5603637890
        1.4572334783
        1.3796700991
        1.2888391212
        1.2283150302
        1.2047170716
        1.0773700424
        1.0185808584
        0.9764425641
        0.9449884998
        0.9341224846
        0.8490749394
        0.8400345551
        0.8338592294
        0.8334042113
        0.8442279632
        0.8453489846
        0.7903140495
        0.8046741141
        0.8222570292
        0.8444127410
        0.8689406598
        0.8716289083
        0.8237818111
        0.8376311911
        0.8560809938
        0.8718372214
        0.8776631894
        0.8284028927
        0.8334421854
        0.8446108471
        0.8561691272
        0.8678409129
        0.8785583575
        0.0000000000
        0.0000000000
        0.0000000000
        0.0000000000
   467192.4258394949
   465342.8731110683
   466527.8673447846
   463785.1974037452
   457030.6947047659
   505380.7794288677
   495575.1312772276
   505328.4345552509
   510129.8364702985
   508136.6607950884
   505359.7368835667
   555372.7478781624
   551298.4889797214
   534125.6684673247
   518632.9767566164
   490519.5481230764
   536664.3798672347
   512640.9010291861
   493709.5018725937
   470796.4751999556
   452441.9035488807
   415546.5869337430
   443608.1630186149
   414686.9619667449
   382301.2789315447
   353595.4538447470
   313983.0057577050
   318284.5832080803
   288381.7582136610
   254696.3938592615
   225785.9106191846
   200834.2859210548
   168424.7841397833
   159672.8104326135
   134768.1024926029
   106964.7788516777
    85854.2432285624
    67207.5589906488
    49533.2113196531
    45353.4803114678
    30981.9368578501
    22599.7319279627
    17769.7204057439
    15535.9353386545
    32484.0125732322
    38375.2315850294
    47751.8381723181
    59871.8052944276
    73922.8613100114
    88419.3070593009
   154808.6234962808
   178686.1774679958
   202850.0364651627
   225744.6514430225
   243954.8342585958
   361652.5886775357
   389464.8594753243
   414522.4514951427
   438233.1902784004
   457853.0539117741
   465030.3305154284
   650170.2961199891
   666130.8801726650
   675246.5148927066
   677550.8705223777
   664604.8068828146
   873555.6891908388
   876931.2604830880
   871398.5137553867
   871658.7985435905
   859398.7803536842
   828931.7036545102
  1090884.5993037028
  1063142.2801962967
  1027297.3971988232
   988091.7124921075
   926932.6998208557
  1170884.1786406923
  1134922.8325680804
  1087083.4611876162
  1042749.8572588743
   992911.4695487004
   942045.1077536970
  1204162.4213195429
  1146673.8730297238
  1078259.1672450574
  1017204.7694582600
   954078.5767406229
   895972.0716153129
  1141948.8345067084
  1080839.5267084967
  1011922.1466945614
   940536.6826131463
   864608.0420381154
  1058327.3227743462
   992623.5194720431
   909449.4571713939
   843696.0391985751
   777378.2315221329
   714038.2369777266
   907688.8945788161
   834496.8402977671
   763663.2386595790
   692436.4521911753
   621234.6726047840
   767902.4693267292
   699679.4773145828
   628498.2690060907
   565667.3126754281
   512594.9009995509
   459033.4473332255
   581642.9001988556
   518687.9695213437
   461025.3635535338
   405101.8057020330
   355744.1628283587
   420977.5307871134
   376118.9152945721
   328892.3678073449
   292119.6890392847
   255775.7906956724
   226399.9406729927
   269487.7405381502
   231947.2591345444
   199836.4494957984
   169344.3130447531
   144431.8788356872
   163003.9449884757
   138873.6501995967
   116617.3799495642
    97137.7674765808
    81262.3952631462
    68688.8125000207
    76458.7516138195
    61148.8490955476
    50092.7935765423
    40636.8955265894
    33107.8014599027
    26003.5225486269
    26080.5522788981
    19939.6712967728
    15285.2446626689
    11655.7011222195
     8653.1508049398
     7770.9465997526
     5918.7391867072
     4721.3563144640
     4067.9223136166
     3883.0444923922
     4204.3305382108
     5378.9454686630
     6432.8665822487
     7490.4202361309
     8429.6777073457
     9175.8937156038
    11220.1771224155
    12251.7894364864
    13221.3063459052
    14199.5037752001
    15132.7301821526
    15845.5788745420
    18925.5621165818
    19961.3006907461
    21343.0624891598
    23129.8484400239
    24959.5345407850
    29492.6476832726
    32041.3446122937
    35081.0604636695
    38857.4607846926
    43212.5773975454
    47761.3772032540
    54884.3735981427
    59125.9317271421
    61604.9916719054
    62073.8515413085
    60074.5195134712
    60675.3120479628
    57546.6636495854
    54638.2253106076
    52542.1443897390
    50549.9647785061
    47516.5644662835
    44392.0446601374
    37707.8967869599
    31362.9467551221
    26783.9881885489
    23845.7893404857
    21813.6081476129
    20970.4599327279
    17919.7318605960
    13885.8027861513
     9514.4626575481
     6325.9458046266
     4848.6635131525
     4085.3911247673
     3539.1509361044
     3096.6657969082
     2730.0698758777
     2384.0142934989
     2105.0799459738
     1857.4629628447
     1650.6193070369
     1477.3462159129
     1308.9429567153
     1153.5264154018
     1030.3921973491
      932.6523192521
      847.3290628101
      769.3749393540
      691.5371860384
      612.9553031629
      552.1909021647
      499.1190794225
      453.2618042496
      403.8654751650
      354.7308081941
      316.7687359260
      287.0768928511
      259.3866469333
      235.0529049849
      206.9323421434
      179.3913303216
      158.5615292292
      139.6611873685
      124.2338197632
      107.1504443100
       90.3485882255
       78.9960935184
       68.2244140228
       59.5870477142
       52.3833976362
       43.7518793242
       36.0335052352
       31.1852413060
       25.7817385661
       21.9988822338
       18.3880274981
       14.9321294433
       12.6833170829
        9.6705943532
        8.1211991405
        6.8562610821
        5.8237971340
        4.8095358993
        4.3201074580
        4.0962087155
        4.1223139990
        4.3758570766
        4.8181454102
        5.2414980236
        5.9340035937
        6.7688367188
        7.6667823065
        8.5340130704
        9.1858376562
       10.0498865073
       10.9695326835
       11.8845924214
       12.6723006792
       13.1807838723
       13.5086620446
       13.9641999056
       14.4947004234
       14.9079270042
       15.0618938056
       14.9791708340
       15.0812240253
       15.3385327655
       15.7714710006
       15.9543816149
       15.9005824699
       15.7654432938
       15.6376581984
       15.6642118857
       15.6418217001
       15.3999415110
       15.0793599344
       14.8920515645
       14.8799875795
       14.9120080948
       14.8168542806
       14.5740420445
       14.0941760845
       13.7837409654
       13.5887837669
       13.5087882778
       13.2838959238
       12.9211199403
       12.4106743913
       11.9508598562
       11.5845176290
       11.1584912743
       10.7973615936
       10.2617867421
        9.8951585816
        9.6215097002
        9.4321460721
        9.1368025451
        8.7722247227
        8.3148021621
        7.9386647526
        7.6730815346
        7.3351079866
        7.0565728989
        6.7130996360
        6.3984315174
        6.1600131021
        5.9246606448
        5.7490443248
        5.4359810298
        5.2793691480
        4.9174475149
        4.6747675545
        4.3408791325
        4.1141062424
        3.8348241615
        3.5903641899
        3.3122524470
        3.1484491820
        2.8448505940
        2.7072704861
        2.4590149110
        2.1097637178
        1.8985579475
        1.6015800216
        1.5190891187
        1.2905135891
        1.0668080569
        1.0338256279
        0.8764350880
        0.7638414203
        0.8147022426
        0.7339278297
        0.7455174464
        0.8916862614
        1.0283188481
        1.1518694300
        1.3037989683
        1.5393518770
        1.8254924985
        2.1753225406
        2.5294228925
        2.9009838903
        3.2413199909
        3.6848121638
        4.1448015052
        4.6246338083
        5.1181159783
        5.6224731061
        6.0781905544
        6.5465929407
        6.9931994994
        7.4156153903
        7.8380353825
        8.1781698909
        8.4794920271
        8.7649334757
        8.9963541128
        9.1612267133
        9.3703086171
        9.4049275449
        9.4273694892
        9.3940617786
        9.3283234389
        9.3413909244
        9.1329997337
        8.9457007033
        8.8188159149
        8.5876683580
        8.3924814609
        8.2490420563
        7.9263816340
        7.5901823171
        7.2940416316
        6.9563535798
        6.7527628442
        6.3661015048
        6.0303645505
        5.7647954451
        5.4456328264
        5.1728658008
        4.9087647774
        4.5603716773
        4.2365058478
        3.9929258783
        3.7298601142
        3.4914857542
        3.2642165743
        2.9667822872
        2.7267314916
        2.5310119591
        2.3386495232
        2.1788042464
        1.9658239184
        1.8265474930
        1.7146484115
        1.6202026265
        1.5415930139
        1.4757797932
        0.0000000000
        0.0000000000
        0.0000000000
        0.0000000000
     1794.6290099224
     2894.1864309215
     4263.1116598169
     6731.1509575955
     7081.3128663955
    16038.1136101698
    17862.1379846665
    19957.7494813236
    21420.1487117373
    21841.1005169917
    19607.5789236251
    37408.6057795065
    36242.3104739935
    34569.2862540772
    32626.5071771215
    28125.4290150651
    49107.3956674924
    46701.4806416789
    45227.0378341908
    43396.4123103794
    42262.6625471462
    37587.3560476627
    59123.6374282052
    57505.0119189964
    56428.8504349287
    56103.4229121679
    51449.9864457397
    66886.5996000001
    64537.9695655593
    61405.0166165811
    58888.9765527148
    56612.9638793852
    49690.7965347735
    53344.9022960448
    46885.1627524101
    39155.3842941401
    33353.1948139908
    27677.3939557121
    21618.1866990451
    22017.1740352408
    15504.3191393014
    12029.8774094479
    10202.4298059492
    10018.3066430647
    28139.8376216783
    33115.4742496975
    40772.8776849893
    50890.6534614373
    62928.8624740544
    76072.3433102368
   146334.8740744657
   168481.7110752802
   192178.2430112993
   216471.2536346625
   238126.9561519214
   366767.9360304471
   399067.8734874465
   430478.7754661837
   461526.4725246542
   489173.3228972367
   505571.0173024430
   710260.6214179250
   736147.2345048720
   755466.9939419682
   768793.6070029956
   768123.4794215313
   998672.5453647281
  1012963.3461455243
  1020373.9485790983
  1032344.5621447143
  1029632.8869788073
  1008261.9233789834
  1287449.8427481588
  1277281.1505856519
  1255900.5826945447
  1235553.9242427349
  1192614.9318972290
  1454656.2358526455
  1437801.4358257924
  1410585.2904729750
  1386944.4169471995
  1351791.2448151663
  1307122.9006775154
  1574036.0332453039
  1542891.5960219095
  1495984.1813560952
  1454070.1341590767
  1402919.2306580411
  1343807.7415598242
  1617547.1914911100
  1567900.7974528517
  1503643.4586525008
  1437840.6873423886
  1357332.2358449001
  1586671.0019075484
  1531919.7650966360
  1469720.7340213957
  1414312.9358015591
  1346548.6758706770
  1267101.0876553271
  1523096.3466005938
  1448966.8127913789
  1374291.2451685115
  1287046.0875181484
  1195863.5999268293
  1398483.8324924733
  1330306.9383659908
  1255845.2106597216
  1184448.3615607945
  1120429.7543601207
  1039440.0417508157
  1242363.6475873333
  1166440.4162081925
  1089109.8461228400
   999364.7873418243
   908977.2022294209
  1047011.6469218758
   973920.5527024732
   891802.7645304431
   820398.9869584194
   743866.8534897892
   675833.9336149945
   801295.9420553806
   723747.6957432082
   653179.8701669862
   575952.2457975248
   507228.7878640083
   575963.0263271927
   506307.8399900402
   447094.2771644279
   389144.0061799577
   334075.9374653463
   286712.1793805604
   319655.7748966477
   265827.7768810862
   221990.0617180936
   183651.5483023653
   149798.2053809135
   117482.5887450518
   123717.6815611634
    94520.7348326551
    70898.2222817642
    52748.4439416323
    38339.8509621894
    38114.5017237724
    28004.3204275066
    22208.0376376897
    19127.3203581966
    18512.7987939207
    19853.1117803382
    30444.9198685497
    35689.4054364473
    42305.5216429949
    49509.6609708459
    56680.5745032997
    83144.7521514458
    93863.0359020992
   102674.5500700262
   110251.6466346562
   117494.5713181575
   122979.5130734228
   169220.2948117383
   174490.9331633045
   178711.9860882066
   180944.1626724440
   179684.6649175845
   226464.7047985904
   228237.4826594854
   225235.9696955173
   222387.0521747331
   218196.2963774943
   212572.7195782030
   267889.3304813400
   259768.9701236594
   249431.4477851158
   236695.7351919153
   222041.8549191977
   265503.6483105870
   253457.9652220070
   238342.5769487684
   224330.3963461696
   211735.1692997263
   201276.5607000929
   247735.1164203784
   230179.8036125920
   209663.8584947755
   192888.4337769046
   182354.7341399800
   172238.4467665340
   209637.9311180650
   192673.6077182679
   176157.2816268388
   162481.0709912772
   149202.9849848978
   172594.6178109064
   158239.2443514231
   144443.2372157939
   133805.1453567439
   126646.3491021989
   117260.8776107411
   139652.1021059814
   127414.8652517002
   117301.9878326098
   109350.1627318166
   100053.9319020982
   113401.1656171230
   102939.8866202006
    93706.9264415659
    86405.9576486328
    80753.9456933363
    72932.0187664406
    82558.9550946939
    74419.9914276986
    67631.1493498691
    61512.2298768000
    54568.4782194760
    58531.3882466460
    52697.3182551947
    47971.6055344813
    44041.0286723667
    40559.3509302823
    36173.2740762713
    39177.9777573908
    35140.0028440816
    31356.0373767758
    27779.4836415652
    23804.7042412472
    24428.4403926933
    21339.0555297066
    18424.5884874511
    15898.5038035575
    13671.8729091090
    11411.4033553426
    11529.6850895737
    10054.8499294576
     8959.9129287948
     8009.5605143819
     7095.1248903801
     6114.7396146043
     5609.9148512114
     4752.3134557762
     4194.1690053750
     3837.4745729748
     3688.7826036837
     3793.7935689501
     3924.7181450073
     4002.4372914426
     3931.4191248583
     3914.5614816591
     3996.2556665313
     4357.1178510212
     4771.7903172706
     5074.0634095377
     5178.6322279212
     5202.4140043334
     5314.5190066975
     5632.2336512837
     6115.1037332602
     6772.9356355665
     7601.2515158505
     8600.5635023405
     9588.2652169249
    10576.8539532734
    11544.4441630294
    11967.8930053766
    11403.8921540705
     9905.6671627780
     8479.2804357648
     7535.0178749296
     7296.3637691437
     7390.6248615546
     7106.7887351540
     6355.1266196428
     5066.7592919631
     3664.4104677433
     2839.2714624856
     2461.4847290460
     2130.6447637744
     1850.8586271529
     1636.4183229035
     1464.3267211332
     1314.4122832967
     1169.2361628970
     1039.9820640205
      928.9754967504
      837.3512465495
      761.4391069398
      691.7938819944
      619.9636134625
      550.9124668196
      493.7654260398
      447.7659460142
      406.3942661008
      364.8819450440
      320.9961279606
      289.7490984850
      264.5232805783
      243.5862925813
      223.4263275680
      201.1642731870
      177.2802445012
      160.0669244747
      146.7123051094
      133.9487920342
      120.4817929092
      104.9950808879
       94.9855027725
       86.8586401962
       79.8338914054
       73.1713704322
       65.0472001218
       56.7139152821
       50.5743873091
       45.9183831390
       41.0830843557
       36.2212689679
       30.5643477602
       27.1672015739
       24.1148758957
       21.7100577483
       19.0290234258
       16.5910417005
       13.7337978732
       11.6675855161
       10.1951970302
        8.6008749757
        7.3900373414
        5.8826522519
        4.8564843289
        4.2715685851
        3.5814894918
        2.9552583704
        2.5931876433
        2.0817534763
        1.7863971793
        1.7190715192
        1.6543348285
        1.6135034140
        1.5915681485
        1.6055851627
        1.7548138230
        1.9686157633
        2.2253814152
        2.4879759525
        2.7083833546
        3.0159581684
        3.3481216249
        3.6958319863
        4.0512206804
        4.4012116042
        4.7401004464
        5.0760228334
        5.3903191172
        5.6632477147
        5.8958576478
        6.1398923743
        6.3125547136
        6.4586259760
        6.5586079504
        6.5903233808
        6.6010016788
        6.6180716426
        6.5420717872
        6.4266362005
        6.2620081336
        6.1230757053
        5.9921068515
        5.7611431571
        5.5555859799
        5.3176854061
        5.0778823418
        4.8740243447
        4.7028693251
        4.3965386010
        4.1109449617
        3.8401650298
        3.6468306975
        3.4583693250
        3.1928904405
        2.9735834820
        2.7680205436
        2.5742323515
        2.4336850757
        2.2822524444
        2.0953262554
        1.9466431159
        1.8125809160
        1.6876441235
        1.6015821501
        1.4966700008
        1.3862528089
        1.2956269712
        1.2174351763
        1.1611087020
        1.0881798071
        1.0274470265
        0.9775888643
        0.9335172187
        0.8929366980
        0.8547861800
        0.0000000000
        0.0000000000
        0.0000000000
        0.0000000000
      489.5645738398
      545.6999585178
      504.8358768857
      490.7471831713
      551.1701936952
     2094.4262271073
     1717.0499455193
     1677.9165846811
     1622.4371450882
     1547.8119987116
     1025.6699823114
     6355.2989108772
     5932.7536115012
     5446.6512181944
     4931.9859904261
     3522.5643567247
    12753.7346907202
    11594.7167223047
    10839.2332392655
     9889.1173361222
     9308.1394137068
     7152.2313239453
    17611.9788960307
    16421.5702066578
    14803.7350222005
    13578.4381085764
    10487.9065392538
    18139.4058420479
    16836.4963077241
    15133.6239894606
    13614.0345079446
    12087.3596429899
     9377.1190274478
    11389.1595056088
     9170.3565186730
     7337.4958773459
     5877.8279373523
     4574.1473337799
     3245.0199465789
     3234.6272211382
     2301.5065821593
     1894.7430752449
     1712.0044189367
     1849.8645737815
     9333.2242527459
    10182.1768289660
    11185.6505848344
    12352.2907289940
    13499.1221018502
    14243.5265187706
    44576.7464568511
    46018.4962212666
    47153.8392907606
    47639.9624598701
    45231.0266868669
   104319.9860823631
   104099.1684481025
   104269.9196578642
   105186.6183728409
   105402.9236355941
    98929.5588057541
   202706.1768473451
   196944.9731729892
   191132.4774515978
   186900.8454033628
   173034.5855039137
   305508.7665022050
   297099.2283993604
   288989.8545443435
   285429.8139248383
   281063.9445652466
   264178.8937562639
   441398.7544796814
   426495.0415581912
   411040.6341365787
   402299.3511308307
   385212.0982702433
   566955.0843454147
   554877.4732961159
   540414.0087528989
   533587.1493236462
   525161.7500725569
   512722.7351795352
   707433.1799012832
   693113.7351397087
   673781.0775571972
   661988.6144927167
   650507.8371027791
   633315.6994179263
   835383.1289336738
   814282.0046470764
   787743.2224335617
   760343.8995410461
   734697.5581755324
   914548.1354761890
   898835.6326383903
   875581.7353840029
   858436.9059363881
   838023.1850484933
   811031.7604847086
  1013121.6554036300
   983472.8938776113
   954578.3934272797
   911222.1901412407
   870769.9747789224
  1025268.8643679015
   996713.9248864804
   961133.3856825912
   926769.8193465861
   901353.2324017884
   853883.5747965887
  1012191.2764421940
   966594.7523276499
   927505.0493060834
   875543.5823120724
   829724.8533384717
   916565.2790798007
   880801.3784557780
   833546.1848033492
   797246.2826005529
   751122.1003098323
   712932.6194164570
   785126.9237441135
   730691.6576298870
   681144.6491980593
   624965.4542424813
   577327.9068117181
   604991.2792526776
   548711.9749115802
   502811.6768169503
   451774.5013033109
   399082.9527303347
   354122.4863625103
   356077.9331582380
   302157.4152395815
   261799.3952238375
   221102.9469639192
   184358.7743223273
   146515.9049643795
   140314.8768051206
   114010.1414331494
    91596.4815335902
    74583.9411492229
    61350.2606613638
    69251.6299891420
    61637.1314995663
    59029.5090860869
    60966.1150634101
    67597.3008406653
    77706.9967520903
   125354.0610239006
   141434.5392148045
   160636.3840813794
   180492.3691818089
   199910.8913290353
   285097.4715302957
   307274.0828920116
   329380.5151442969
   353320.4809960440
   374505.5138928531
   389761.3936005887
   513286.2256375166
   523658.1463411531
   534720.4950254373
   540934.0561485967
   541085.9482252767
   680876.8644102492
   680960.9653660491
   675026.3592704441
   669880.7687054048
   661600.1551812015
   648085.2933646771
   809080.4478388646
   781407.4775063928
   747422.4805581236
   708621.5425578690
   665151.6975667157
   808817.9110907717
   774379.2357929150
   737272.9048130001
   701120.9935530203
   666686.5934778423
   634385.0369143332
   810547.5971889006
   785908.6300572741
   757622.4454330656
   729400.4552838947
   704302.7610867526
   680002.8753453125
   841872.7290480986
   814539.6573283065
   780306.5063833835
   743859.6210970099
   698997.0050438065
   816236.2307371969
   778612.9794630546
   733406.9000273795
   688228.3559434124
   645797.5225589939
   607318.4078739921
   721747.4523009574
   683547.7343314867
   635960.9425173005
   590331.8191393506
   545976.5884841996
   636658.5324095504
   599944.1827789979
   553897.8909790157
   513554.4226076021
   477718.8183278051
   445677.7254063739
   526585.2963212529
   486654.4142061202
   444955.7006997935
   408696.1323211874
   369996.9729927331
   421026.4114402808
   385245.5425740482
   350637.5621047773
   318645.5574514077
   291464.7937306954
   264486.0352621321
   302388.0842344719
   272441.3698986563
   243096.9963757336
   217809.3824144745
   191066.0557002891
   207057.9957560282
   185203.7537883570
   162552.3374101500
   142808.7609322229
   126453.1518649976
   109810.6767826086
   116726.2683479980
   100790.6361060579
    84065.7652535882
    70544.9280072088
    59244.2878861681
    49018.1049642292
    48634.9961110900
    38246.8278064775
    30098.3630735747
    23408.6500100766
    17805.3855705506
    16169.5974185439
    12413.6298299411
     9691.4085950461
     7902.7062377767
     6784.2333431814
     6145.3206617369
    10501.0525051825
    11077.1803668282
    12002.6936301923
    13030.1748923263
    13948.8966796434
    22536.2077858744
    23951.9214964659
    25443.5294716174
    27095.5207061100
    28956.6981908392
    29903.2253204256
    44144.0975627679
    44158.0221113789
    44449.3060479179
    44695.1100171657
    44378.4778758648
    57222.0452095915
    56846.6648092083
    56636.0330140334
    56745.4834802708
    57405.1817385633
    55885.6537747241
    68614.7422351045
    66525.2432424373
    64973.7132745247
    63359.6247615489
    60437.0225787752
    71071.9085821225
    68717.5978833043
    66653.0413446836
    65184.6458278870
    64417.2937841092
    61854.1789741794
    73881.3852215533
    71602.8682227796
    69487.9244283849
    67886.8360812602
    66146.0481982121
    62255.6522565862
    71693.3858804683
    67405.1849322779
    63483.3129687301
    59788.7366535409
    55087.9958291589
    61518.0281074464
    57730.9225559500
    54476.2642887326
    51664.9053084023
    48956.6622849421
    45512.8733785977
    50689.0868729327
    47002.7146334204
    43814.0090457159
    40910.7574440359
    38001.5480422547
    40378.6035849764
    38120.5016856168
    36280.0678589404
    34783.7138325200
    33438.0617323577
    31830.2903029021
    33051.4066343066
    31559.5154673893
    29971.3072958995
    28265.1798836158
    26307.1803821347
    24860.9447187313
    22977.2685676789
    21135.8970322545
    19554.7328294539
    18203.9236132077
    17149.4909680290
    15705.4628721844
    14995.1934803250
    14259.3378427326
    13349.3376489094
    12499.2005893067
    10529.7510361456
     9502.9519165998
     8698.0033602919
     7472.7787608924
     6023.6991164677
     4877.6671993011
     3510.7859463039
     2542.6292417406
     2020.6964434732
     1648.7768368373
     1386.0059911346
     1186.0700528692
     1153.9596106923
     1106.6552613738
     1148.3822866247
     1256.0284723554
     1401.8875213582
     1677.5604773007
     1789.3662681383
     1827.0574373691
     1765.1580777366
     1576.6954702789
     1351.2015811148
     1293.8709755704
     1184.9486174855
     1102.0533076586
     1039.4671920945
      970.7373275274
      932.6010105338
      829.9962680124
      712.6811872070
      620.8291186068
      547.6093245915
      487.4539916280
      445.6453356839
      401.2178788655
      364.3795207640
      332.7658134262
      302.7869390834
      274.0306993148
      249.6821588069
      228.9149843869
      209.3707795741
      192.5293119582
      175.5548619352
      157.7396811045
      143.1507071746
      130.8147505355
      118.5399949007
      107.4125554119
       95.0745226020
       85.9763217293
       78.2792985228
       70.7862796761
       64.3482476927
       57.4274499698
       50.4048517903
       44.8498355840
       40.4774540335
       36.2898745472
       32.7433119652
       29.1294088879
       25.2950434065
       22.5991995922
       20.5831800953
       18.7249694401
       17.2170437256
       15.4458944170
       14.5464838388
       13.9932746767
       13.6276333460
       13.5119615567
       13.5981285620
        0.0000000000
        0.0000000000
        0.0000000000
        0.0000000000
      170.8194789064
      163.6244561836
      150.5250248650
      148.8241323728
      153.4689619699
      560.4386704788
      534.4634374207
      495.6639317954
      457.2694696396
      381.4051153599
      252.0011060109
     2248.8473934016
     2007.2814399140
     1738.1323477769
     1474.5256699284
      940.9076960944
     5090.0112399902
     4586.4899077143
     4125.3945908800
     3712.0682193426
     3277.3417771039
     2285.9828558966
     7263.2957795640
     6548.4243932117
     5717.0215053746
     4817.0317256635
     3450.1546064163
     7283.4572577066
     6445.8490346351
     5534.0433259008
     4717.9353205070
     3929.3962254265
     2808.5354017072
     4023.6198495299
     3291.4832643207
     2629.1466402666
     2087.8911899625
     1593.6924233240
     1083.6576976472
     1126.5568545086
      872.4778518266
      761.9965296740
      733.1293177124
      769.9010323408
     4244.0112730514
     4439.5768934002
     4644.8619047891
     5110.9544938364
     5650.4434722539
     5814.7735318768
    22583.4803280206
    22231.0042249152
    21573.3345537744
    20662.4807032733
    18707.7901494538
    52909.0715971545
    50685.2480827956
    48636.9457683341
    47607.8173003557
    46772.2941423470
    42648.1563951327
   105012.4511525656
    99110.3549971215
    93143.3674968845
    85618.2384821564
    74386.3131829312
   154538.1879537569
   143379.0858002502
   134835.1920119339
   129904.9349597827
   124898.8439504122
   113568.3486396334
   216770.1326869768
   202690.2787170446
   191695.8066392518
   178889.0375321927
   158840.3073386438
   262497.6998280212
   246312.2179037501
   235104.1044094357
   226930.8823419247
   217315.6802315489
   201774.3449229501
   305802.3801148127
   292092.5787749565
   279959.9470934130
   272881.0837733548
   262424.8126430493
   243687.4817770947
   331926.0445031869
   315187.5955566860
   303508.0389897429
   292807.4954986533
   272469.4873835899
   337322.4995023768
   318790.5998885800
   304916.1946637658
   297046.7151133568
   289402.1689429804
   273949.0716240262
   339243.7099241558
   321048.0737701672
   308012.9064539117
   294600.4130177387
   274840.6960176248
   317554.2485154500
   297494.7705764705
   280711.2415296987
   268657.0088682053
   260032.5198342509
   243776.3501577300
   290234.7295905491
   271372.3781259037
   257107.3238635364
   242795.0580245877
   226534.6446148328
   255701.1939405014
   241322.9185989878
   226511.9589702675
   217009.1858903683
   206495.3523219040
   197048.6292480343
   223833.9534859933
   204484.3632364957
   188660.9315346742
   171469.9606713004
   158007.9821768018
   170264.8081231542
   149109.9469114993
   136001.2694899980
   121508.3352009674
   108222.7181095343
    99200.0065572958
   111155.6558997564
    94960.6144483635
    85692.1326397814
    78649.8764388126
    73629.1798050499
    69905.8428520815
    81141.3437697799
    76139.8654761931
    73113.5499705367
    73908.9157031690
    77970.9419109173
   101462.2583955873
   111412.9610322597
   123681.0856530363
   136262.1966350825
   148943.0363914161
   162188.8522987146
   210419.1045032377
   227709.8332264121
   246810.7773183536
   266718.9068101792
   284392.3097869971
   369356.4521646471
   392100.7563925494
   417439.5261452611
   444089.8459438315
   471443.6084978849
   491907.5194366544
   632964.1018453760
   649304.3597044320
   662152.4830746246
   670168.5878654930
   668680.8757642290
   823339.0953694609
   825201.1923052700
   821144.5653298643
   818062.2021945071
   813454.4817981865
   798774.7268136811
   984164.2666749842
   971377.2251370186
   957454.7382993904
   941119.7413624479
   914070.9588678741
  1121677.9630146415
  1105202.0997535321
  1076817.7713236341
  1050017.1898423005
  1023069.2630631786
   986347.8097423427
  1245208.0983908146
  1215903.3470591726
  1184434.0763878440
  1155251.4297130650
  1125804.1171959767
  1085196.7352476954
  1344602.4685838225
  1302310.6102817545
  1261118.0840979211
  1218934.1105748876
  1168699.9400236544
  1384684.9293630195
  1341784.8240979481
  1289863.0563953724
  1242650.3816092282
  1205336.8011089365
  1156007.5383714393
  1370082.0551873064
  1319595.0397219018
  1261198.5122097100
  1199761.4267221212
  1129598.1239096990
  1314655.9754427210
  1254188.3487629374
  1183606.1434038472
  1117647.3814170314
  1049812.6104889403
   983253.6265195953
  1153472.6351953449
  1088596.4692503759
  1012667.4032650320
   938930.9016188451
   859468.9545518158
   989045.1162015450
   915872.8206477643
   841559.7860071794
   768193.5744978122
   705139.5288662458
   645544.9967532184
   748481.7638050702
   690000.4088396515
   625526.4662022733
   563907.7690542744
   501768.8549360263
   553087.7024224014
   497447.0521554555
   441175.0915978369
   387797.1068944682
   342687.8924958072
   301430.8011957256
   324268.9909119529
   282804.2726415478
   239279.6615106949
   202223.9158165941
   170924.9973258958
   141703.8811620309
   144032.9032217425
   113918.2433477126
    90623.7364486928
    71056.6182930284
    54349.6741292050
    51392.6288972218
    38816.9283282788
    29226.0759110580
    22461.3237961296
    17906.5313522292
    15169.5892947561
    27095.2686934692
    28175.0169275919
    30338.9515873876
    33214.1928839115
    36040.2965160969
    64380.5899785043
    69932.1187910801
    75323.2955645562
    81035.2217393468
    87068.5762497333
    91678.6473372498
   145824.4830945214
   152223.2561621208
   157221.5077119883
   160904.3360782568
   161540.6715891167
   219215.7173075336
   225250.1982144536
   227952.0568640912
   230598.8764408175
   230311.6079546593
   226131.5853799035
   298207.4866629353
   294963.7707867032
   287109.5681558397
   277358.5290356842
   263404.0234641357
   324754.6208938882
   316492.5712443303
   300498.2099922521
   286080.8175032907
   270861.5760171467
   258752.5129209204
   323976.0168495995
   309781.3457123306
   290991.6423362720
   273305.9532130923
   259194.3005223514
   247348.2982531481
   302064.3168204885
   287804.1972239590
   269351.4143524226
   251805.9648673543
   233617.2148080446
   271819.7919439122
   259613.7744522393
   242850.8044824692
   228498.3954519121
   214639.2223550370
   202571.9359854012
   240632.0575232602
   224177.9087157781
   206584.5045293438
   190743.6943431436
   176614.6026809961
   199761.3130772105
   186722.3874861258
   171819.4966724173
   159366.0273485465
   150335.8279103882
   139713.6063077791
   161901.3696289046
   146756.8610184569
   133902.8765506294
   122707.4987160111
   112183.7832152888
   123787.4390248402
   113511.5260323989
   103012.6642332635
    94377.5676942299
    87044.3760836775
    78413.9496124524
    87052.7492883535
    76309.6507257697
    67553.9837286604
    59660.2186190543
    52017.2884579476
    54984.9662651537
    47720.1637677573
    41322.8907183556
    35860.7897146750
    31199.8023242597
    25983.0291501129
    26309.3574073010
    21038.8055421794
    16648.4421402507
    12877.1308513298
     9738.5413755116
     6908.4659725068
     6226.7335754279
     4528.2409385021
     3483.0830745868
     2808.4251231353
     2348.0279212829
     2373.3380392271
     2437.4861715351
     2775.6256522242
     3402.2409893201
     4261.3463521329
     5247.9567951464
     7436.1450686793
     8919.1332560743
    10470.6530509740
    12036.8321403544
    13406.6265303805
    16830.4949135373
    18380.4862472290
    19693.8197040509
    20814.0288850444
    21631.5602365430
    21867.1723508525
    25693.0975100561
    26074.3550609979
    26408.5567558731
    26646.9320758017
    26486.6873753468
    30582.4728989428
    30838.0388601465
    31142.9259270614
    31606.1640906699
    32122.3045486005
    32385.8913567303
    37764.8336187124
    38545.0155105882
    39350.4016997482
    40039.3819936530
    40419.5467718919
    44752.2386253740
    45587.2487297628
    46291.9641493284
    46756.9021709968
    46800.2162018893
    46080.7024095285
    44980.1675410683
    43276.2456683530
    41218.0123998151
    38772.2567382951
    36316.4723904235
    33988.0554287007
    31942.2629653478
    29590.6619057887
    26699.2646073488
    23469.7111961317
    21352.3395441190
    19029.9454900465
    16418.7073972160
    13904.1176486068
    11658.3832368036
    11776.0952753548
    22023.2440801583
        0.0000000000
        0.0000000000
        0.0000000000
        0.0000000000
      123.0939520194
       98.8276700777
       83.2369617066
       70.1981598940
       63.8028908666
      238.4610369721
      243.7621017903
      235.3561448328
      231.1799674083
      210.8817539747
      156.6680712956
      812.6785857975
      735.1538238704
      654.9235511493
      578.5799235302
      420.5567417176
     1923.0006308340
     1747.7737080685
     1591.7952922150
     1448.6914945696
     1304.2703388233
      926.8607977001
     3086.6415005246
     2853.2346605454
     2530.1201107555
     2150.9007709569
     1510.2397394648
     3446.0790350800
     3104.0263454474
     2684.6315786873
     2311.7808284908
     1930.3054524811
     1362.8329124887
     2148.4812913385
     1806.9516796567
     1432.0805256268
     1130.1866190165
      853.3860478496
      569.0607536524
      526.3745013458
      333.0260291755
      262.9653810253
      231.1697744047
      231.2252859058
     1996.2258593337
     1949.6234616871
     2001.9635714958
     2188.2336397797
     2401.7236594810
     2461.6523756600
    12157.7770185657
    11660.8765151920
    11238.1562683003
    10682.9658972050
     9505.8896128036
    30449.4391321170
    28652.1037580900
    27176.6362247369
    26151.0914707488
    24990.2956247164
    22160.8914022743
    62207.9968161423
    57378.5403256005
    52905.0988538772
    47546.7579768416
    40164.4432018687
    92619.2625556160
    85446.3499701460
    79162.3244125950
    74395.4627368084
    69100.2572556767
    60684.7259694898
   128998.2873656500
   120180.5563630087
   111476.3990902484
   101571.9522082361
    87712.2749291624
   155184.9902395820
   145140.6919368145
   136474.1857316240
   129133.8281822088
   121231.3741282322
   109782.1838806919
   180447.3425505907
   172029.4672605884
   163056.4594937311
   155129.6747531499
   146201.2956685551
   131947.5367121561
   196323.4649405081
   186546.8187445847
   176895.8772988364
   165722.2214634803
   148994.2548445676
   200157.5260620768
   190186.9016841199
   181273.5288054424
   174281.1923650887
   166265.3508850406
   152261.0909068964
   199678.0168171111
   189740.0054738260
   182333.3072728598
   173018.4228851081
   158501.7570239096
   188453.4217144696
   178111.2051169344
   169977.5238366565
   164250.4470287497
   159519.8081141157
   147336.6816550604
   174627.8968463153
   163484.7970917559
   155222.9210578456
   147246.2819109072
   135313.9091375023
   144916.0602684599
   133531.9938295123
   123585.9351008063
   118107.2154587378
   113972.9030920049
   106759.6419797788
   111893.7820754244
    98227.2674633643
    88211.6761256964
    80895.9818054356
    74165.6045881745
    76066.4064061027
    63777.4028939709
    54143.3721348799
    46113.1668148538
    40065.5790030908
    35736.7562363786
    43662.3164237412
    35172.9201679731
    30875.0580527392
    28515.8248265369
    27122.6308959154
    26367.7550767339
    43467.5949132091
    42201.2412129568
    42098.3647257327
    42454.5896899940
    43210.9586409381
    76559.4579332835
    79445.5028650231
    84768.8190774186
    92095.2156780451
   100248.8874002712
   109108.2061541708
   172365.4564347469
   181493.3060767449
   191028.4281406766
   199937.0471869604
   205864.7171453284
   293155.9114579399
   301715.4601625261
   309453.2609313047
   315578.1259394451
   320625.4926186707
   320541.2799007894
   442125.5362140059
   441030.1151100807
   435287.4007791069
   428987.4865681246
   418770.3053758864
   553476.5874555010
   550929.4896786999
   544208.7754417425
   540037.8579453772
   536282.0580475142
   527366.8401333138
   705583.9917615544
   691066.7789519058
   674053.6496134644
   651531.4858244872
   624399.2581127805
   791116.1325501191
   768393.4471873158
   735334.5044968736
   706246.5879517236
   680604.8371231363
   649478.6994160407
   845984.7294523062
   807692.0277269436
   765860.6256015442
   730754.1898450293
   700104.2812803600
   669414.3775882198
   870666.5216776982
   831863.0690664076
   794659.3495538096
   752586.6720454115
   700527.5819468495
   892062.1705628232
   851618.8672845821
   805896.9488909295
   758294.9095138237
   714933.3590247525
   674279.8640888283
   883980.6671188936
   831403.9027765156
   781651.2872052216
   732126.2348362218
   682188.6767824327
   845484.3997668703
   788977.7446085318
   724188.4820587127
   666205.6341477248
   614500.9007892455
   566889.7453052578
   731790.8606705352
   676205.7714904747
   623333.3913307537
   578204.2511318591
   531539.6692555760
   669033.2635243923
   615503.2600448553
   569761.2401008924
   527999.6074230098
   497638.6423304818
   462420.5558486615
   591086.3780666675
   541032.7636347545
   491093.7766340193
   446481.7075990918
   400300.9211995155
   482519.2680463356
   431956.8050341000
   380914.3160852055
   335888.7799433692
   298639.1250161222
   261116.6461864967
   310397.7134684463
   271078.6598225448
   226689.6038047906
   193621.8119080889
   164740.0572558582
   139046.5595894929
   159205.5285612661
   127787.5381332053
   103863.4666548538
    83936.6923811978
    66470.6021794802
    68310.0064323104
    54503.6173154411
    44317.3417791177
    37103.9804732991
    31957.7873171757
    27547.3535115932
    39282.3367588364
    38913.8575811801
    41163.0635005451
    45604.2862525300
    51522.1023598050
    92101.5142166704
   102425.9939596909
   110169.5106481180
   118446.8098121613
   126958.2636338751
   135211.0483205589
   212869.8432916802
   222703.7274134657
   229391.0666782178
   232717.9410959603
   231854.0047353830
   319327.8231610608
   323502.8488769927
   320874.4795402756
   319440.9992551193
   317133.7904031110
   313102.2341741955
   425776.2235097188
   422979.8650917720
   412705.7991572935
   404722.0420685373
   394471.3628876313
   501310.0490349305
   499497.8684221704
   486421.0970172960
   475773.9537409451
   466187.1391380811
   460335.5103855704
   570888.8218095881
   564257.3701977853
   547787.2793120110
   532742.6784361504
   520105.9880683568
   513192.3460815929
   615040.6736017972
   603831.8001047702
   580723.7702854548
   553493.0140900955
   526232.3026964315
   593594.1869933521
   574768.8695666561
   545819.5549306852
   516524.6308316785
   488264.7560526702
   462284.0737938734
   525205.1185437356
   499572.0602095834
   472706.9390048985
   444004.0583344559
   415807.1904027668
   454867.4892130535
   431178.2493129998
   403180.8445193465
   380001.8677937092
   361044.7679960436
   338448.2426020051
   376200.8420055695
   350454.3667644077
   330024.5604737882
   308459.6640929874
   289555.4710080576
   306448.0056981237
   287021.0193418714
   263150.6513621302
   244792.9532164825
   225819.1157023020
   210161.9402296935
   219753.4996311508
   197882.9410630967
   177264.7955439774
   156161.0967884204
   138878.9384062976
   139133.3995272364
   121836.5109059672
   107479.8360695823
    93424.7504491251
    81282.5880480322
    70962.0181063822
    71946.0772741237
    59877.0665461589
    49449.9543041532
    40267.3979398053
    32283.6268765733
    25234.6497500003
    23834.0117719911
    18200.9880126281
    13527.4168710474
     9877.9842722253
     7195.5286073590
     9155.6679746721
     8632.5145754265
     9227.9716621554
    10790.3359374046
    12957.8405979367
    15424.5221390718
    27453.5339487547
    31484.0477919613
    35681.6252368439
    39699.6543821882
    42807.8556093134
    63263.6685872590
    67949.5818549332
    71674.3500800847
    75020.2625576256
    78648.6497084291
    80993.1491762933
   111938.6732110928
   113165.4704663197
   114471.7739487478
   115400.5421840050
   114855.6026008184
   147448.9751883202
   147536.1188880839
   147079.8592758844
   147287.2787914202
   148422.3903975459
   146846.8480449717
   188562.2978699412
   184327.0478101424
   180610.7144261377
   176912.8440185501
   171080.5528182111
   202468.2783517136
   194903.2485445058
   185829.2568296470
   176693.7680716703
   168134.9782104703
   159645.4469882228
   177491.2090800974
   171591.4065027677
   166945.7497230158
   162547.6362027063
   158373.7079244745
   154471.2764501539
   158804.7302158208
   153811.4294551073
   147867.3861638537
   144917.9831342894
   153351.2663493200
   158899.1621410688
   150221.1857486975
   131393.8147169314
    93097.7349276344
    50346.1746235513
    58687.5790091590
        0.0000000000
        0.0000000000
