!------------------------------------------------------------!
  Date: 20191115
  Simulation name: BWX7 
  Filename:slice_middle.txt                                                                                                                                      
  Produced in mod-subroutine:  column.mod/slice                                                                                                                                      
  Written by AK September 2019
  Description:Veritcal column at x300_z450                                                                                                                          
  Data format: t  YYY  EPP   U_G   DPU   T_G   Ri                                                                                                                   
!------------------------------------------------------------!
  1        186.0000000000         14.0003472608          0.0000000000          0.0000000000        273.0000000000          0.0000000000
  1        189.0000000000         14.0003472608          0.0000000000          0.0000000000        273.0000000000          0.0000000000
  1        192.0000000000         14.0003472608          0.0000000000          0.0000000000        273.0000000000          0.0000000000
  1        195.0000000000         14.0003472608          0.0000000000          0.0000000000        273.0000000000          0.0000000000
  1        198.0000000000         14.0003472608          0.0000000000          0.0000000000        273.0000000000          0.0000000000
  1        201.0000000000         14.0003472608          0.0000000000          0.0000000000        273.0000000000          0.0000000000
  1        204.0000000000         14.0003472608          0.0000000000          0.0000000000        273.0000000000          0.0000000000
  1        207.0000000000         14.0003472608          0.0000000000          0.0000000000        273.0000000000          0.0000000000
  1        210.0000000000         14.0003472608          0.0000000000          0.0000000000        273.0000000000          0.0000000000
  1        213.0000000000         14.0003472608          0.0000000000          0.0000000000        273.0000000000          0.0000000000
  1        216.0000000000         14.0003472608          0.0000000000          0.0000000000        273.0000000000          0.0000000000
  1        219.0000000000         14.0003472608          0.0000000000          0.0000000000        273.0000000000          0.0000000000
  1        222.0000000000         14.0003472608          0.0000000000          0.0000000000        273.0000000000          0.0000000000
  1        225.0000000000         14.0003472608          0.0000000000          0.0000000000        273.0000000000          0.0000000000
  1        228.0000000000         14.0003472608          0.0000000000          0.0000000000        273.0000000000          0.0000000000
  1        231.0000000000         14.0003472608          0.0000000000          0.0000000000        273.0000000000          0.0000000000
  1        234.0000000000         14.0003472608          0.0000000000          0.0000000000        273.0000000000          0.0000000000
  1        237.0000000000         14.0003472608          0.0000000000          0.0000000000        273.0000000000          0.0000000000
  1        240.0000000000         14.0003472608          0.0000000000          0.0000000000        273.0000000000          0.0000000000
  1        243.0000000000         14.0003472608          0.0000000000          0.0000000000        273.0000000000          0.0000000000
  1        246.0000000000         14.0003472608          0.0000000000          0.0000000000        273.0000000000          0.0000000000
  1        249.0000000000         14.0003472608          0.0000000000          0.0000000000        273.0000000000          0.0000000000
  1        252.0000000000         14.0003472608          0.0000000000          0.0000000000        273.0000000000          0.0000000000
  1        255.0000000000         14.0003472608          0.0000000000          0.0000000000        273.0000000000          0.0000000000
  1        258.0000000000         14.0003472608          0.0000000000          0.0000000000        273.0000000000          0.0000000000
  1        261.0000000000         14.0003472608          0.0000000000          0.0000000000        273.0000000000          0.0000000000
  1        264.0000000000         14.0003472608          0.0000000000          0.0000000000        273.0000000000          0.0000000000
  1        267.0000000000         14.0003472608          0.0000000000          0.0000000000        273.0000000000          0.0000000000
  1        270.0000000000         14.0003472608          0.0000000000          0.0000000000        273.0000000000          0.0000000000
  1        273.0000000000         14.0003472608          0.0000000000          0.0000000000        273.0000000000          0.0000000000
  1        276.0000000000         14.0003472608          0.0000000000          0.0000000000        273.0000000000          0.0000000000
  1        279.0000000000         14.0003472608          0.0000000000          0.0000000000        273.0000000000          0.0000000000
  1        282.0000000000         14.0003472608          0.0000000000          0.0000000000        273.0000000000          0.0000000000
  1        285.0000000000         14.0003472608          0.0000000000          0.0000000000        273.0000000000          0.0000000000
  1        288.0000000000         14.0003472608          0.0000000000          0.0000000000        273.0000000000          0.0000000000
  1        291.0000000000         14.0003472608          0.0000000000          0.0000000000        273.0000000000          0.0000000000
  1        294.0000000000         14.0003472608          0.0000000000          0.0000000000        273.0000000000          0.0000000000
  1        297.0000000000         14.0003472608          0.0000000000          0.0000000000        273.0000000000          0.0000000000
  1        300.0000000000         14.0003472608          0.0000000000          0.0000000000        273.0000000000          0.0000000000
  1        303.0000000000         14.0003472608          0.0000000000          0.0000000000        273.0000000000          0.0000000000
  1        306.0000000000         14.0003472608          0.0000000000          0.0000000000        273.0000000000          0.0000000000
  1        309.0000000000         14.0003472608          0.0000000000          0.0000000000        273.0000000000          0.0000000000
  1        312.0000000000         14.0003472608          0.0000000000          0.0000000000        273.0000000000          0.0000000000
  1        315.0000000000         14.0003472608          0.0000000000          0.0000000000        273.0000000000          0.0000000000
  1        318.0000000000         14.0003472608          0.0000000000          0.0000000000        273.0000000000          0.0000000000
  1        321.0000000000         14.0003472608          0.0000000000          0.0000000000        273.0000000000          0.0000000000
  1        324.0000000000         14.0003472608          0.0000000000          0.0000000000        273.0000000000          0.0000000000
  1        327.0000000000         14.0003472608          0.0000000000          0.0000000000        273.0000000000          0.0000000000
  1        330.0000000000         14.0003472608          0.0000000000          0.0000000000        273.0000000000          0.0000000000
  1        333.0000000000         14.0003472608          0.0000000000          0.0000000000        273.0000000000          0.0000000000
  1        336.0000000000         14.0003472608          0.0000000000          0.0000000000        273.0000000000          0.0000000000
  1        339.0000000000         14.0003472608          0.0000000000          0.0000000000        273.0000000000          0.0000000000
  1        342.0000000000         14.0003472608          0.0000000000          0.0000000000        273.0000000000          0.0000000000
  1        345.0000000000         14.0003472608          0.0000000000          0.0000000000        273.0000000000          0.0000000000
  1        348.0000000000         14.0003472608          0.0000000000          0.0000000000        273.0000000000          0.0000000000
  1        351.0000000000         14.0003472608          0.0000000000          0.0000000000        273.0000000000          0.0000000000
  1        354.0000000000         14.0003472608          0.0000000000          0.0000000000        273.0000000000          0.0000000000
  1        357.0000000000         14.0003472608          0.0000000000          0.0000000000        273.0000000000          0.0000000000
  1        360.0000000000         14.0003472608          0.0000000000          0.0000000000        273.0000000000          0.0000000000
  1        363.0000000000         14.0003472608          0.0000000000          0.0000000000        273.0000000000          0.0000000000
  1        366.0000000000         14.0003472608          0.0000000000          0.0000000000        273.0000000000          0.0000000000
  1        369.0000000000         14.0003472608          0.0000000000          0.0000000000        273.0000000000          0.0000000000
  1        372.0000000000         14.0003472608          0.0000000000          0.0000000000        273.0000000000          0.0000000000
  1        375.0000000000         14.0003472608          0.0000000000          0.0000000000        273.0000000000          0.0000000000
  1        378.0000000000         14.0003472608          0.0000000000          0.0000000000        273.0000000000          0.0000000000
  1        381.0000000000         14.0003472608          0.0000000000          0.0000000000        273.0000000000          0.0000000000
  1        384.0000000000         14.0003472608          0.0000000000          0.0000000000        273.0000000000          0.0000000000
  1        387.0000000000         14.0003472608          0.0000000000          0.0000000000        273.0000000000          0.0000000000
  1        390.0000000000         14.0003472608          0.0000000000          0.0000000000        273.0000000000          0.0000000000
  1        393.0000000000         14.0003472608          0.0000000000          0.0000000000        273.0000000000          0.0000000000
  1        396.0000000000         14.0003472608          0.0000000000          0.0000000000        273.0000000000          0.0000000000
  1        399.0000000000         14.0003472608          0.0000000000          0.0000000000        273.0000000000          0.0000000000
  1        402.0000000000         14.0003472608          0.0000000000          0.0000000000        273.0000000000          0.0000000000
  1        405.0000000000         14.0003472608          0.0000000000          0.0000000000        273.0000000000          0.0000000000
  1        408.0000000000         14.0003472608          0.0000000000          0.0000000000        273.0000000000          0.0000000000
  1        411.0000000000         14.0003472608          0.0000000000          0.0000000000        273.0000000000          0.0000000000
  1        414.0000000000         14.0003472608          0.0000000000          0.0000000000        273.0000000000          0.0000000000
  1        417.0000000000         14.0003472608          0.0000000000          0.0000000000        273.0000000000          0.0000000000
  1        420.0000000000         14.0003472608          0.0000000000          0.0000000000        273.0000000000          0.0000000000
  1        423.0000000000         14.0003472608          0.0000000000          0.0000000000        273.0000000000          0.0000000000
  1        426.0000000000         14.0003472608          0.0000000000          0.0000000000        273.0000000000          0.0000000000
  1        429.0000000000         14.0003472608          0.0000000000          0.0000000000        273.0000000000          0.0000000000
  1        432.0000000000         14.0003472608          0.0000000000          0.0000000000        273.0000000000          0.0000000000
  1        435.0000000000         14.0003472608          0.0000000000          0.0000000000        273.0000000000          0.0000000000
  1        438.0000000000         14.0003472608          0.0000000000          0.0000000000        273.0000000000          0.0000000000
  1        441.0000000000         14.0003472608          0.0000000000          0.0000000000        273.0000000000          0.0000000000
  1        444.0000000000         14.0003472608          0.0000000000          0.0000000000        273.0000000000          0.0000000000
  1        447.0000000000         14.0003472608          0.0000000000          0.0000000000        273.0000000000          0.0000000000
  1        450.0000000000         14.0003472608          0.0000000000          0.0000000000        273.0000000000          0.0000000000
  1        453.0000000000         14.0003472608          0.0000000000          0.0000000000        273.0000000000          0.0000000000
  1        456.0000000000         14.0003472608          0.0000000000          0.0000000000        273.0000000000          0.0000000000
  2        186.0000000000         14.0003472608          1.0039872852          0.0000000000        272.9979273609          0.0000000000
  2        189.0000000000         14.0003472608          0.9824192047          0.0000000000        272.9999881550          0.0000000000
  2        192.0000000000         14.0003472608          1.0285619422          0.0000000000        272.9999996492          0.0000000000
  2        195.0000000000         14.0003472608          1.0525234747          0.0000000000        272.9999999916          0.0000000000
  2        198.0000000000         14.0003472608          1.0655276258          0.0000000000        272.9999999998          0.0000000000
  2        201.0000000000         14.0003472608          1.0736261871          0.0000000000        273.0000000000          0.0000000000
  2        204.0000000000         14.0003472608          1.0789407502          0.0000000000        273.0000000000          0.0000000000
  2        207.0000000000         14.0003472608          1.0820804775          0.0000000000        273.0000000000          0.0000000000
  2        210.0000000000         14.0003472608          1.0833978335          0.0000000000        273.0000000000          0.0000000000
  2        213.0000000000         14.0003472608          1.0830193925          0.0000000000        273.0000000000          0.0000000000
  2        216.0000000000         14.0003472608          1.0810101083          0.0000000000        273.0000000000          0.0000000000
  2        219.0000000000         14.0003472608          1.0774398669          0.0000000000        273.0000000000          0.0000000000
  2        222.0000000000         14.0003472608          1.0722906450          0.0000000000        273.0000000000          0.0000000000
  2        225.0000000000         14.0003472608          1.0655481341          0.0000000000        273.0000000000          0.0000000000
  2        228.0000000000         14.0003472608          1.0572370810          0.0000000000        273.0000000000          0.0000000000
  2        231.0000000000         14.0003472608          1.0475590309          0.0000000000        273.0000000000          0.0000000000
  2        234.0000000000         14.0003472608          1.0365909062          0.0000000000        273.0000000000          0.0000000000
  2        237.0000000000         14.0003472608          1.0240014640          0.0000000000        273.0000000000          0.0000000000
  2        240.0000000000         14.0003472608          1.0098419422          0.0000000000        273.0000000000          0.0000000000
  2        243.0000000000         14.0003472608          0.9943297582          0.0000000000        273.0000000000          0.0000000000
  2        246.0000000000         14.0003472608          0.9775522589          0.0000000000        273.0000000000          0.0000000000
  2        249.0000000000         14.0003472608          0.9595105251          0.0000000000        273.0000000000          0.0000000000
  2        252.0000000000         14.0003472608          0.9402729456          0.0000000000        273.0000000000          0.0000000000
  2        255.0000000000         14.0003472608          0.9199098878          0.0000000000        273.0000000000          0.0000000000
  2        258.0000000000         14.0003472608          0.8984753498          0.0000000000        273.0000000000          0.0000000000
  2        261.0000000000         14.0003472608          0.8760097967          0.0000000000        273.0000000000          0.0000000000
  2        264.0000000000         14.0003472608          0.8526102171          0.0000000000        273.0000000000          0.0000000000
  2        267.0000000000         14.0003472608          0.8283556894          0.0000000000        273.0000000000          0.0000000000
  2        270.0000000000         14.0003472608          0.8033277850          0.0000000000        273.0000000000          0.0000000000
  2        273.0000000000         14.0003472608          0.7775987941          0.0000000000        273.0000000000          0.0000000000
  2        276.0000000000         14.0003472608          0.7512015686          0.0000000000        273.0000000000          0.0000000000
  2        279.0000000000         14.0003472608          0.7242337238          0.0000000000        273.0000000000          0.0000000000
  2        282.0000000000         14.0003472608          0.6967733126          0.0000000000        273.0000000000          0.0000000000
  2        285.0000000000         14.0003472608          0.6688978377          0.0000000000        273.0000000000          0.0000000000
  2        288.0000000000         14.0003472608          0.6406531408          0.0000000000        273.0000000000          0.0000000000
  2        291.0000000000         14.0003472608          0.6121022791          0.0000000000        273.0000000000          0.0000000000
  2        294.0000000000         14.0003472608          0.5833247965          0.0000000000        273.0000000000          0.0000000000
  2        297.0000000000         14.0003472608          0.5543715853          0.0000000000        273.0000000000          0.0000000000
  2        300.0000000000         14.0003472608          0.5253007755          0.0000000000        273.0000000000          0.0000000000
  2        303.0000000000         14.0003472608          0.4962366066          0.0000000000        273.0000000000          0.0000000000
  2        306.0000000000         14.0003472608          0.4671848031          0.0000000000        273.0000000000          0.0000000000
  2        309.0000000000         14.0003472608          0.4382053646          0.0000000000        273.0000000000          0.0000000000
  2        312.0000000000         14.0003472608          0.4093689340          0.0000000000        273.0000000000          0.0000000000
  2        315.0000000000         14.0003472608          0.3807823840          0.0000000000        273.0000000000          0.0000000000
  2        318.0000000000         14.0003472608          0.3524632260          0.0000000000        273.0000000000          0.0000000000
  2        321.0000000000         14.0003472608          0.3244986122          0.0000000000        273.0000000000          0.0000000000
  2        324.0000000000         14.0003472608          0.2969778794          0.0000000000        273.0000000000          0.0000000000
  2        327.0000000000         14.0003472608          0.2699135066          0.0000000000        273.0000000000          0.0000000000
  2        330.0000000000         14.0003472608          0.2434147805          0.0000000000        273.0000000000          0.0000000000
  2        333.0000000000         14.0003472608          0.2175871173          0.0000000000        273.0000000000          0.0000000000
  2        336.0000000000         14.0003472608          0.1924666864          0.0000000000        273.0000000000          0.0000000000
  2        339.0000000000         14.0003472608          0.1681363499          0.0000000000        273.0000000000          0.0000000000
  2        342.0000000000         14.0003472608          0.1446591136          0.0000000000        273.0000000000          0.0000000000
  2        345.0000000000         14.0003472608          0.1221184647          0.0000000000        273.0000000000          0.0000000000
  2        348.0000000000         14.0003472608          0.1005988008          0.0000000000        273.0000000000          0.0000000000
  2        351.0000000000         14.0003472608          0.0801622041          0.0000000000        273.0000000000          0.0000000000
  2        354.0000000000         14.0003472608          0.0609000334          0.0000000000        273.0000000000          0.0000000000
  2        357.0000000000         14.0003472608          0.0428520261          0.0000000000        273.0000000000          0.0000000000
  2        360.0000000000         14.0003472608          0.0261201457          0.0000000000        273.0000000000          0.0000000000
  2        363.0000000000         14.0003472608          0.0107260738          0.0000000000        273.0000000000          0.0000000000
  2        366.0000000000         14.0003472608         -0.0032627839          0.0000000000        273.0000000000          0.0000000000
  2        369.0000000000         14.0003472608         -0.0157881546          0.0000000000        273.0000000000          0.0000000000
  2        372.0000000000         14.0003472608         -0.0268635152          0.0000000000        273.0000000000          0.0000000000
  2        375.0000000000         14.0003472608         -0.0363867455          0.0000000000        273.0000000000          0.0000000000
  2        378.0000000000         14.0003472608         -0.0444348909          0.0000000000        273.0000000000          0.0000000000
  2        381.0000000000         14.0003472608         -0.0509609996          0.0000000000        273.0000000000          0.0000000000
  2        384.0000000000         14.0003472608         -0.0559518571          0.0000000000        273.0000000000          0.0000000000
  2        387.0000000000         14.0003472608         -0.0594602117          0.0000000000        273.0000000000          0.0000000000
  2        390.0000000000         14.0003472608         -0.0614896363          0.0000000000        273.0000000000          0.0000000000
  2        393.0000000000         14.0003472608         -0.0621058214          0.0000000000        273.0000000000          0.0000000000
  2        396.0000000000         14.0003472608         -0.0613617665          0.0000000000        273.0000000000          0.0000000000
  2        399.0000000000         14.0003472608         -0.0592787758          0.0000000000        273.0000000000          0.0000000000
  2        402.0000000000         14.0003472608         -0.0559991381          0.0000000000        273.0000000000          0.0000000000
  2        405.0000000000         14.0003472608         -0.0516706390          0.0000000000        273.0000000000          0.0000000000
  2        408.0000000000         14.0003472608         -0.0463797356          0.0000000000        273.0000000000          0.0000000000
  2        411.0000000000         14.0003472608         -0.0402389906          0.0000000000        273.0000000000          0.0000000000
  2        414.0000000000         14.0003472608         -0.0333747470          0.0000000000        273.0000000000          0.0000000000
  2        417.0000000000         14.0003472608         -0.0259191658          0.0000000000        273.0000000000          0.0000000000
  2        420.0000000000         14.0003472608         -0.0180615250          0.0000000000        273.0000000000          0.0000000000
  2        423.0000000000         14.0003472608         -0.0099601590          0.0000000000        273.0000000000          0.0000000000
  2        426.0000000000         14.0003472608         -0.0017904082          0.0000000000        273.0000000000          0.0000000000
  2        429.0000000000         14.0003472608          0.0063005757          0.0000000000        273.0000000000          0.0000000000
  2        432.0000000000         14.0003472608          0.0141255441          0.0000000000        273.0000000000          0.0000000000
  2        435.0000000000         14.0003472608          0.0215583325          0.0000000000        273.0000000000          0.0000000000
  2        438.0000000000         14.0003472608          0.0284556274          0.0000000000        273.0000000000          0.0000000000
  2        441.0000000000         14.0003472608          0.0346369184          0.0000000000        273.0000000000          0.0000000000
  2        444.0000000000         14.0003472608          0.0399995101          0.0000000000        273.0000000000          0.0000000000
  2        447.0000000000         14.0003472608          0.0444589743          0.0000000000        273.0000000000          0.0000000000
  2        450.0000000000         14.0003472608          0.0479776719          0.0000000000        273.0000000000          0.0000000000
  2        453.0000000000         14.0003472608          0.0484022488          0.0000000000        273.0000000000          0.0000000000
  2        456.0000000000         14.0003472608         -0.0430501877          0.0000000000        273.0000000000          0.0000000000
  3        186.0000000000          3.5183379042         38.6383437879        458.1904667349        613.4336876482          0.0000000000
  3        189.0000000000          2.2896144238         48.6720600195      12087.6629742702        785.9188483469         -1.9828365840
  3        192.0000000000          1.9840447791         47.4707157243      23233.5744401594        796.9465767726       -773.3606297788
  3        195.0000000000          1.9471534365         47.0941050775      24752.5309469582        798.6497339435          7.7382395564
  3        198.0000000000          2.0434066629         49.8775195684      22069.1192333821        798.5728618520         20.3113062859
  3        201.0000000000          2.4229251510         53.2274448068      10443.7856242212        786.1188691142        253.4794331305
  3        204.0000000000          2.7572473095         51.9543140609       4700.4169192381        772.9536444445          1.4673856191
  3        207.0000000000          2.9442402175         43.8243905094       2319.1598186708        751.1875712835          1.0648428376
  3        210.0000000000          3.3622175621         41.4226421627        842.3200980251        606.6351284341         19.2321400357
  3        213.0000000000          3.6006372764         43.2303082034        539.5176514525        518.6269684827          0.0511557243
  3        216.0000000000          3.3602892145         42.1307444215        856.8337466494        636.1517124214         -5.9145254273
  3        219.0000000000          2.9997716976         37.9364933513       1561.4749866391        741.1019294640         -1.3761776737
  3        222.0000000000          2.8671020249         33.7685410242       1605.6953189322        734.8290891860         -0.1265842245
  3        225.0000000000          2.9594491349         27.6793903041        835.6099568296        698.0148437615          0.7367498215
  3        228.0000000000          3.2353917389         19.2371411479        215.3422059982        599.7087253620          0.4041776591
  3        231.0000000000          4.2246408113          7.5292408274         14.7366936419        377.0507716192          0.0824493910
  3        234.0000000000         14.0003472608          1.7059652274          0.0000000000        272.9999818619          0.0000000000
  3        237.0000000000         14.0003472608          1.5673896625          0.0000000000        272.9999639775          0.0000000000
  3        240.0000000000         14.0003472608          1.3170932677          0.0000000000        272.9999680431          0.0000000000
  3        243.0000000000         14.0003472608          0.9009883901          0.0000000000        272.9999752172          0.0000000000
  3        246.0000000000         14.0003472608          0.1373317224          0.0000000000        272.9999831636          0.0000000000
  3        249.0000000000         14.0003472608         -0.6404457030          0.0000000000        272.9999899130          0.0000000000
  3        252.0000000000         14.0003472608         -1.3115302016          0.0000000000        272.9999946103          0.0000000000
  3        255.0000000000         14.0003472608         -1.8374443898          0.0000000000        272.9999974256          0.0000000000
  3        258.0000000000         14.0003472608         -2.2415922233          0.0000000000        272.9999989002          0.0000000000
  3        261.0000000000         14.0003472608         -2.5496605839          0.0000000000        272.9999995793          0.0000000000
  3        264.0000000000         14.0003472608         -2.7769075442          0.0000000000        272.9999998556          0.0000000000
  3        267.0000000000         14.0003472608         -2.9332323295          0.0000000000        272.9999999554          0.0000000000
  3        270.0000000000         14.0003472608         -3.0265671659          0.0000000000        272.9999999876          0.0000000000
  3        273.0000000000         14.0003472608         -3.0714474862          0.0000000000        272.9999999969          0.0000000000
  3        276.0000000000         14.0003472608         -3.0593873930          0.0000000000        272.9999999993          0.0000000000
  3        279.0000000000         14.0003472608         -3.0205085893          0.0000000000        272.9999999999          0.0000000000
  3        282.0000000000         14.0003472608         -2.9530638371          0.0000000000        273.0000000000          0.0000000000
  3        285.0000000000         14.0003472608         -2.8659546800          0.0000000000        273.0000000000          0.0000000000
  3        288.0000000000         14.0003472608         -2.7643249934          0.0000000000        273.0000000000          0.0000000000
  3        291.0000000000         14.0003472608         -2.6527063216          0.0000000000        273.0000000000          0.0000000000
  3        294.0000000000         14.0003472608         -2.5344615354          0.0000000000        273.0000000000          0.0000000000
  3        297.0000000000         14.0003472608         -2.4123527180          0.0000000000        273.0000000000          0.0000000000
  3        300.0000000000         14.0003472608         -2.2886076952          0.0000000000        273.0000000000          0.0000000000
  3        303.0000000000         14.0003472608         -2.1649364651          0.0000000000        273.0000000000          0.0000000000
  3        306.0000000000         14.0003472608         -2.0426117169          0.0000000000        273.0000000000          0.0000000000
  3        309.0000000000         14.0003472608         -1.9226523987          0.0000000000        273.0000000000          0.0000000000
  3        312.0000000000         14.0003472608         -1.8057785640          0.0000000000        273.0000000000          0.0000000000
  3        315.0000000000         14.0003472608         -1.6925584996          0.0000000000        273.0000000000          0.0000000000
  3        318.0000000000         14.0003472608         -1.5833727357          0.0000000000        273.0000000000          0.0000000000
  3        321.0000000000         14.0003472608         -1.4784648140          0.0000000000        273.0000000000          0.0000000000
  3        324.0000000000         14.0003472608         -1.3779457778          0.0000000000        273.0000000000          0.0000000000
  3        327.0000000000         14.0003472608         -1.2818714113          0.0000000000        273.0000000000          0.0000000000
  3        330.0000000000         14.0003472608         -1.1902233974          0.0000000000        273.0000000000          0.0000000000
  3        333.0000000000         14.0003472608         -1.1029158278          0.0000000000        273.0000000000          0.0000000000
  3        336.0000000000         14.0003472608         -1.0198520587          0.0000000000        273.0000000000          0.0000000000
  3        339.0000000000         14.0003472608         -0.9409157602          0.0000000000        273.0000000000          0.0000000000
  3        342.0000000000         14.0003472608         -0.8659592189          0.0000000000        273.0000000000          0.0000000000
  3        345.0000000000         14.0003472608         -0.7948185136          0.0000000000        273.0000000000          0.0000000000
  3        348.0000000000         14.0003472608         -0.7273252397          0.0000000000        273.0000000000          0.0000000000
  3        351.0000000000         14.0003472608         -0.6633139354          0.0000000000        273.0000000000          0.0000000000
  3        354.0000000000         14.0003472608         -0.6026177551          0.0000000000        273.0000000000          0.0000000000
  3        357.0000000000         14.0003472608         -0.5450684138          0.0000000000        273.0000000000          0.0000000000
  3        360.0000000000         14.0003472608         -0.4904871702          0.0000000000        273.0000000000          0.0000000000
  3        363.0000000000         14.0003472608         -0.4386840619          0.0000000000        273.0000000000          0.0000000000
  3        366.0000000000         14.0003472608         -0.3895027692          0.0000000000        273.0000000000          0.0000000000
  3        369.0000000000         14.0003472608         -0.3428353595          0.0000000000        273.0000000000          0.0000000000
  3        372.0000000000         14.0003472608         -0.2985616901          0.0000000000        273.0000000000          0.0000000000
  3        375.0000000000         14.0003472608         -0.2565381664          0.0000000000        273.0000000000          0.0000000000
  3        378.0000000000         14.0003472608         -0.2166223757          0.0000000000        273.0000000000          0.0000000000
  3        381.0000000000         14.0003472608         -0.1786860864          0.0000000000        273.0000000000          0.0000000000
  3        384.0000000000         14.0003472608         -0.1426239387          0.0000000000        273.0000000000          0.0000000000
  3        387.0000000000         14.0003472608         -0.1083268511          0.0000000000        273.0000000000          0.0000000000
  3        390.0000000000         14.0003472608         -0.0757133663          0.0000000000        273.0000000000          0.0000000000
  3        393.0000000000         14.0003472608         -0.0447168659          0.0000000000        273.0000000000          0.0000000000
  3        396.0000000000         14.0003472608         -0.0152660136          0.0000000000        273.0000000000          0.0000000000
  3        399.0000000000         14.0003472608          0.0127291895          0.0000000000        273.0000000000          0.0000000000
  3        402.0000000000         14.0003472608          0.0393789177          0.0000000000        273.0000000000          0.0000000000
  3        405.0000000000         14.0003472608          0.0647176195          0.0000000000        273.0000000000          0.0000000000
  3        408.0000000000         14.0003472608          0.0887362332          0.0000000000        273.0000000000          0.0000000000
  3        411.0000000000         14.0003472608          0.1114609693          0.0000000000        273.0000000000          0.0000000000
  3        414.0000000000         14.0003472608          0.1329373392          0.0000000000        273.0000000000          0.0000000000
  3        417.0000000000         14.0003472608          0.1531947498          0.0000000000        273.0000000000          0.0000000000
  3        420.0000000000         14.0003472608          0.1722211554          0.0000000000        273.0000000000          0.0000000000
  3        423.0000000000         14.0003472608          0.1899869257          0.0000000000        273.0000000000          0.0000000000
  3        426.0000000000         14.0003472608          0.2064711586          0.0000000000        273.0000000000          0.0000000000
  3        429.0000000000         14.0003472608          0.2216413800          0.0000000000        273.0000000000          0.0000000000
  3        432.0000000000         14.0003472608          0.2354517236          0.0000000000        273.0000000000          0.0000000000
  3        435.0000000000         14.0003472608          0.2478863646          0.0000000000        273.0000000000          0.0000000000
  3        438.0000000000         14.0003472608          0.2589035538          0.0000000000        273.0000000000          0.0000000000
  3        441.0000000000         14.0003472608          0.2684387356          0.0000000000        273.0000000000          0.0000000000
  3        444.0000000000         14.0003472608          0.2764662473          0.0000000000        273.0000000000          0.0000000000
  3        447.0000000000         14.0003472608          0.2829723201          0.0000000000        273.0000000000          0.0000000000
  3        450.0000000000         14.0003472608          0.2880190880          0.0000000000        273.0000000000          0.0000000000
  3        453.0000000000         14.0003472608          0.2889219816          0.0000000000        273.0000000000          0.0000000000
  3        456.0000000000         14.0003472608          0.1837246436          0.0000000000        273.0000000000          0.0000000000
  4        186.0000000000          0.3855826550         21.2763148640     201550.0616218873        799.9651452006          0.0000000000
  4        189.0000000000          0.3849796088         35.9058517554     549658.1938220075        799.9764828846         21.1610544220
  4        192.0000000000          0.5273618603         38.7387711083     473584.6829539451        799.9818372927       1902.5200383709
  4        195.0000000000          0.8952642971         37.9702510263     197562.3076965215        799.9848964503        591.9148640345
  4        198.0000000000          1.7528752540         26.4395538921      12651.1341504565        798.4310247822         14.1228325142
  4        201.0000000000          3.5518130222          7.9620182397         21.9133420959        474.7370888933          2.5741677618
  4        204.0000000000          5.5850541908          7.4044874989          0.3319905246        274.1127569858          2.4022633551
  4        207.0000000000          7.1314457173          7.6800110350          0.0119488756        273.0592390320          0.4935545273
  4        210.0000000000          7.0469034580          7.5913909135          0.0146060650        273.0895225759          0.1380530102
  4        213.0000000000          6.9800777297          6.7928952758          0.0167156441        273.2356536451         -0.0319051675
  4        216.0000000000          5.8882781419          6.3413329217          0.2007258841        273.7760830080         -0.3611202771
  4        219.0000000000          5.1082247388          6.1177667774          1.1220867295        277.7588575044         -0.3041415333
  4        222.0000000000          4.7716717164          5.7739324854          2.0428962541        283.7309947896         -0.1071519679
  4        225.0000000000          4.6318206316          5.3696426995          2.2280739246        288.1567704164         -0.0349606157
  4        228.0000000000          4.6146974631          4.9026510329          1.7492662935        288.7502108370          0.0280282153
  4        231.0000000000          4.9011739142          4.4820044785          0.7738637815        280.6698653571          0.1872088928
  4        234.0000000000          5.5444312573          4.2882890017          0.1656957911        274.6402500073          0.9232901248
  4        237.0000000000          6.1094549954          4.1781098667          0.0441237930        273.4260885663          2.1466542124
  4        240.0000000000          6.7235054888          4.0419435824          0.0105031382        273.1051862861          0.3605778164
  4        243.0000000000          7.5178847672          3.7885281289          0.0004861854        273.0222774573          0.0231352060
  4        246.0000000000         14.0003472608          3.4387706297          0.0000000000        273.0064431410          0.0000000000
  4        249.0000000000         14.0003472608          3.0615446951          0.0000000000        273.0027535844          0.0000000000
  4        252.0000000000         14.0003472608          2.6877678775          0.0000000000        273.0009145308          0.0000000000
  4        255.0000000000         14.0003472608          2.3543792950          0.0000000000        273.0002083924          0.0000000000
  4        258.0000000000         14.0003472608          2.1076332658          0.0000000000        273.0000242204          0.0000000000
  4        261.0000000000         14.0003472608          1.8870683240          0.0000000000        273.0000000557          0.0000000000
  4        264.0000000000         14.0003472608          1.6399518650          0.0000000000        272.9999998792          0.0000000000
  4        267.0000000000         14.0003472608          1.4097173769          0.0000000000        272.9999999463          0.0000000000
  4        270.0000000000         14.0003472608          1.2411322630          0.0000000000        272.9999999786          0.0000000000
  4        273.0000000000         14.0003472608          1.0578167707          0.0000000000        272.9999999923          0.0000000000
  4        276.0000000000         14.0003472608          0.9070815148          0.0000000000        272.9999999975          0.0000000000
  4        279.0000000000         14.0003472608          0.7671768183          0.0000000000        272.9999999993          0.0000000000
  4        282.0000000000         14.0003472608          0.6535614774          0.0000000000        272.9999999998          0.0000000000
  4        285.0000000000         14.0003472608          0.5511397837          0.0000000000        273.0000000000          0.0000000000
  4        288.0000000000         14.0003472608          0.4621865153          0.0000000000        273.0000000000          0.0000000000
  4        291.0000000000         14.0003472608          0.3865137678          0.0000000000        273.0000000000          0.0000000000
  4        294.0000000000         14.0003472608          0.3213152862          0.0000000000        273.0000000000          0.0000000000
  4        297.0000000000         14.0003472608          0.2657846313          0.0000000000        273.0000000000          0.0000000000
  4        300.0000000000         14.0003472608          0.2188846826          0.0000000000        273.0000000000          0.0000000000
  4        303.0000000000         14.0003472608          0.1790610699          0.0000000000        273.0000000000          0.0000000000
  4        306.0000000000         14.0003472608          0.1457701905          0.0000000000        273.0000000000          0.0000000000
  4        309.0000000000         14.0003472608          0.1176259639          0.0000000000        273.0000000000          0.0000000000
  4        312.0000000000         14.0003472608          0.0942280310          0.0000000000        273.0000000000          0.0000000000
  4        315.0000000000         14.0003472608          0.0747451765          0.0000000000        273.0000000000          0.0000000000
  4        318.0000000000         14.0003472608          0.0587772267          0.0000000000        273.0000000000          0.0000000000
  4        321.0000000000         14.0003472608          0.0457554346          0.0000000000        273.0000000000          0.0000000000
  4        324.0000000000         14.0003472608          0.0353109640          0.0000000000        273.0000000000          0.0000000000
  4        327.0000000000         14.0003472608          0.0270623842          0.0000000000        273.0000000000          0.0000000000
  4        330.0000000000         14.0003472608          0.0206921640          0.0000000000        273.0000000000          0.0000000000
  4        333.0000000000         14.0003472608          0.0159417126          0.0000000000        273.0000000000          0.0000000000
  4        336.0000000000         14.0003472608          0.0125806950          0.0000000000        273.0000000000          0.0000000000
  4        339.0000000000         14.0003472608          0.0104061179          0.0000000000        273.0000000000          0.0000000000
  4        342.0000000000         14.0003472608          0.0092582520          0.0000000000        273.0000000000          0.0000000000
  4        345.0000000000         14.0003472608          0.0089754410          0.0000000000        273.0000000000          0.0000000000
  4        348.0000000000         14.0003472608          0.0094612433          0.0000000000        273.0000000000          0.0000000000
  4        351.0000000000         14.0003472608          0.0105922084          0.0000000000        273.0000000000          0.0000000000
  4        354.0000000000         14.0003472608          0.0122726316          0.0000000000        273.0000000000          0.0000000000
  4        357.0000000000         14.0003472608          0.0144155825          0.0000000000        273.0000000000          0.0000000000
  4        360.0000000000         14.0003472608          0.0169554147          0.0000000000        273.0000000000          0.0000000000
  4        363.0000000000         14.0003472608          0.0198402214          0.0000000000        273.0000000000          0.0000000000
  4        366.0000000000         14.0003472608          0.0230158604          0.0000000000        273.0000000000          0.0000000000
  4        369.0000000000         14.0003472608          0.0264440472          0.0000000000        273.0000000000          0.0000000000
  4        372.0000000000         14.0003472608          0.0300947055          0.0000000000        273.0000000000          0.0000000000
  4        375.0000000000         14.0003472608          0.0339383540          0.0000000000        273.0000000000          0.0000000000
  4        378.0000000000         14.0003472608          0.0379419260          0.0000000000        273.0000000000          0.0000000000
  4        381.0000000000         14.0003472608          0.0420846967          0.0000000000        273.0000000000          0.0000000000
  4        384.0000000000         14.0003472608          0.0463583757          0.0000000000        273.0000000000          0.0000000000
  4        387.0000000000         14.0003472608          0.0507403564          0.0000000000        273.0000000000          0.0000000000
  4        390.0000000000         14.0003472608          0.0552370106          0.0000000000        273.0000000000          0.0000000000
  4        393.0000000000         14.0003472608          0.0598392438          0.0000000000        273.0000000000          0.0000000000
  4        396.0000000000         14.0003472608          0.0645297582          0.0000000000        273.0000000000          0.0000000000
  4        399.0000000000         14.0003472608          0.0693035990          0.0000000000        273.0000000000          0.0000000000
  4        402.0000000000         14.0003472608          0.0741445544          0.0000000000        273.0000000000          0.0000000000
  4        405.0000000000         14.0003472608          0.0790274113          0.0000000000        273.0000000000          0.0000000000
  4        408.0000000000         14.0003472608          0.0839134151          0.0000000000        273.0000000000          0.0000000000
  4        411.0000000000         14.0003472608          0.0887873476          0.0000000000        273.0000000000          0.0000000000
  4        414.0000000000         14.0003472608          0.0936225650          0.0000000000        273.0000000000          0.0000000000
  4        417.0000000000         14.0003472608          0.0983969993          0.0000000000        273.0000000000          0.0000000000
  4        420.0000000000         14.0003472608          0.1030750101          0.0000000000        273.0000000000          0.0000000000
  4        423.0000000000         14.0003472608          0.1076239494          0.0000000000        273.0000000000          0.0000000000
  4        426.0000000000         14.0003472608          0.1120004354          0.0000000000        273.0000000000          0.0000000000
  4        429.0000000000         14.0003472608          0.1161519319          0.0000000000        273.0000000000          0.0000000000
  4        432.0000000000         14.0003472608          0.1200371028          0.0000000000        273.0000000000          0.0000000000
  4        435.0000000000         14.0003472608          0.1236106095          0.0000000000        273.0000000000          0.0000000000
  4        438.0000000000         14.0003472608          0.1268430323          0.0000000000        273.0000000000          0.0000000000
  4        441.0000000000         14.0003472608          0.1296950168          0.0000000000        273.0000000000          0.0000000000
  4        444.0000000000         14.0003472608          0.1321244907          0.0000000000        273.0000000000          0.0000000000
  4        447.0000000000         14.0003472608          0.1341641684          0.0000000000        273.0000000000          0.0000000000
  4        450.0000000000         14.0003472608          0.1357222867          0.0000000000        273.0000000000          0.0000000000
  4        453.0000000000         14.0003472608          0.1337789135          0.0000000000        273.0000000000          0.0000000000
  4        456.0000000000         14.0003472608          0.1242697101          0.0000000000        273.0000000000          0.0000000000
  5        186.0000000000          0.3846792457         20.9154923607     187498.5430100022        799.9967493957          0.0000000000
  5        189.0000000000          0.3852292848         34.0648011389     486352.6794273678        799.9978611003          0.9140104442
  5        192.0000000000          0.3891262797         36.8074449995     570434.7198566052        799.9984390348        750.8023372144
  5        195.0000000000          0.6555759040         37.3644370152     317515.1544087140        799.9987060662       1237.5405840424
  5        198.0000000000          1.3327888841         25.2144939633      28801.1123910961        799.7382638060         19.7768313058
  5        201.0000000000          4.7531609029          2.9091061449          0.1899651988        388.5618911726          4.2401675483
  5        204.0000000000          7.0383672575         -0.5587863512          0.0002354957        273.1019195148         -0.2936930820
  5        207.0000000000         14.0003472608         -0.4456570849          0.0000000000        273.0191109579          0.0000000000
  5        210.0000000000         14.0003472608         -0.5719545580          0.0000000000        273.0223238017          0.0000000000
  5        213.0000000000          7.5829631088         -0.8005636735          0.0000629396        273.0343547199         -0.0086969252
  5        216.0000000000          7.0820027476         -1.0623622940          0.0002267248        273.0577984172         -0.0051861454
  5        219.0000000000          6.9622394459         -1.3206808134          0.0003160837        273.0727103444          0.0001845668
  5        222.0000000000          6.9821317264         -1.4569271917          0.0002913170        273.0726234609          0.0185293877
  5        225.0000000000          7.5781643773         -1.5255268824          0.0000135676        273.0332986446          0.0622795212
  5        228.0000000000         14.0003472608         -1.6075197313          0.0000000000        273.0153956919          0.0000000000
  5        231.0000000000         14.0003472608         -1.7030851518          0.0000000000        273.0104109037          0.0000000000
  5        234.0000000000         14.0003472608         -1.8050661548          0.0000000000        273.0064303259          0.0000000000
  5        237.0000000000         14.0003472608         -1.9002443473          0.0000000000        273.0035362760          0.0000000000
  5        240.0000000000         14.0003472608         -1.9748209394          0.0000000000        273.0017072608          0.0000000000
  5        243.0000000000         14.0003472608         -2.0209073456          0.0000000000        273.0007200558          0.0000000000
  5        246.0000000000         14.0003472608         -2.0553454228          0.0000000000        273.0002565369          0.0000000000
  5        249.0000000000         14.0003472608         -2.0989451166          0.0000000000        273.0000742244          0.0000000000
  5        252.0000000000         14.0003472608         -2.1488296583          0.0000000000        273.0000164623          0.0000000000
  5        255.0000000000         14.0003472608         -2.1977566142          0.0000000000        273.0000025080          0.0000000000
  5        258.0000000000         14.0003472608         -2.2371642232          0.0000000000        273.0000001958          0.0000000000
  5        261.0000000000         14.0003472608         -2.2736071933          0.0000000000        272.9999999931          0.0000000000
  5        264.0000000000         14.0003472608         -2.3177069195          0.0000000000        272.9999999948          0.0000000000
  5        267.0000000000         14.0003472608         -2.3641514234          0.0000000000        272.9999999980          0.0000000000
  5        270.0000000000         14.0003472608         -2.4067170184          0.0000000000        272.9999999993          0.0000000000
  5        273.0000000000         14.0003472608         -2.4392412408          0.0000000000        272.9999999998          0.0000000000
  5        276.0000000000         14.0003472608         -2.4760162593          0.0000000000        272.9999999999          0.0000000000
  5        279.0000000000         14.0003472608         -2.5142101228          0.0000000000        273.0000000000          0.0000000000
  5        282.0000000000         14.0003472608         -2.5442691665          0.0000000000        273.0000000000          0.0000000000
  5        285.0000000000         14.0003472608         -2.5739217108          0.0000000000        273.0000000000          0.0000000000
  5        288.0000000000         14.0003472608         -2.5993220213          0.0000000000        273.0000000000          0.0000000000
  5        291.0000000000         14.0003472608         -2.6233391804          0.0000000000        273.0000000000          0.0000000000
  5        294.0000000000         14.0003472608         -2.6439854440          0.0000000000        273.0000000000          0.0000000000
  5        297.0000000000         14.0003472608         -2.6617333744          0.0000000000        273.0000000000          0.0000000000
  5        300.0000000000         14.0003472608         -2.6775821889          0.0000000000        273.0000000000          0.0000000000
  5        303.0000000000         14.0003472608         -2.6907689367          0.0000000000        273.0000000000          0.0000000000
  5        306.0000000000         14.0003472608         -2.7019771460          0.0000000000        273.0000000000          0.0000000000
  5        309.0000000000         14.0003472608         -2.7107165111          0.0000000000        273.0000000000          0.0000000000
  5        312.0000000000         14.0003472608         -2.7177521621          0.0000000000        273.0000000000          0.0000000000
  5        315.0000000000         14.0003472608         -2.7229875882          0.0000000000        273.0000000000          0.0000000000
  5        318.0000000000         14.0003472608         -2.7265338640          0.0000000000        273.0000000000          0.0000000000
  5        321.0000000000         14.0003472608         -2.7285646401          0.0000000000        273.0000000000          0.0000000000
  5        324.0000000000         14.0003472608         -2.7292375015          0.0000000000        273.0000000000          0.0000000000
  5        327.0000000000         14.0003472608         -2.7286153199          0.0000000000        273.0000000000          0.0000000000
  5        330.0000000000         14.0003472608         -2.7268487932          0.0000000000        273.0000000000          0.0000000000
  5        333.0000000000         14.0003472608         -2.7240651375          0.0000000000        273.0000000000          0.0000000000
  5        336.0000000000         14.0003472608         -2.7203816141          0.0000000000        273.0000000000          0.0000000000
  5        339.0000000000         14.0003472608         -2.7159256021          0.0000000000        273.0000000000          0.0000000000
  5        342.0000000000         14.0003472608         -2.7108022501          0.0000000000        273.0000000000          0.0000000000
  5        345.0000000000         14.0003472608         -2.7051346684          0.0000000000        273.0000000000          0.0000000000
  5        348.0000000000         14.0003472608         -2.6990261435          0.0000000000        273.0000000000          0.0000000000
  5        351.0000000000         14.0003472608         -2.6925890655          0.0000000000        273.0000000000          0.0000000000
  5        354.0000000000         14.0003472608         -2.6859076903          0.0000000000        273.0000000000          0.0000000000
  5        357.0000000000         14.0003472608         -2.6790578517          0.0000000000        273.0000000000          0.0000000000
  5        360.0000000000         14.0003472608         -2.6721026847          0.0000000000        273.0000000000          0.0000000000
  5        363.0000000000         14.0003472608         -2.6650909417          0.0000000000        273.0000000000          0.0000000000
  5        366.0000000000         14.0003472608         -2.6580755665          0.0000000000        273.0000000000          0.0000000000
  5        369.0000000000         14.0003472608         -2.6511013066          0.0000000000        273.0000000000          0.0000000000
  5        372.0000000000         14.0003472608         -2.6441980309          0.0000000000        273.0000000000          0.0000000000
  5        375.0000000000         14.0003472608         -2.6373875578          0.0000000000        273.0000000000          0.0000000000
  5        378.0000000000         14.0003472608         -2.6306895092          0.0000000000        273.0000000000          0.0000000000
  5        381.0000000000         14.0003472608         -2.6241238892          0.0000000000        273.0000000000          0.0000000000
  5        384.0000000000         14.0003472608         -2.6176803158          0.0000000000        273.0000000000          0.0000000000
  5        387.0000000000         14.0003472608         -2.6113550605          0.0000000000        273.0000000000          0.0000000000
  5        390.0000000000         14.0003472608         -2.6051477938          0.0000000000        273.0000000000          0.0000000000
  5        393.0000000000         14.0003472608         -2.5990440394          0.0000000000        273.0000000000          0.0000000000
  5        396.0000000000         14.0003472608         -2.5930321056          0.0000000000        273.0000000000          0.0000000000
  5        399.0000000000         14.0003472608         -2.5871182229          0.0000000000        273.0000000000          0.0000000000
  5        402.0000000000         14.0003472608         -2.5813222703          0.0000000000        273.0000000000          0.0000000000
  5        405.0000000000         14.0003472608         -2.5756484244          0.0000000000        273.0000000000          0.0000000000
  5        408.0000000000         14.0003472608         -2.5700833364          0.0000000000        273.0000000000          0.0000000000
  5        411.0000000000         14.0003472608         -2.5646280767          0.0000000000        273.0000000000          0.0000000000
  5        414.0000000000         14.0003472608         -2.5592926482          0.0000000000        273.0000000000          0.0000000000
  5        417.0000000000         14.0003472608         -2.5540954973          0.0000000000        273.0000000000          0.0000000000
  5        420.0000000000         14.0003472608         -2.5490642126          0.0000000000        273.0000000000          0.0000000000
  5        423.0000000000         14.0003472608         -2.5442249204          0.0000000000        273.0000000000          0.0000000000
  5        426.0000000000         14.0003472608         -2.5396095495          0.0000000000        273.0000000000          0.0000000000
  5        429.0000000000         14.0003472608         -2.5352488652          0.0000000000        273.0000000000          0.0000000000
  5        432.0000000000         14.0003472608         -2.5311767781          0.0000000000        273.0000000000          0.0000000000
  5        435.0000000000         14.0003472608         -2.5274360558          0.0000000000        273.0000000000          0.0000000000
  5        438.0000000000         14.0003472608         -2.5240682834          0.0000000000        273.0000000000          0.0000000000
  5        441.0000000000         14.0003472608         -2.5211122411          0.0000000000        273.0000000000          0.0000000000
  5        444.0000000000         14.0003472608         -2.5185907890          0.0000000000        273.0000000000          0.0000000000
  5        447.0000000000         14.0003472608         -2.5164334425          0.0000000000        273.0000000000          0.0000000000
  5        450.0000000000         14.0003472608         -2.5150276253          0.0000000000        273.0000000000          0.0000000000
  5        453.0000000000         14.0003472608         -2.5161329818          0.0000000000        273.0000000000          0.0000000000
  5        456.0000000000         14.0003472608         -2.3961470011          0.0000000000        273.0000000000          0.0000000000
  6        186.0000000000          0.3849591161         18.6976023684     149176.8899589086        799.9996945125          0.0000000000
  6        189.0000000000          0.3875005002         30.7745497817     399915.9819002777        799.9997662281         47.3162173233
  6        192.0000000000          0.6304229993         33.8917042244     275428.9433206228        799.9997776640       1543.5663095014
  6        195.0000000000          1.2580579247         34.6155507816      67919.3218394852        799.9997751148      24620.5566221208
  6        198.0000000000          2.0593907854         34.4558729446      10642.0923735365        798.8136504045         88.6949596556
  6        201.0000000000          2.8657516417         22.4842848891        712.6557103916        740.5673309859          0.8568733690
  6        204.0000000000          3.1303379950          9.9381916642        151.4810439626        687.2240845759          0.3432838744
  6        207.0000000000          3.2347599169         17.5165207296        300.4445675610        644.2291956496          0.2915088856
  6        210.0000000000          3.4769376209         20.1535652043        244.1888618363        531.0827269841          1.4257771726
  6        213.0000000000          3.6750725616         21.2955201381        185.2287471031        446.8203023025          1.7907696443
  6        216.0000000000          3.7634632894         17.0153587361        131.5772970856        426.9010204832          0.0299545078
  6        219.0000000000          3.6959695391         11.5843504664         79.7735261345        475.2839613522         -0.0270319404
  6        222.0000000000          3.5968799694          5.8297528945         64.8251926654        507.3692376684         -0.0145999342
  6        225.0000000000          3.6838926273          2.7457657818         41.2430305331        454.2782090903          0.1253504616
  6        228.0000000000          3.9315959210          0.7573463243          8.0312673821        368.2696931543          1.9139520563
  6        231.0000000000          5.7710251725         -0.6193998938          0.0038195329        274.6335817915          0.2254185909
  6        234.0000000000         14.0003472608         -1.0486382699          0.0000000000        273.0022796153          0.0000000000
  6        237.0000000000         14.0003472608         -1.0984378542          0.0000000000        273.0018554830          0.0000000000
  6        240.0000000000         14.0003472608         -1.1946870481          0.0000000000        273.0011334718          0.0000000000
  6        243.0000000000         14.0003472608         -1.2871161736          0.0000000000        273.0005351451          0.0000000000
  6        246.0000000000         14.0003472608         -1.3456390466          0.0000000000        273.0001935162          0.0000000000
  6        249.0000000000         14.0003472608         -1.3905761487          0.0000000000        273.0000528502          0.0000000000
  6        252.0000000000         14.0003472608         -1.4224431934          0.0000000000        273.0000104318          0.0000000000
  6        255.0000000000         14.0003472608         -1.4523167372          0.0000000000        273.0000013651          0.0000000000
  6        258.0000000000         14.0003472608         -1.4910327705          0.0000000000        273.0000001067          0.0000000000
  6        261.0000000000         14.0003472608         -1.5315187778          0.0000000000        273.0000000037          0.0000000000
  6        264.0000000000         14.0003472608         -1.5686502735          0.0000000000        272.9999999996          0.0000000000
  6        267.0000000000         14.0003472608         -1.6081340534          0.0000000000        272.9999999999          0.0000000000
  6        270.0000000000         14.0003472608         -1.6495867637          0.0000000000        273.0000000000          0.0000000000
  6        273.0000000000         14.0003472608         -1.6898514059          0.0000000000        273.0000000000          0.0000000000
  6        276.0000000000         14.0003472608         -1.7273758116          0.0000000000        273.0000000000          0.0000000000
  6        279.0000000000         14.0003472608         -1.7624668818          0.0000000000        273.0000000000          0.0000000000
  6        282.0000000000         14.0003472608         -1.7959249024          0.0000000000        273.0000000000          0.0000000000
  6        285.0000000000         14.0003472608         -1.8246983588          0.0000000000        273.0000000000          0.0000000000
  6        288.0000000000         14.0003472608         -1.8505021011          0.0000000000        273.0000000000          0.0000000000
  6        291.0000000000         14.0003472608         -1.8729276978          0.0000000000        273.0000000000          0.0000000000
  6        294.0000000000         14.0003472608         -1.8932302910          0.0000000000        273.0000000000          0.0000000000
  6        297.0000000000         14.0003472608         -1.9113491188          0.0000000000        273.0000000000          0.0000000000
  6        300.0000000000         14.0003472608         -1.9287010161          0.0000000000        273.0000000000          0.0000000000
  6        303.0000000000         14.0003472608         -1.9462195074          0.0000000000        273.0000000000          0.0000000000
  6        306.0000000000         14.0003472608         -1.9645960106          0.0000000000        273.0000000000          0.0000000000
  6        309.0000000000         14.0003472608         -1.9843171523          0.0000000000        273.0000000000          0.0000000000
  6        312.0000000000         14.0003472608         -2.0057797254          0.0000000000        273.0000000000          0.0000000000
  6        315.0000000000         14.0003472608         -2.0290213936          0.0000000000        273.0000000000          0.0000000000
  6        318.0000000000         14.0003472608         -2.0537553340          0.0000000000        273.0000000000          0.0000000000
  6        321.0000000000         14.0003472608         -2.0796249792          0.0000000000        273.0000000000          0.0000000000
  6        324.0000000000         14.0003472608         -2.1061406128          0.0000000000        273.0000000000          0.0000000000
  6        327.0000000000         14.0003472608         -2.1328418079          0.0000000000        273.0000000000          0.0000000000
  6        330.0000000000         14.0003472608         -2.1590294005          0.0000000000        273.0000000000          0.0000000000
  6        333.0000000000         14.0003472608         -2.1842042112          0.0000000000        273.0000000000          0.0000000000
  6        336.0000000000         14.0003472608         -2.2079389568          0.0000000000        273.0000000000          0.0000000000
  6        339.0000000000         14.0003472608         -2.2298881794          0.0000000000        273.0000000000          0.0000000000
  6        342.0000000000         14.0003472608         -2.2497340659          0.0000000000        273.0000000000          0.0000000000
  6        345.0000000000         14.0003472608         -2.2675199343          0.0000000000        273.0000000000          0.0000000000
  6        348.0000000000         14.0003472608         -2.2832589582          0.0000000000        273.0000000000          0.0000000000
  6        351.0000000000         14.0003472608         -2.2969432347          0.0000000000        273.0000000000          0.0000000000
  6        354.0000000000         14.0003472608         -2.3086507112          0.0000000000        273.0000000000          0.0000000000
  6        357.0000000000         14.0003472608         -2.3185145052          0.0000000000        273.0000000000          0.0000000000
  6        360.0000000000         14.0003472608         -2.3266889076          0.0000000000        273.0000000000          0.0000000000
  6        363.0000000000         14.0003472608         -2.3333176815          0.0000000000        273.0000000000          0.0000000000
  6        366.0000000000         14.0003472608         -2.3385511093          0.0000000000        273.0000000000          0.0000000000
  6        369.0000000000         14.0003472608         -2.3425630457          0.0000000000        273.0000000000          0.0000000000
  6        372.0000000000         14.0003472608         -2.3454698394          0.0000000000        273.0000000000          0.0000000000
  6        375.0000000000         14.0003472608         -2.3474071118          0.0000000000        273.0000000000          0.0000000000
  6        378.0000000000         14.0003472608         -2.3484808301          0.0000000000        273.0000000000          0.0000000000
  6        381.0000000000         14.0003472608         -2.3487951391          0.0000000000        273.0000000000          0.0000000000
  6        384.0000000000         14.0003472608         -2.3484436093          0.0000000000        273.0000000000          0.0000000000
  6        387.0000000000         14.0003472608         -2.3474837924          0.0000000000        273.0000000000          0.0000000000
  6        390.0000000000         14.0003472608         -2.3459942381          0.0000000000        273.0000000000          0.0000000000
  6        393.0000000000         14.0003472608         -2.3440369021          0.0000000000        273.0000000000          0.0000000000
  6        396.0000000000         14.0003472608         -2.3416720511          0.0000000000        273.0000000000          0.0000000000
  6        399.0000000000         14.0003472608         -2.3389567246          0.0000000000        273.0000000000          0.0000000000
  6        402.0000000000         14.0003472608         -2.3359438256          0.0000000000        273.0000000000          0.0000000000
  6        405.0000000000         14.0003472608         -2.3326782362          0.0000000000        273.0000000000          0.0000000000
  6        408.0000000000         14.0003472608         -2.3292012313          0.0000000000        273.0000000000          0.0000000000
  6        411.0000000000         14.0003472608         -2.3255548024          0.0000000000        273.0000000000          0.0000000000
  6        414.0000000000         14.0003472608         -2.3217840592          0.0000000000        273.0000000000          0.0000000000
  6        417.0000000000         14.0003472608         -2.3179383926          0.0000000000        273.0000000000          0.0000000000
  6        420.0000000000         14.0003472608         -2.3140776627          0.0000000000        273.0000000000          0.0000000000
  6        423.0000000000         14.0003472608         -2.3102515716          0.0000000000        273.0000000000          0.0000000000
  6        426.0000000000         14.0003472608         -2.3065082500          0.0000000000        273.0000000000          0.0000000000
  6        429.0000000000         14.0003472608         -2.3028992330          0.0000000000        273.0000000000          0.0000000000
  6        432.0000000000         14.0003472608         -2.2994783277          0.0000000000        273.0000000000          0.0000000000
  6        435.0000000000         14.0003472608         -2.2962997281          0.0000000000        273.0000000000          0.0000000000
  6        438.0000000000         14.0003472608         -2.2934080302          0.0000000000        273.0000000000          0.0000000000
  6        441.0000000000         14.0003472608         -2.2908494473          0.0000000000        273.0000000000          0.0000000000
  6        444.0000000000         14.0003472608         -2.2886611418          0.0000000000        273.0000000000          0.0000000000
  6        447.0000000000         14.0003472608         -2.2867769423          0.0000000000        273.0000000000          0.0000000000
  6        450.0000000000         14.0003472608         -2.2856180152          0.0000000000        273.0000000000          0.0000000000
  6        453.0000000000         14.0003472608         -2.2829631486          0.0000000000        273.0000000000          0.0000000000
  6        456.0000000000         14.0003472608         -2.0920009869          0.0000000000        273.0000000000          0.0000000000
  7        186.0000000000          0.4287241382         12.9999247358      64777.1580900765        799.9988809507          0.0000000000
  7        189.0000000000          0.7557107571         26.3302740846     121488.3260517992        799.9987252384         91.8163591596
  7        192.0000000000          1.4310307965         29.2805924924      31859.6461882388        799.2205621866       1030.0643013235
  7        195.0000000000          2.0893047050         27.9803810761       6425.2571388411        786.2837129857         30.3035227032
  7        198.0000000000          2.3842514177         15.3546039398       2373.4438104207        774.8551822695          1.5773105711
  7        201.0000000000          2.4795051416         12.1152327436       2053.8602516237        770.9884670337          4.1278113696
  7        204.0000000000          2.7550921071         12.1122406519       1115.8710859845        748.1685414037          8.1202416163
  7        207.0000000000          3.6291660024          2.7332231714         91.4299776563        414.8560288498          1.2063580520
  7        210.0000000000          4.4727192394         -0.9776889804          8.2586137311        292.5823177516          0.3274759843
  7        213.0000000000          4.1208583702          0.3584404363         18.0076703857        329.5562831649         -0.0284956348
  7        216.0000000000          3.9122553033          3.1831082945         29.8968991807        379.6560355243         -0.0740589970
  7        219.0000000000          3.7951804778          4.0713995269         36.5867910989        424.8106032509       -626.8982863332
  7        222.0000000000          3.6744959903          3.2689117421         25.2379536339        475.0626647110         -0.3271305574
  7        225.0000000000          3.6174207664          1.6879884905          9.8941414739        482.0335525631         -0.9138884007
  7        228.0000000000          3.5697147274          2.5792519096          6.3456392189        508.2472371121          0.4590036303
  7        231.0000000000          3.6571868724          3.4034782750          9.2565882665        471.8058775403          7.4552399035
  7        234.0000000000          4.6914256325          2.6482567156          1.1721052464        286.3553807460         74.7257069237
  7        237.0000000000         14.0003472608          2.4272405540          0.0000000000        273.0001094258          0.0000000000
  7        240.0000000000         14.0003472608          2.1364428858          0.0000000000        273.0000221748          0.0000000000
  7        243.0000000000         14.0003472608          1.8764293987          0.0000000000        273.0000044569          0.0000000000
  7        246.0000000000         14.0003472608          1.6355668351          0.0000000000        273.0000009130          0.0000000000
  7        249.0000000000         14.0003472608          1.4164701473          0.0000000000        273.0000001531          0.0000000000
  7        252.0000000000         14.0003472608          1.2197744408          0.0000000000        273.0000000193          0.0000000000
  7        255.0000000000         14.0003472608          1.0456264802          0.0000000000        273.0000000016          0.0000000000
  7        258.0000000000         14.0003472608          0.8914680793          0.0000000000        273.0000000000          0.0000000000
  7        261.0000000000         14.0003472608          0.7550082461          0.0000000000        273.0000000000          0.0000000000
  7        264.0000000000         14.0003472608          0.6290633009          0.0000000000        273.0000000000          0.0000000000
  7        267.0000000000         14.0003472608          0.5119427923          0.0000000000        273.0000000000          0.0000000000
  7        270.0000000000         14.0003472608          0.4012663126          0.0000000000        273.0000000000          0.0000000000
  7        273.0000000000         14.0003472608          0.2956354457          0.0000000000        273.0000000000          0.0000000000
  7        276.0000000000         14.0003472608          0.1950640051          0.0000000000        273.0000000000          0.0000000000
  7        279.0000000000         14.0003472608          0.1000919305          0.0000000000        273.0000000000          0.0000000000
  7        282.0000000000         14.0003472608          0.0113560567          0.0000000000        273.0000000000          0.0000000000
  7        285.0000000000         14.0003472608         -0.0749450296          0.0000000000        273.0000000000          0.0000000000
  7        288.0000000000         14.0003472608         -0.1578171503          0.0000000000        273.0000000000          0.0000000000
  7        291.0000000000         14.0003472608         -0.2325592904          0.0000000000        273.0000000000          0.0000000000
  7        294.0000000000         14.0003472608         -0.3013994822          0.0000000000        273.0000000000          0.0000000000
  7        297.0000000000         14.0003472608         -0.3650806575          0.0000000000        273.0000000000          0.0000000000
  7        300.0000000000         14.0003472608         -0.4221861476          0.0000000000        273.0000000000          0.0000000000
  7        303.0000000000         14.0003472608         -0.4732708846          0.0000000000        273.0000000000          0.0000000000
  7        306.0000000000         14.0003472608         -0.5181785734          0.0000000000        273.0000000000          0.0000000000
  7        309.0000000000         14.0003472608         -0.5578991166          0.0000000000        273.0000000000          0.0000000000
  7        312.0000000000         14.0003472608         -0.5923879377          0.0000000000        273.0000000000          0.0000000000
  7        315.0000000000         14.0003472608         -0.6223209706          0.0000000000        273.0000000000          0.0000000000
  7        318.0000000000         14.0003472608         -0.6483296829          0.0000000000        273.0000000000          0.0000000000
  7        321.0000000000         14.0003472608         -0.6715245054          0.0000000000        273.0000000000          0.0000000000
  7        324.0000000000         14.0003472608         -0.6927035434          0.0000000000        273.0000000000          0.0000000000
  7        327.0000000000         14.0003472608         -0.7127235628          0.0000000000        273.0000000000          0.0000000000
  7        330.0000000000         14.0003472608         -0.7329810546          0.0000000000        273.0000000000          0.0000000000
  7        333.0000000000         14.0003472608         -0.7544180198          0.0000000000        273.0000000000          0.0000000000
  7        336.0000000000         14.0003472608         -0.7775098957          0.0000000000        273.0000000000          0.0000000000
  7        339.0000000000         14.0003472608         -0.8024006815          0.0000000000        273.0000000000          0.0000000000
  7        342.0000000000         14.0003472608         -0.8288632430          0.0000000000        273.0000000000          0.0000000000
  7        345.0000000000         14.0003472608         -0.8565203618          0.0000000000        273.0000000000          0.0000000000
  7        348.0000000000         14.0003472608         -0.8847659314          0.0000000000        273.0000000000          0.0000000000
  7        351.0000000000         14.0003472608         -0.9128822754          0.0000000000        273.0000000000          0.0000000000
  7        354.0000000000         14.0003472608         -0.9400759372          0.0000000000        273.0000000000          0.0000000000
  7        357.0000000000         14.0003472608         -0.9657728568          0.0000000000        273.0000000000          0.0000000000
  7        360.0000000000         14.0003472608         -0.9895831365          0.0000000000        273.0000000000          0.0000000000
  7        363.0000000000         14.0003472608         -1.0111324434          0.0000000000        273.0000000000          0.0000000000
  7        366.0000000000         14.0003472608         -1.0302921562          0.0000000000        273.0000000000          0.0000000000
  7        369.0000000000         14.0003472608         -1.0469721309          0.0000000000        273.0000000000          0.0000000000
  7        372.0000000000         14.0003472608         -1.0611648771          0.0000000000        273.0000000000          0.0000000000
  7        375.0000000000         14.0003472608         -1.0729644632          0.0000000000        273.0000000000          0.0000000000
  7        378.0000000000         14.0003472608         -1.0825273182          0.0000000000        273.0000000000          0.0000000000
  7        381.0000000000         14.0003472608         -1.0899555154          0.0000000000        273.0000000000          0.0000000000
  7        384.0000000000         14.0003472608         -1.0954363417          0.0000000000        273.0000000000          0.0000000000
  7        387.0000000000         14.0003472608         -1.0991920748          0.0000000000        273.0000000000          0.0000000000
  7        390.0000000000         14.0003472608         -1.1014004447          0.0000000000        273.0000000000          0.0000000000
  7        393.0000000000         14.0003472608         -1.1022499166          0.0000000000        273.0000000000          0.0000000000
  7        396.0000000000         14.0003472608         -1.1019467026          0.0000000000        273.0000000000          0.0000000000
  7        399.0000000000         14.0003472608         -1.1006149565          0.0000000000        273.0000000000          0.0000000000
  7        402.0000000000         14.0003472608         -1.0984374445          0.0000000000        273.0000000000          0.0000000000
  7        405.0000000000         14.0003472608         -1.0955386081          0.0000000000        273.0000000000          0.0000000000
  7        408.0000000000         14.0003472608         -1.0920634506          0.0000000000        273.0000000000          0.0000000000
  7        411.0000000000         14.0003472608         -1.0881358311          0.0000000000        273.0000000000          0.0000000000
  7        414.0000000000         14.0003472608         -1.0838742300          0.0000000000        273.0000000000          0.0000000000
  7        417.0000000000         14.0003472608         -1.0793920336          0.0000000000        273.0000000000          0.0000000000
  7        420.0000000000         14.0003472608         -1.0747922607          0.0000000000        273.0000000000          0.0000000000
  7        423.0000000000         14.0003472608         -1.0701656550          0.0000000000        273.0000000000          0.0000000000
  7        426.0000000000         14.0003472608         -1.0656006882          0.0000000000        273.0000000000          0.0000000000
  7        429.0000000000         14.0003472608         -1.0611817538          0.0000000000        273.0000000000          0.0000000000
  7        432.0000000000         14.0003472608         -1.0569908800          0.0000000000        273.0000000000          0.0000000000
  7        435.0000000000         14.0003472608         -1.0530948258          0.0000000000        273.0000000000          0.0000000000
  7        438.0000000000         14.0003472608         -1.0495546081          0.0000000000        273.0000000000          0.0000000000
  7        441.0000000000         14.0003472608         -1.0464308414          0.0000000000        273.0000000000          0.0000000000
  7        444.0000000000         14.0003472608         -1.0437632902          0.0000000000        273.0000000000          0.0000000000
  7        447.0000000000         14.0003472608         -1.0415725066          0.0000000000        273.0000000000          0.0000000000
  7        450.0000000000         14.0003472608         -1.0400161963          0.0000000000        273.0000000000          0.0000000000
  7        453.0000000000         14.0003472608         -1.0284144005          0.0000000000        273.0000000000          0.0000000000
  7        456.0000000000         14.0003472608         -0.7526128260          0.0000000000        273.0000000000          0.0000000000
  8        186.0000000000          0.5608608706         12.3328783293      43391.3801052797        799.9993515045          0.0000000000
  8        189.0000000000          0.8865269931         25.5822426231      85833.2010606167        799.9995167445         60.8018462418
  8        192.0000000000          1.5119914062         29.2511659370      26516.4020430511        799.2278333257        446.3488039826
  8        195.0000000000          2.1161242131         28.6983095466       6303.5319766107        783.1653314270         32.8560272604
  8        198.0000000000          2.3883682349         17.8808909008       1899.8494657200        770.4515471055          1.1262429059
  8        201.0000000000          2.4399054034         10.8992476305       1757.7262746375        771.3829027792          1.7008593549
  8        204.0000000000          2.6876185452         10.3172457676        836.0842861959        742.2219586045        163.7852081530
  8        207.0000000000          3.5423004682          9.6305170605         47.9046055275        456.2995112085          7.3333753806
  8        210.0000000000          4.8220127155          4.9504399823          0.7684016462        280.0731403413          0.5551449952
  8        213.0000000000          4.5648816956          4.3599523499          0.8120458954        295.8586538254          0.5180925110
  8        216.0000000000          4.1478723537          3.0633874659          0.9017857045        332.4515224924         -0.0685564859
  8        219.0000000000          4.1124546370          2.5657982199          0.8434013829        337.7503057430          1.5396253477
  8        222.0000000000          4.4552042584          3.4251114940          0.6978808844        302.9803210911          0.0138189107
  8        225.0000000000          5.0578124815          3.7360893761          0.2246776392        279.6869310725        -53.7265224178
  8        228.0000000000          5.7995404198          3.4429754421          0.0427123905        274.1613503849         -0.0839241127
  8        231.0000000000          6.8100679407          2.8955943526          0.0040437412        273.1136519637         -0.0154129025
  8        234.0000000000         14.0003472608          2.5968957415          0.0000000000        273.0055743085          0.0000000000
  8        237.0000000000         14.0003472608          2.3225053967          0.0000000000        273.0000004225          0.0000000000
  8        240.0000000000         14.0003472608          2.0549249920          0.0000000000        273.0000000410          0.0000000000
  8        243.0000000000         14.0003472608          1.8100573498          0.0000000000        273.0000000146          0.0000000000
  8        246.0000000000         14.0003472608          1.5823767579          0.0000000000        273.0000000089          0.0000000000
  8        249.0000000000         14.0003472608          1.4135217225          0.0000000000        273.0000000061          0.0000000000
  8        252.0000000000         14.0003472608          1.2465894363          0.0000000000        273.0000000036          0.0000000000
  8        255.0000000000         14.0003472608          1.1033535237          0.0000000000        273.0000000012          0.0000000000
  8        258.0000000000         14.0003472608          0.9879809749          0.0000000000        273.0000000000          0.0000000000
  8        261.0000000000         14.0003472608          0.8688248116          0.0000000000        273.0000000000          0.0000000000
  8        264.0000000000         14.0003472608          0.7711103924          0.0000000000        273.0000000000          0.0000000000
  8        267.0000000000         14.0003472608          0.6720708750          0.0000000000        273.0000000000          0.0000000000
  8        270.0000000000         14.0003472608          0.5798101775          0.0000000000        273.0000000000          0.0000000000
  8        273.0000000000         14.0003472608          0.4921606089          0.0000000000        273.0000000000          0.0000000000
  8        276.0000000000         14.0003472608          0.4070922718          0.0000000000        273.0000000000          0.0000000000
  8        279.0000000000         14.0003472608          0.3248147939          0.0000000000        273.0000000000          0.0000000000
  8        282.0000000000         14.0003472608          0.2444771662          0.0000000000        273.0000000000          0.0000000000
  8        285.0000000000         14.0003472608          0.1658787802          0.0000000000        273.0000000000          0.0000000000
  8        288.0000000000         14.0003472608          0.0887687978          0.0000000000        273.0000000000          0.0000000000
  8        291.0000000000         14.0003472608          0.0129316320          0.0000000000        273.0000000000          0.0000000000
  8        294.0000000000         14.0003472608         -0.0612621209          0.0000000000        273.0000000000          0.0000000000
  8        297.0000000000         14.0003472608         -0.1344234446          0.0000000000        273.0000000000          0.0000000000
  8        300.0000000000         14.0003472608         -0.2065683601          0.0000000000        273.0000000000          0.0000000000
  8        303.0000000000         14.0003472608         -0.2781171790          0.0000000000        273.0000000000          0.0000000000
  8        306.0000000000         14.0003472608         -0.3495958787          0.0000000000        273.0000000000          0.0000000000
  8        309.0000000000         14.0003472608         -0.4211608988          0.0000000000        273.0000000000          0.0000000000
  8        312.0000000000         14.0003472608         -0.4919507249          0.0000000000        273.0000000000          0.0000000000
  8        315.0000000000         14.0003472608         -0.5624156105          0.0000000000        273.0000000000          0.0000000000
  8        318.0000000000         14.0003472608         -0.6320380405          0.0000000000        273.0000000000          0.0000000000
  8        321.0000000000         14.0003472608         -0.7000576003          0.0000000000        273.0000000000          0.0000000000
  8        324.0000000000         14.0003472608         -0.7650733070          0.0000000000        273.0000000000          0.0000000000
  8        327.0000000000         14.0003472608         -0.8259345606          0.0000000000        273.0000000000          0.0000000000
  8        330.0000000000         14.0003472608         -0.8812004294          0.0000000000        273.0000000000          0.0000000000
  8        333.0000000000         14.0003472608         -0.9296761495          0.0000000000        273.0000000000          0.0000000000
  8        336.0000000000         14.0003472608         -0.9704970110          0.0000000000        273.0000000000          0.0000000000
  8        339.0000000000         14.0003472608         -1.0036026507          0.0000000000        273.0000000000          0.0000000000
  8        342.0000000000         14.0003472608         -1.0295415999          0.0000000000        273.0000000000          0.0000000000
  8        345.0000000000         14.0003472608         -1.0495900518          0.0000000000        273.0000000000          0.0000000000
  8        348.0000000000         14.0003472608         -1.0654205973          0.0000000000        273.0000000000          0.0000000000
  8        351.0000000000         14.0003472608         -1.0788180430          0.0000000000        273.0000000000          0.0000000000
  8        354.0000000000         14.0003472608         -1.0910475617          0.0000000000        273.0000000000          0.0000000000
  8        357.0000000000         14.0003472608         -1.1031882532          0.0000000000        273.0000000000          0.0000000000
  8        360.0000000000         14.0003472608         -1.1156785428          0.0000000000        273.0000000000          0.0000000000
  8        363.0000000000         14.0003472608         -1.1286358146          0.0000000000        273.0000000000          0.0000000000
  8        366.0000000000         14.0003472608         -1.1420141868          0.0000000000        273.0000000000          0.0000000000
  8        369.0000000000         14.0003472608         -1.1555938129          0.0000000000        273.0000000000          0.0000000000
  8        372.0000000000         14.0003472608         -1.1687832105          0.0000000000        273.0000000000          0.0000000000
  8        375.0000000000         14.0003472608         -1.1814276642          0.0000000000        273.0000000000          0.0000000000
  8        378.0000000000         14.0003472608         -1.1930296903          0.0000000000        273.0000000000          0.0000000000
  8        381.0000000000         14.0003472608         -1.2032866938          0.0000000000        273.0000000000          0.0000000000
  8        384.0000000000         14.0003472608         -1.2119966515          0.0000000000        273.0000000000          0.0000000000
  8        387.0000000000         14.0003472608         -1.2190515751          0.0000000000        273.0000000000          0.0000000000
  8        390.0000000000         14.0003472608         -1.2243638539          0.0000000000        273.0000000000          0.0000000000
  8        393.0000000000         14.0003472608         -1.2281305044          0.0000000000        273.0000000000          0.0000000000
  8        396.0000000000         14.0003472608         -1.2300497421          0.0000000000        273.0000000000          0.0000000000
  8        399.0000000000         14.0003472608         -1.2302516972          0.0000000000        273.0000000000          0.0000000000
  8        402.0000000000         14.0003472608         -1.2292863705          0.0000000000        273.0000000000          0.0000000000
  8        405.0000000000         14.0003472608         -1.2271091955          0.0000000000        273.0000000000          0.0000000000
  8        408.0000000000         14.0003472608         -1.2237836443          0.0000000000        273.0000000000          0.0000000000
  8        411.0000000000         14.0003472608         -1.2196137466          0.0000000000        273.0000000000          0.0000000000
  8        414.0000000000         14.0003472608         -1.2147834608          0.0000000000        273.0000000000          0.0000000000
  8        417.0000000000         14.0003472608         -1.2094699841          0.0000000000        273.0000000000          0.0000000000
  8        420.0000000000         14.0003472608         -1.2038192646          0.0000000000        273.0000000000          0.0000000000
  8        423.0000000000         14.0003472608         -1.1979962428          0.0000000000        273.0000000000          0.0000000000
  8        426.0000000000         14.0003472608         -1.1921473106          0.0000000000        273.0000000000          0.0000000000
  8        429.0000000000         14.0003472608         -1.1864209138          0.0000000000        273.0000000000          0.0000000000
  8        432.0000000000         14.0003472608         -1.1809409732          0.0000000000        273.0000000000          0.0000000000
  8        435.0000000000         14.0003472608         -1.1758204554          0.0000000000        273.0000000000          0.0000000000
  8        438.0000000000         14.0003472608         -1.1711548049          0.0000000000        273.0000000000          0.0000000000
  8        441.0000000000         14.0003472608         -1.1670370722          0.0000000000        273.0000000000          0.0000000000
  8        444.0000000000         14.0003472608         -1.1635394280          0.0000000000        273.0000000000          0.0000000000
  8        447.0000000000         14.0003472608         -1.1608368356          0.0000000000        273.0000000000          0.0000000000
  8        450.0000000000         14.0003472608         -1.1585268582          0.0000000000        273.0000000000          0.0000000000
  8        453.0000000000         14.0003472608         -1.1307504961          0.0000000000        273.0000000000          0.0000000000
  8        456.0000000000         14.0003472608         -0.6664534978          0.0000000000        273.0000000000          0.0000000000
