!------------------------------------------------------------!
  Date: 20191117
  Simulation name: BWZ4 
  Filename:PEbyx.txt                                                                                                                                             
  Produced in mod-subroutine:  massdist/energypotential                                                                                                                              
  Written by AK September 2019
  Description:Integrates by width potential energy necessary to overflow at each height                                                                             
  Data format: RMAX by t potential energy (J)                                                                                                                       
!------------------------------------------------------------!
        0.0000000000
  1798470.0163496411
     4914.3392179335
     4731.8260327413
     4549.3128475491
     4366.7996623569
     4184.2864771647
     5015.7353916380
     4833.2222064457
     4650.7090212535
     4468.1958360613
     4285.6826508691
     4103.1694656769
     4934.6183801502
     4752.1051949580
     4569.5920097658
     4387.0788245735
     4204.5656393813
     5036.0145538546
     4853.5013686624
     4670.9881834702
     4488.4749982780
     4305.9618130858
     4123.4486278935
     4954.8975423669
     4772.3843571746
     4589.8711719824
     4407.3579867902
     4224.8448015980
     5056.2937160713
     4873.7805308791
     4691.2673456869
     4508.7541604946
     4326.2409753024
     4143.7277901102
     4975.1767045835
     4792.6635193913
     4610.1503341991
     4427.6371490069
     4245.1239638147
     4062.6107786224
     4894.0596930957
     4711.5465079035
     4529.0333227113
     4346.5201375191
     4164.0069523269
     4995.4558668002
     4812.9426816080
     4630.4294964158
     4447.9163112235
     4265.4031260313
     4082.8899408391
     4963.4822438655
     4731.8256701202
     4549.3124849280
     4366.7992997358
     4184.2861145435
     5015.7350290169
     4833.2218438246
     4650.7086586324
     4468.1954734402
     4285.6822882480
     4103.1691030558
     4934.6180175291
     4752.1048323369
     4569.5916471447
     4387.0784619524
     4204.5652767602
     5036.0141912335
     4853.5010060413
     4670.9878208491
     4488.4746356569
     4305.9614504647
     4123.4482652724
     4954.8971797458
     4772.3839945535
     4589.8708093613
     4407.3576241691
     4224.8444389769
     5056.2933534502
     4873.7801682580
     4691.2669830658
     4508.7537978735
     4326.2406126813
     4143.7274274891
     4975.1763419624
     4792.6631567702
     4610.1499715780
     4427.6367863858
     4245.1236011936
     4062.6104160013
     4894.0593304746
     4711.5461452824
     4529.0329600902
     4346.5197748980
     4164.0065897058
     4995.4555041791
     4812.9423189869
     4630.4291337947
     4447.9159486024
     4265.4027634102
     4082.8895782180
     4963.4818776182
     4731.8253074991
     4549.3121223069
     4366.7989371147
     4184.2857519224
     5015.7346663958
     4833.2214812035
     4650.7082960113
     4468.1951108191
     4285.6819256269
     4103.1687404347
     4934.6176549080
     4752.1044697158
     4569.5912845235
     4387.0780993313
     4204.5649141391
     5036.0138286124
     4853.5006434202
     4670.9874582280
     4488.4742730358
     4305.9610878436
     4123.4479026513
     4954.8968171246
     4772.3836319324
     4589.8704467402
     4407.3572615480
     4224.8440763558
     5056.2929908291
     4873.7798056369
     4691.2666204447
     4508.7534352524
     4326.2402500602
     4143.7270648680
     4975.1759793413
     4792.6627941491
     4610.1496089569
     4427.6364237647
     4245.1232385724
     4062.6100533802
     4894.0589678535
     4711.5457826613
     4529.0325974691
     4346.5194122769
     4164.0062270847
     4995.4551415580
     4812.9419563658
     4630.4287711735
     4447.9155859813
     4265.4024007891
     4082.8892155969
     4963.4815113709
     4731.8249448780
     4549.3117596858
     4366.7985744936
     4184.2853893013
     5015.7343037747
     4833.2211185824
     4650.7079333902
     4468.1947481980
     4285.6815630058
     4103.1683778136
     4934.6172922869
     4752.1041070947
     4569.5909219024
     4387.0777367102
     4204.5645515180
     5036.0134659913
     4853.5002807991
     4670.9870956069
     4488.4739104147
     4305.9607252224
     4123.4475400302
     4954.8964545035
     4772.3832693113
     4589.8700841191
     4407.3568989269
     4224.8437137347
     5056.2926282080
     4873.7794430158
     4691.2662578236
     4508.7530726313
     4326.2398874391
     4143.7267022469
     4975.1756167202
     4792.6624315280
     4610.1492463358
     4427.6360611436
     4245.1228759513
     4062.6096907591
     4894.0586052324
     4711.5454200402
     4529.0322348480
     4346.5190496558
     4164.0058644636
     4995.4547789369
     4812.9415937447
     4630.4284085524
     4447.9152233602
     4265.4020381680
     4082.8888529758
     4963.4811451236
     4731.8245822569
     4549.3113970647
     4366.7982118725
     4184.2850266802
     5015.7339411535
     4833.2207559613
     4650.7075707691
     4468.1943855769
     4285.6812003847
     4103.1680151925
     4934.6169296658
     4752.1037444736
     4569.5905592813
     4387.0773740891
     4204.5641888969
     5036.0131033702
     4853.4999181780
     4670.9867329858
     4488.4735477936
     4305.9603626013
     4123.4471774091
     4954.8960918824
     4772.3829066902
     4589.8697214980
     4407.3565363058
     4224.8433511136
     5056.2922655869
     4873.7790803947
     4691.2658952024
     4508.7527100102
     4326.2395248180
     4143.7263396258
     4975.1752540991
     4792.6620689069
     4610.1488837147
     4427.6356985225
     4245.1225133302
     4062.6093281380
     4894.0582426113
     4711.5450574191
     4529.0318722269
     4346.5186870347
     4164.0055018425
     4995.4544163158
     4812.9412311236
     4630.4280459313
     4447.9148607391
     4265.4016755469
     4082.8884903547
     4963.4807788763
     4731.8242196358
     4549.3110344436
     4366.7978492513
     4184.2846640591
     5015.7335785324
     4833.2203933402
     4650.7072081480
     4468.1940229558
     4285.6808377636
     4103.1676525714
     4934.6165670447
     4752.1033818525
     4569.5901966602
     4387.0770114680
     4204.5638262758
     5036.0127407491
     4853.4995555569
     4670.9863703647
     4488.4731851725
     4305.9599999802
     4123.4468147880
     4954.8957292613
     4772.3825440691
     4589.8693588769
     4407.3561736847
     4224.8429884925
     5056.2919029658
     4873.7787177736
     4691.2655325813
     4508.7523473891
     4326.2391621969
     4143.7259770047
     4975.1748914780
     4792.6617062858
     4610.1485210936
     4427.6353359014
     4245.1221507091
     4062.6089655169
     4894.0578799902
     4711.5446947980
     4529.0315096058
     4346.5183244136
     4164.0051392214
     4995.4540536947
     4812.9408685025
     4630.4276833102
     4447.9144981180
     4265.4013129258
     4082.8881277336
     4963.4804126290
     4731.8238570147
     4549.3106718225
     4366.7974866302
     4184.2843014380
     5015.7332159113
     4833.2200307191
     4650.7068455269
     4468.1936603347
     4285.6804751425
     4103.1672899503
     4934.6162044236
     4752.1030192313
     4569.5898340391
     4387.0766488469
     4204.5634636547
     5036.0123781280
     4853.4991929358
     4670.9860077436
     4488.4728225514
     4305.9596373591
     4123.4464521669
     4954.8953666402
     4772.3821814480
     4589.8689962558
     4407.3558110636
     4224.8426258714
     5056.2915403447
     4873.7783551525
     4691.2651699602
     4508.7519847680
     4326.2387995758
     4143.7256143836
     4975.1745288569
     4792.6613436647
     4610.1481584725
     4427.6349732802
     4245.1217880880
     4062.6086028958
     4894.0575173691
     4711.5443321769
     4529.0311469847
     4346.5179617925
     4164.0047766003
     4995.4536910736
     4812.9405058813
     4630.4273206891
     4447.9141354969
     4265.4009503047
     4082.8877651125
     4963.4800463816
     4731.8234943936
     4549.3103092014
     4366.7971240091
     4184.2839388169
     5015.7328532902
     4833.2196680980
     4650.7064829058
     4468.1932977136
     4285.6801125214
     4103.1669273291
     4934.6158418025
     4752.1026566102
     4569.5894714180
     4387.0762862258
     4204.5631010336
     5036.0120155069
     4853.4988303147
     4670.9856451225
     4488.4724599302
     4305.9592747380
     4123.4460895458
     4954.8950040191
     4772.3818188269
     4589.8686336347
     4407.3554484425
     4224.8422632503
     5056.2911777236
     4873.7779925314
     4691.2648073391
     4508.7516221469
     4326.2384369547
     4143.7252517625
     4975.1741662358
     4792.6609810436
     4610.1477958514
     4427.6346106591
     4245.1214254669
     4062.6082402747
     4894.0571547480
     4711.5439695558
     4529.0307843636
     4346.5175991714
     4164.0044139791
     4995.4533284525
     4812.9401432602
     4630.4269580680
     4447.9137728758
     4265.4005876836
     4082.8874024914
        0.0000000000
        0.0000000000
        0.0000000000
  1798470.0163496411
  2412530.2546151071
  2327005.5141749838
  2174932.7269395036
  2009458.8860170841
  1800023.4598555386
  2202445.4283136684
  1975664.9057512365
  1785518.7471142167
  1598951.4452889760
  1379074.6926408275
  1181620.0394863612
  1573927.3160659794
  1344570.0923866241
  1155647.8120152606
   925820.8974511918
   733344.9417167880
  1092316.6118777029
   930154.5757697852
   778922.4974174611
   639511.5128407787
   495323.3355344636
   369647.5040439890
   566364.0835473111
   455263.3754652273
   344468.2559406357
   232015.6270763050
   142313.4658708596
   186420.2010638354
   135042.4093881062
    90307.6764888360
    60574.3921204491
    41694.0835505886
    31419.0197001083
    48250.1208302615
    36297.2517139924
    28671.7926121517
    21560.1809091229
    18431.5397701053
    16231.8462279791
    18547.8984343474
    17333.8375082123
    14715.9400927450
     9695.0220185420
     4713.4280762388
     4853.0977887778
     4811.5867974475
     4618.7752322856
     4446.6199599563
     4265.4048597332
     4082.8906756119
     4963.4857783928
     4731.8277585077
     4549.3141238245
     4366.8005147448
     4184.2870468779
     5015.7376081522
     4833.2235557639
     4650.7098536336
     4468.1962631307
     4285.6830684189
     4103.1697060890
     4934.6198909278
     4752.1059994957
     4569.5922940787
     4387.0789988533
     4204.5656306773
     5036.0156329410
     4853.5014520512
     4670.9883158066
     4488.4751224992
     4305.9615250681
     4123.4483078196
     4954.8983926248
     4772.3847101325
     4589.8709519264
     4407.3576758196
     4224.8444759407
     5056.2940057627
     4873.7803777738
     4691.2670634239
     4508.7538670357
     4326.2406644118
     4143.7274863624
     4975.1769310564
     4792.6633283730
     4610.1500668178
     4427.6371909604
     4245.1239810057
     4062.6105438406
     4894.0598674748
     4711.5463190589
     4529.0333655864
     4346.5201540503
     4164.0067205882
     4995.4559672510
     4812.9424672124
     4630.4295491651
     4447.9163956258
     4265.4028937109
     4082.8897228519
     4963.4830683163
     4731.8254840960
     4549.3122435934
     4366.7993320827
     4184.2861879603
     5015.7351398167
     4833.2216043671
     4650.7084164763
     4468.1955744711
     4285.6823514985
     4103.1689142247
     4934.6181200503
     4752.1046288440
     4569.5917106165
     4387.0785242355
     4204.5650862432
     5036.0142709930
     4853.5007570378
     4670.9875593068
     4488.4744247513
     4305.9611899899
     4123.4480542651
     4954.8972815098
     4772.3837532216
     4589.8705578250
     4407.3573513766
     4224.8442331662
     5056.2938780015
     4873.7802728251
     4691.2667492281
     4508.7536023720
     4326.2407390115
     4143.7275222678
     4975.1764727890
     4792.6633356710
     4610.1500535803
     4427.6370019304
     4245.1236617485
     4062.6106168410
     4894.0597872559
     4711.5463945323
     4529.0333192843
     4346.5199125553
     4164.0068687071
     4995.4562635084
     4812.9427738674
     4630.4296188647
     4447.9164754592
     4265.4031911890
     4082.8897837917
     4963.4827874349
     4731.8254570843
     4549.3125584137
     4366.7993798948
     4184.2862502067
     5015.7355137028
     4833.2219728191
     4650.7085921152
     4468.1953634338
     4285.6822377682
     4103.1689774071
     4934.6180696019
     4752.1046334021
     4569.5913771714
     4387.0782135326
     4204.5650296243
     5036.0142258794
     4853.5003846890
     4670.9875351286
     4488.4744409305
     4305.9608386390
     4123.4476948475
     4954.8971323193
     4772.3837546855
     4589.8701946170
     4407.3569754263
     4224.8438436123
     5056.2928955519
     4873.7795046735
     4691.2663444172
     4508.7532074116
     4326.2399724727
     4143.7268298000
     4975.1758783268
     4792.6624941255
     4610.1493624841
     4427.6365269365
     4245.1232786860
     4062.6098658141
     4894.0588822258
     4711.5455158433
     4529.0326623493
     4346.5194481788
     4164.0060320750
     4995.4550422937
     4812.9416859789
     4630.4288526259
     4447.9157063019
     4265.4021801113
     4082.8890185297
     4963.4821626571
     4731.8247072677
     4549.3115491231
     4366.7986179286
     4184.2854759387
     5015.7342764869
     4833.2208339508
     4650.7077302595
     4468.1948740567
     4285.6816326779
     4103.1682017371
     4934.6172684576
     4752.1038631705
     4569.5910197118
     4387.0778087848
     4204.5643755615
     5036.0134432454
     4853.4999963063
     4670.9868820960
     4488.4737269969
     4305.9604809348
     4123.4473419083
     4954.8964729258
     4772.3829986688
     4589.8698768236
     4407.3566470306
     4224.8435272994
     5056.2930740295
     4873.7795432000
     4691.2660861467
     4508.7529140650
     4326.2400204020
     4143.7268251390
     4975.1757179007
     4792.6625900105
     4610.1494066997
     4427.6362996995
     4245.1229771738
     4062.6099024475
     4894.0590701262
     4711.5456700587
     4529.0326488792
     4346.5192506634
     4164.0061617709
     4995.4555497552
     4812.9420919926
     4630.4289864273
     4447.9157959866
     4265.4024924207
     4082.8891060975
     4963.4820719520
     4731.8248093523
     4549.3119163638
     4366.7986947091
     4184.2855570427
     5015.7348111788
     4833.2212434077
     4650.7079112155
     4468.1947178089
     4285.6815278479
     4103.1682513056
     4934.6173928048
     4752.1039032835
     4569.5907592169
     4387.0774905375
     4204.5643708005
     5036.0134723951
     4853.4996963423
     4670.9869363593
     4488.4737173660
     4305.9601389965
     4123.4470162077
     4954.8964651093
     4772.3830355834
     4589.8695408790
     4407.3562805414
     4224.8431612643
     5056.2922267277
     4873.7788401386
     4691.2657130830
     4508.7525252724
     4326.2392761929
     4143.7261481065
     4975.1752756056
     4792.6618622253
     4610.1487676042
     4427.6358255267
     4245.1225726898
     4062.6091989829
     4894.0583826598
     4711.5449534297
     4529.0320122602
     4346.5187532632
     4164.0053750920
     4995.4546275257
     4812.9411589751
     4630.4282384914
     4447.9150262692
     4265.4015378363
     4082.8883811603
     4963.4817887874
     4731.8242398776
     4549.3109826172
     4366.7979454283
     4184.2847970131
     5015.7340820500
     4833.2203981608
     4650.7072096300
     4468.1942213899
     4285.6809624144
     4103.1675862302
     4934.6171686436
     4752.1035067160
     4569.5904321904
     4387.0771603176
     4204.5637723864
     5036.0134118827
     4853.4996707439
     4670.9863823050
     4488.4731314149
     4305.9598674280
     4123.4467213317
     4954.8965203223
     4772.3827226177
     4589.8693526835
     4407.3560592023
     4224.8429261081
     5056.2931557221
     4873.7792885574
     4691.2656385009
     4508.7523540770
     4326.2394042736
     4143.7261916880
     4975.1758868854
     4792.6623784125
     4610.1489461975
     4427.6357272759
     4245.1223757687
     4062.6092761467
     4894.0592365210
     4711.5454899864
     4529.0320947922
     4346.5186876022
     4164.0055502421
     4995.4556961965
     4812.9419124680
     4630.4285406485
     4447.9152178586
     4265.4018537106
     4082.8884647406
     4963.4822321795
     4731.8246179505
     4549.3113770044
     4366.7980848584
     4184.2848822909
     5015.7349092637
     4833.2210405585
     4650.7075573472
     4468.1940965557
     4285.6808791404
     4103.1676335168
     4934.6174195922
     4752.1037287527
     4569.5902217887
     4387.0769099819
     4204.5636307708
     5036.0135389061
     4853.4994740490
     4670.9864449205
     4488.4731887584
     4305.9594933515
     4123.4462754691
     4954.8963616224
     4772.3827661970
     4589.8690338364
     4407.3556227681
     4224.8424028345
     5056.2920181426
     4873.7785022812
     4691.2652259456
     4508.7519593418
     4326.2385715835
     4143.7253535752
     4975.1748644292
     4792.6614401920
     4610.1482273498
     4427.6352435706
     4245.1218687786
     4062.6083309292
     4894.0577159498
     4711.5444122452
     4529.0314340060
     4346.5180168674
     4164.0044734511
     4995.4537478442
     4812.9405037458
     4630.4275950042
     4447.9148219553
     4265.4015428814
     4082.8883510482
        0.0000000000
        0.0000000000
        0.0000000000
  1798470.0163496411
  2486507.3101919671
  2402694.5161971846
  2260336.4957382628
  2101560.5468367250
  1911122.1954757944
  2354169.6182550951
  2164348.4207891580
  1982119.1188510149
  1798805.9842572731
  1600041.4775623772
  1444828.7772146130
  1896140.4432360178
  1731651.0390551351
  1574210.3163887786
  1396710.1185637570
  1247602.1503502650
  1686223.7923892585
  1529340.6744457362
  1382935.8148679440
  1246552.1255545944
  1118456.7132005177
   991623.0874789965
  1408114.2884186676
  1271080.9178597557
  1137766.1493652957
  1007572.2467719271
   882051.0570279618
  1267687.6279646682
  1163906.9900542246
  1042619.7978935478
   930858.5845281532
   828325.9257671054
   749243.5525877898
  1096697.2896896806
   983003.4525529437
   892040.2072136534
   776895.1681266534
   685612.0232075370
   573355.3057140720
   817115.8975423177
   711053.1992221302
   647560.7033075702
   565663.2311438675
   456784.4111708805
   626430.9089546069
   550957.6750894522
   486025.7097564756
   418964.5187428467
   355974.8752681291
   292544.8411179172
   400266.3417429714
   339657.4757194254
   295171.4949879130
   253367.2999885142
   207914.6325094132
   284636.7914388584
   238006.8839483167
   199697.5997090008
   169438.7194553984
   139879.5659325027
   111729.4787340413
   155260.8788685168
   130023.5175187732
   111074.4660207024
    91921.9934418930
    73485.8635493387
   101166.1001012514
    84967.6407484952
    71490.3439613669
    59779.6310917292
    49157.3833017431
    39693.5951534915
    56454.3605916562
    48427.8521063786
    40925.5953925347
    33929.9857099589
    27375.1050214529
    36565.0228437653
    31264.6278431789
    26769.8751337223
    23064.9460061583
    20280.7160489867
    18305.9311415979
    23173.6194565682
    21951.0240958894
    21088.7441268296
    20549.3104559275
    20198.8526856034
    19889.8024045653
    22224.2738809063
    21180.3076224088
    19760.8666271585
    18175.9711179793
    16639.9145258723
    17045.2526977099
    16169.0346119815
    15197.2476658040
    13872.3554235416
    11697.0990091668
     8604.4149541078
     6743.3121946658
     5141.8730481553
     4648.7695445778
     4344.6029291812
     4182.0019008510
     5015.7448858903
     4833.2287946883
     4650.7133978144
     4468.1989539430
     4285.6847444547
     4103.1704124982
     4934.6247590060
     4752.1093262173
     4569.5947772899
     4387.0806226007
     4204.5663325035
     5036.0196314580
     4853.5043133805
     4670.9896587135
     4488.4755458525
     4305.9617935455
     4123.4483085800
     4954.9021673749
     4772.3868958843
     4589.8722854910
     4407.3582358569
     4224.8446102112
     5056.2980966922
     4873.7829934110
     4691.2683211750
     4508.7543203195
     4326.2412035710
     4143.7278065277
     4975.1808927320
     4792.6661039548
     4610.1515215197
     4427.6379124153
     4245.1242450391
     4062.6111042469
     4894.0641515371
     4711.5492116525
     4529.0348044098
     4346.5209126431
     4164.0076014109
     4995.4603579421
     4812.9453522185
     4630.4311207632
     4447.9174493831
     4265.4040104032
     4082.8904921674
     4963.4876092294
     4731.8281196922
     4549.3140469411
     4366.8004527919
     4184.2871519575
     5015.7398734575
     4833.2247524200
     4650.7104990373
     4468.1962982373
     4285.6830326068
     4103.1699275423
     4934.6223061987
     4752.1072833406
     4569.5926200853
     4387.0791191466
     4204.5655675124
     5036.0182223204
     4853.5024662152
     4670.9885223626
     4488.4751892341
     4305.9612448667
     4123.4480340119
     4954.9008648532
     4772.3859776153
     4589.8711150256
     4407.3573811300
     4224.8441361389
     5056.2961387159
     4873.7811276204
     4691.2670248227
     4508.7535078770
     4326.2402007854
     4143.7270928683
     4975.1791604878
     4792.6640990038
     4610.1500728263
     4427.6370634909
     4245.1236484533
     4062.6102915196
     4894.0621086905
     4711.5471056825
     4529.0335257514
     4346.5198857946
     4164.0064587623
     4995.4579812282
     4812.9431237777
     4630.4296774088
     4447.9161301608
     4265.4025844225
     4082.8893769259
     4963.4855347186
     4731.8263139183
     4549.3121968329
     4366.7991520987
     4184.2859024275
     5015.7371872617
     4833.2222035565
     4650.7082941019
     4468.1953892289
     4285.6820226101
     4103.1686125705
     4934.6201678384
     4752.1052588311
     4569.5917974366
     4387.0782482428
     4204.5647827856
     5036.0161903297
     4853.5013118252
     4670.9873795053
     4488.4739567355
     4305.9606889014
     4123.4475766337
     4954.8993082565
     4772.3843780127
     4589.8703741198
     4407.3568980886
     4224.8437678338
     5056.2959646988
     4873.7812798398
     4691.2667463431
     4508.7531733372
     4326.2403621554
     4143.7273604883
     4975.1787694469
     4792.6642106055
     4610.1502817995
     4427.6368217484
     4245.1235415062
     4062.6103988176
     4894.0623853888
     4711.5474814934
     4529.0335217837
     4346.5200815884
     4164.0068174434
     4995.4587610274
     4812.9439738626
     4630.4300754514
     4447.9166415081
     4265.4033103952
     4082.8898416415
     4963.4857561670
     4731.8266020815
     4549.3128891346
     4366.7995495363
     4184.2863867429
     5015.7381821971
     4833.2232802261
     4650.7092410871
     4468.1953736053
     4285.6822129167
     4103.1690452384
     4934.6203524861
     4752.1056509948
     4569.5914635966
     4387.0781719782
     4204.5647719924
     5036.0163958824
     4853.5009284062
     4670.9874985971
     4488.4743439677
     4305.9604088611
     4123.4472007523
     4954.8990157908
     4772.3845018645
     4589.8699880165
     4407.3564919984
     4224.8433097936
     5056.2943843924
     4873.7797528990
     4691.2660380701
     4508.7527022494
     4326.2394277503
     4143.7262951324
     4975.1773969826
     4792.6627516081
     4610.1491040318
     4427.6363029922
     4245.1229280734
     4062.6094773279
     4894.0604514196
     4711.5458264428
     4529.0326078053
     4346.5191411676
     4164.0056711005
     4995.4565592456
     4812.9419948528
     4630.4288480248
     4447.9154159086
     4265.4018011264
     4082.8886502147
     4963.4842948611
     4731.8251944152
     4549.3113143695
     4366.7984199261
     4184.2852862635
     5015.7360866537
     4833.2212528510
     4650.7075299778
     4468.1946757183
     4285.6813472199
     4103.1680021872
     4934.6191891280
     4752.1043714781
     4569.5910233881
     4387.0775905642
     4204.5642513987
     5036.0154293827
     4853.5005364589
     4670.9866854828
     4488.4732694545
     4305.9600414686
     4123.4471742651
     4954.8986282719
     4772.3836052440
     4589.8696398307
     4407.3562761747
     4224.8434754827
     5056.2955465319
     4873.7805649603
     4691.2660359443
     4508.7525293972
     4326.2398589571
     4143.7271259056
     4975.1782245207
     4792.6636095147
     4610.1496234365
     4427.6362188816
     4245.1229472189
     4062.6102730029
     4894.0618690413
     4711.5468081144
     4529.0328586723
     4346.5194679030
     4164.0067875590
     4995.4584659900
     4812.9433787201
     4630.4295024435
     4447.9160369647
     4265.4027139807
     4082.8895878274
     4963.4851358896
     4731.8257818945
     4549.3122419256
     4366.7989878792
     4184.2862253841
     5015.7374876887
     4833.2223552722
     4650.7085107380
     4468.1947070345
     4285.6816198184
     4103.1687943248
     4934.6194861343
     4752.1047532262
     4569.5907328498
     4387.0775309794
     4204.5645203375
     5036.0154427018
     4853.5000319028
     4670.9869911326
     4488.4737426337
     4305.9597338899
     4123.4468062225
     4954.8978764873
     4772.3835574188
     4589.8692517473
     4407.3558037048
     4224.8428065626
     5056.2929642682
     4873.7788606165
     4691.2655623257
     4508.7521971752
     4326.2387320256
     4143.7256420936
     4975.1755752077
     4792.6617923802
     4610.1486469529
     4427.6358434769
     4245.1223149532
     4062.6085576913
     4894.0582399819
     4711.5448290130
     4529.0320772234
     4346.5184424275
     4164.0046089242
     4995.4541599897
     4812.9409417047
     4630.4283236423
     4447.9159990560
     4265.4025852996
     4082.8893994614
        0.0000000000
        0.0000000000
        0.0000000000
     1003.6989921480
  2511044.0045376746
  2440024.5237965733
  2314542.1973511381
  2161677.5146968798
  1972420.1931641763
  2429656.6625081021
  2246409.9099799520
  2064532.1132607441
  1888266.8335175035
  1696958.1630492804
  1535678.3026369635
  1987957.7459123186
  1822846.3225270207
  1662017.8061516725
  1486594.4908383433
  1347798.5353387645
  1803850.0422031730
  1649834.1645356829
  1508105.6086749609
  1378824.6679759212
  1257193.8165210555
  1137971.6562978080
  1575625.5141248745
  1440887.8303320601
  1313063.7880549927
  1189381.0899977027
  1067293.0796911737
  1489024.7477863021
  1379557.2604101719
  1254032.6027111954
  1138009.0107522428
  1028525.8291643678
   944179.4882185777
  1340254.9664376583
  1218502.8754480102
  1125336.0324306870
  1016792.7051851760
   931634.6753432663
   831626.3940768573
  1206607.1619349802
  1090852.3927508132
   997323.7259605365
   902291.1667005456
   793927.9234989180
  1146873.9732233265
  1045612.5961267829
   948809.8582052345
   858259.8463506869
   769545.1034772387
   681762.3715698872
  1005535.7989981871
   912423.1836231941
   825154.5707403751
   735501.1511191544
   641844.7507265860
   945939.2421833057
   852950.7346484114
   769910.4761671220
   690860.1533597910
   614858.1349868512
   538066.3788466504
   783464.3302677284
   705259.7504298828
   638612.9285033349
   571562.9312396484
   495364.8939340278
   736812.8505282415
   658492.5404054178
   587365.4243552303
   521273.6219548421
   454692.7071584793
   387281.0244384893
   560625.1662067133
   487891.4710532925
   434872.0620447297
   385076.5996055195
   332035.6375047285
   489442.0343958284
   429308.9667838058
   382579.3061215148
   343344.1252359218
   300783.8466032594
   255665.5408916174
   371873.3310678496
   316839.1396531916
   277979.2732788101
   251639.5908598359
   230777.9011958008
   200383.6217826395
   285288.0587941132
   241044.3512322429
   212868.0621279644
   188236.6906298762
   162387.7499117424
   226918.1178682411
   193835.0272582507
   170034.7761513361
   149451.3413209509
   129788.0579020387
   109055.3930611259
   145771.4302636185
   126416.2572575108
   114816.7769243304
   101741.6907026353
    84138.9863674554
   109302.6536336089
    95906.2416628404
    84029.5200024230
    73182.4973456914
    62564.5932437734
    53374.4424762555
    71230.7955479946
    64253.0353810044
    57232.0629530297
    49204.9211396053
    42719.5639258557
    52093.3728174450
    46373.8163498537
    41400.4333061208
    37129.2287094956
    33188.2413622132
    29124.4705631176
    33264.9672401246
    29439.9349020792
    25996.1092038839
    22610.6849061595
    19319.7304490826
    21141.1292710349
    20818.8315381024
    18081.7788099416
    15566.1942888998
    12783.5581533807
    12608.9582144200
    14704.9320829144
    12189.8012834985
    11904.3566452856
    10027.1311408417
     9886.6363732385
     8310.2936427307
    11174.2501203565
     9474.5270924996
     8964.3204682094
     8507.7500021512
     7141.1982336483
     9453.0333939365
     9007.0010328855
     8624.3332437415
     8309.4388899407
     8039.5194414075
     7767.9726298903
     9880.0632570208
     9605.8824985820
     9433.9875762961
     9246.4067947212
     8986.0836716099
    10639.0136164328
    10286.7346242837
     9720.7659764258
     8933.1454391639
     8053.6871544544
     7270.7262818966
     8515.7622244197
     7869.1304136401
     7227.5309828467
     6646.9309777873
     6183.4494385723
     7082.6732600564
     6631.2909778481
     6267.6894624823
     5916.7548469584
     5451.1538259718
     4776.3347353447
     5135.0565379614
     4779.8049029752
     4578.6608009922
     4405.8848059111
     4224.8478515775
     5056.3034130653
     4873.7870585477
     4691.2716312064
     4508.7568479496
     4326.2424838127
     4143.7287006321
     4975.1853531214
     4792.6691990158
     4610.1540180193
     4427.6398153420
     4245.1252385003
     4062.6114904368
     4894.0679898387
     4711.5518116748
     4529.0369002015
     4346.5219323366
     4164.0078245460
     4995.4630736973
     4812.9470444700
     4630.4323790565
     4447.9177048981
     4265.4035843117
     4082.8901399861
     4963.4909665158
     4731.8302734662
     4549.3147260808
     4366.8006733124
     4184.2868681307
     5015.7418286372
     4833.2254994341
     4650.7102968986
     4468.1965785680
     4285.6827976093
     4103.1693015703
     4934.6250255563
     4752.1085884327
     4569.5937730269
     4387.0794401361
     4204.5656250155
     5036.0205258995
     4853.5041653088
     4670.9889194069
     4488.4747514706
     4305.9612400470
     4123.4482509782
     4954.9038459795
     4772.3872619986
     4589.8719074554
     4407.3577678128
     4224.8445846969
     5056.3003521713
     4873.7840558293
     4691.2682389109
     4508.7539816076
     4326.2411826223
     4143.7282916325
     4975.1833060222
     4792.6671974779
     4610.1518615258
     4427.6379241187
     4245.1243983256
     4062.6115944323
     4894.0670009319
     4711.5505439771
     4529.0352537545
     4346.5212811469
     4164.0082919560
     4995.4633571811
     4812.9468326151
     4630.4317504475
     4447.9178104338
     4265.4044010947
     4082.8911347445
     4963.4907390185
     4731.8294264712
     4549.3146034393
     4366.8008786461
     4184.2878692140
     5015.7427169054
     4833.2260442749
     4650.7109684877
     4468.1965418685
     4285.6832991075
     4103.1704233807
     4934.6247322966
     4752.1081698070
     4569.5928151286
     4387.0791769797
     4204.5659475597
     5036.0203969874
     4853.5029339067
     4670.9886381934
     4488.4751212815
     4305.9610136352
     4123.4481169913
     4954.9029559192
     4772.3865192740
     4589.8708312658
     4407.3570466393
     4224.8441088356
     5056.2976781805
     4873.7812676164
     4691.2667032429
     4508.7531329477
     4326.2398918543
     4143.7270845411
     4975.1806469682
     4792.6642008017
     4610.1498240181
     4427.6369219363
     4245.1236160909
     4062.6103305302
     4894.0635668946
     4711.5472430108
     4529.0333729446
     4346.5198189304
     4164.0064994303
     4995.4594395425
     4812.9432859858
     4630.4295980973
     4447.9160380159
     4265.4023057094
     4082.8895544247
     4963.4876780930
     4731.8264750302
     4549.3119108516
     4366.7990537878
     4184.2863625758
     5015.7389242226
     4833.2224115048
     4650.7081063246
     4468.1952287523
     4285.6820130709
     4103.1689626326
     4934.6220894404
     4752.1056077737
     4569.5917099947
     4387.0782820029
     4204.5652589430
     5036.0182873382
     4853.5016889838
     4670.9871526158
     4488.4735587334
     4305.9604850403
     4123.4481963662
     4954.9016163204
     4772.3847999380
     4589.8700988258
     4407.3567549900
     4224.8445951402
     5056.2989056908
     4873.7820348124
     4691.2665564040
     4508.7528645464
     4326.2406971293
     4143.7285172636
     4975.1814793689
     4792.6652809142
     4610.1503895043
     4427.6368994983
     4245.1237629267
     4062.6118313146
     4894.0653325061
     4711.5485797866
     4529.0338482719
     4346.5204732593
     4164.0086124308
     4995.4621556757
     4812.9451321281
     4630.4305443661
     4447.9169330502
     4265.4038049369
     4082.8911421535
     4963.4889449256
     4731.8273172890
     4549.3132570103
     4366.8001402328
     4184.2879845237
     5015.7409236701
     4833.2239455674
     4650.7095562087
     4468.1954731818
     4285.6826449860
     4103.1703737535
     4934.6224581521
     4752.1060101294
     4569.5913984364
     4387.0783542954
     4204.5658750373
     5036.0181102608
     4853.5008219912
     4670.9877266521
     4488.4744523336
     4305.9602242096
     4123.4477472533
     4954.9000911194
     4772.3845129909
     4589.8696319205
     4407.3561777601
     4224.8435695425
     5056.2945248642
     4873.7794584618
     4691.2661786441
     4508.7527106876
     4326.2390682930
     4143.7262210970
     4975.1768156861
     4792.6624260334
     4610.1494102587
     4427.6367460181
     4245.1228249233
     4062.6090323775
     4894.0592267858
     4711.5455555216
     4529.0330339798
     4346.5188916758
     4164.0049039595
     4995.4549492123
     4812.9417218707
     4630.4294369330
     4447.9175078992
     4265.4039803007
     4082.8907808231
        0.0000000000
        0.0000000000
        0.0000000000
     1003.6989921480
   701284.0157750439
   586591.7073732931
   517381.0955391889
   471257.8594946526
   414056.3298010859
   796947.7940956159
   721248.1974447680
   661547.1950645084
   602739.7989800104
   522809.2149702933
   454501.0491913014
   831572.4340681174
   729266.0948822708
   649370.8694065521
   560311.9263227414
   495162.6650522222
   898941.6736913043
   811730.3786299546
   740947.9709511372
   681008.0278291594
   625399.4148213587
   567432.2042602375
   987428.4355853966
   893601.1826372657
   811365.4865253984
   737990.6215505075
   665933.2389008534
  1097065.7779972642
  1014887.7915811489
   929510.3460955850
   853354.2001071178
   781875.3008406191
   724645.2412347768
  1153061.0595864772
  1057261.9306176521
   982011.6747983595
   899272.1035543317
   832837.8991025493
   752003.1826921051
  1174591.9789829140
  1073194.5254274090
   986459.6731746212
   900565.3762415291
   806641.0607945713
  1213553.4173554091
  1112611.2724818934
  1015324.7087396944
   926414.8799361890
   840946.4550495070
   755386.0697408851
  1153273.0545835802
  1049872.1704713516
   955881.5980247665
   865669.0867019744
   774198.3393883131
  1164677.2125202685
  1066581.7579247681
   976446.9371819473
   882845.2193120942
   799940.5819046047
   714149.1291896708
  1076378.9599185765
   984247.8840439990
   889103.6675616208
   803155.5987306081
   706879.2669064176
  1073502.7955318673
   972376.7450082678
   876864.6306833938
   794588.7605947002
   706509.6554407000
   617935.9727010356
   956128.0169251122
   858484.8108782439
   771275.2925985559
   692141.6622238951
   609620.8385712388
   934562.4007458129
   835659.1258278280
   751743.7004297633
   675824.7245574342
   599884.9603245399
   521441.9105946957
   815202.2169231160
   727419.6853408442
   658670.7557801610
   605700.0692571087
   549227.6540066554
   484979.4357522628
   718228.1757355931
   628676.1960394728
   557698.0673082231
   482394.5486744804
   420367.2384033515
   659543.8048394239
   586311.7887132841
   530338.7869931908
   473686.6424467194
   424781.1945776884
   368868.2823286108
   573921.4407315451
   489065.5523175007
   431771.5551378923
   395839.1133977975
   345567.5314074072
   526220.5626086486
   466777.9457949224
   422406.7317460479
   380353.0561594741
   309471.1329078136
   272142.9862140988
   393214.2840994582
   349791.8981584007
   321811.8992368395
   271176.1481806961
   238412.3702662946
   317527.2981668814
   275868.1025305917
   245364.2228252603
   215402.7287065729
   186791.2725984911
   165911.5543162817
   228631.5335394249
   209009.1568114805
   184878.6508978334
   159291.6959253395
   129298.8157000545
   161470.0905536909
   156310.1531695692
   137028.9823975334
   116718.5583700728
    92701.7128060539
    90016.1415962249
   120912.4067132052
    97772.9165504761
    93042.2837850176
    72126.7445684903
    66121.5840467453
    48109.2706199395
    76518.0905062298
    59459.9610072954
    52372.5336616959
    45273.6871146551
    33592.1929138929
    54836.1160319042
    47228.9386620514
    40060.7466817705
    33478.9741206614
    27504.1832131195
    22373.8516452895
    40764.4632929758
    34999.6096257240
    29576.0006178812
    24376.0898098939
    19962.1210348670
    34799.0275901873
    30149.6801780280
    25804.7789101130
    22045.6142367381
    18591.1900560910
    15508.7025570149
    26330.9981837899
    22724.6890181786
    19335.3600724102
    16155.4645856375
    13421.9056080570
    21258.1412525593
    18350.1303936832
    15682.1291256116
    13321.5588814770
    11299.0642751746
     9486.1911352891
    15429.1963031600
    13359.2032494655
    11579.1254805277
     9991.7146267330
     8574.7573100547
    13172.5007630938
    11695.1093483162
    10356.9402762399
     9204.9343223988
     8157.9185891035
     7213.7790716734
    10612.1565767655
     9549.4502609462
     8594.9347743799
     7761.1324672679
     6971.2304096952
     6162.0975078454
     8334.9853349290
     7401.5769999429
     6581.3810407146
     5881.4167897712
     5301.3852468598
     7247.1261004331
     6681.6679006332
     6199.5472935088
     5755.3331954131
     5341.6225249863
     4959.4366888068
     6743.0811805403
     6257.7873082365
     5880.7884846489
     5559.4344156775
     5267.9655273966
     6819.5654830606
     6449.5503803957
     6104.4095555501
     5792.9856684587
     5522.0487928921
     5289.3068731670
     6400.5223327711
     6155.3910665231
     5875.6345370135
     5577.1208832164
     5283.2636763127
     6000.1695873818
     5654.6260209114
     5261.7379246911
     4905.1423140532
     4632.0823336068
     4373.0649184518
     5133.2619254103
     4902.6852686431
     4666.5450470566
     4465.4740408524
     4288.2824410132
     5118.7205016571
     4925.4727956362
     4730.8653295089
     4536.8228771296
     4346.7281229494
     4154.0913213072
     4975.7406219763
     4791.1481060911
     4608.9409630544
     4427.5827190237
     4245.1282608219
     4062.6148062990
     4894.0737267773
     4711.5573066779
     4529.0409931040
     4346.5255145643
     4164.0117994606
     4995.4698688916
     4812.9527487206
     4630.4368672664
     4447.9218114322
     4265.4072579574
     4082.8930800556
     4963.4967306406
     4731.8346579924
     4549.3191063620
     4366.8043208382
     4184.2903839803
     5015.7483744085
     4833.2313323988
     4650.7156149435
     4468.2000707318
     4285.6858172278
     4103.1722793587
     4934.6304903109
     4752.1134646841
     4569.5970405597
     4387.0821053743
     4204.5677391607
     5036.0251715082
     4853.5071825911
     4670.9918986484
     4488.4772289699
     4305.9622039846
     4123.4488597483
     4954.9077459356
     4772.3907894606
     4589.8737948111
     4407.3586859731
     4224.8449411953
     5056.3016461998
     4873.7846734080
     4691.2689160956
     4508.7542758876
     4326.2404659273
     4143.7274937705
     4975.1850133275
     4792.6677200195
     4610.1520148413
     4427.6380903730
     4245.1242627962
     4062.6108156523
     4894.0678072358
     4711.5505998831
     4529.0354059785
     4346.5208510536
     4164.0070359959
     4995.4630797750
     4812.9461528795
     4630.4313197561
     4447.9169795975
     4265.4028186893
     4082.8900144725
     4963.4919734734
     4731.8294925989
     4549.3136127547
     4366.7999746214
     4184.2869488699
     5015.7424617687
     4833.2250469943
     4650.7095654977
     4468.1961106833
     4285.6826148099
     4103.1693628872
     4934.6258809584
     4752.1084437270
     4569.5933825571
     4387.0791724858
     4204.5656652188
     5036.0217499696
     4853.5042732554
     4670.9885026757
     4488.4741876177
     4305.9608478893
     4123.4485216111
     4954.9053524549
     4772.3875700392
     4589.8715289887
     4407.3573821478
     4224.8449428733
     5056.3026911757
     4873.7848920796
     4691.2679915484
     4508.7535149846
     4326.2413296288
     4143.7290773778
     4975.1854503202
     4792.6684300312
     4610.1520307923
     4427.6378733653
     4245.1243865776
     4062.6125908901
     4894.0694142209
     4711.5517804397
     4529.0356007387
     4346.5214665920
     4164.0096352144
     4995.4663122108
     4812.9481060485
     4630.4321813828
     4447.9179593166
     4265.4046956040
     4082.8920360713
     4963.4935218590
     4731.8301684333
     4549.3148478766
     4366.8012394444
     4184.2890809172
     5015.7451064221
     4833.2267237791
     4650.7111556921
     4468.1963324210
     4285.6835057212
     4103.1715250980
     4934.6264227810
     4752.1083903928
     4569.5924675728
     4387.0791766767
     4204.5667568278
     5036.0217419290
     4853.5024875251
     4670.9885316031
     4488.4751330594
     4305.9607208278
     4123.4483970760
     4954.9032511740
     4772.3860689565
     4589.8701403663
     4407.3565708637
     4224.8441387300
     5056.2969117492
     4873.7803910153
     4691.2666454930
     4508.7531236971
     4326.2394602701
     4143.7267134620
     4975.1786922799
     4792.6631666898
     4610.1499938617
     4427.6374923954
     4245.1234256780
     4062.6094716060
     4894.0605646243
     4711.5462242833
     4529.0338105241
     4346.5194147901
     4164.0051965255
     4995.4558263594
     4812.9424051406
     4630.4303970086
     4447.9188994807
     4265.4051836920
     4082.8920191325
        0.0000000000
        0.0000000000
        0.0000000000
     1003.6989921480
    74610.4115634836
    72120.0545473148
    60501.4250295058
    45816.5972280402
    33703.4987734822
   215804.4221904519
   199841.0623841406
   187459.8974966510
   170130.4875655604
   138235.6429679935
   102006.3865366519
   363730.5962492487
   302335.0266974436
   258545.4135676341
   207243.3025718362
   161450.6590212964
   470230.0977865969
   397735.0008362253
   345782.6334142739
   304429.5865096839
   265947.3624656613
   220681.0292903625
   561248.4774968928
   475011.3255157188
   397651.4732973757
   328500.6553253742
   260663.3310777264
   617045.8353255033
   533886.0619984651
   457774.6656259080
   389921.1029944032
   328320.7799710333
   268553.9602385418
   633655.2809741495
   545995.6777822918
   467913.3685397927
   395069.1760887101
   331578.6553379505
   263201.8225008901
   624489.8549051782
   531193.1172209715
   440020.3961431384
   359593.7136116526
   283106.1976617139
   654341.1759856625
   559441.5838713034
   472856.9693525664
   400248.1983783934
   335896.4021224233
   273910.5301960706
   657196.1823749652
   565003.2058674879
   478974.2774082684
   395934.1960937674
   317468.6925745987
   703566.7805578720
   624485.7651143620
   553938.5720638139
   469583.4840719880
   408501.9235864328
   350645.8248899872
   719898.7672718440
   656455.4032103178
   570117.7884831632
   497278.5103296245
   404375.0750870725
   788366.3068819266
   699913.8883893071
   619017.4717520667
   556414.2880589584
   484851.9706673570
   408936.8002141006
   768127.2631464879
   704341.5803550656
   630731.7352061870
   555164.4719179447
   456970.3073151395
   801135.2684552784
   715885.0513607544
   649121.4079206046
   577687.2873043340
   509336.6444629859
   438169.8971622186
   816501.9041697884
   741400.9583099949
   670574.6682879309
   609992.7528424051
   544268.8502218631
   473569.0198882221
   780518.3417727704
   699057.5738497707
   637191.4165423126
   558366.2597718590
   497467.7995519348
   801224.3904347144
   726648.2757597232
   668787.1501757426
   601125.6936810467
   565694.5763905250
   519361.5232530233
   799627.6515305771
   687777.9332858394
   632710.0977891305
   590147.8949066764
   510260.9173227858
   751395.0573473937
   685542.4388307228
   616803.2042821681
   557435.2223266462
   489033.1393688262
   454511.6942290305
   655615.3663425022
   591405.5936781320
   537100.0434892606
   458076.5934653548
   409120.4055544324
   565893.8295830280
   509046.4906153507
   456961.2649536040
   408242.2447915995
   364940.4987825074
   328318.7443124481
   475425.2500371069
   426214.9543564743
   387625.3169290881
   346889.2778241071
   298776.9085128427
   422142.0104039341
   395177.1116040485
   339429.5919394637
   285273.6791438330
   227653.5484408362
   209697.4952674780
   340027.9794200346
   282399.9136929528
   261362.1117633556
   214494.5462165103
   193897.1906225931
   147882.7445467169
   261871.3309357744
   208114.5303586988
   185653.7777715535
   164521.0497178471
   124281.7960146082
   204273.8203722999
   168560.6555512701
   145598.3949524091
   128605.2443259413
   112409.3670915884
    95179.9525746005
   165598.1481306719
   139490.2596904434
   119901.2251935207
   102809.7889306878
    87034.5991145479
   144010.9457435452
   122743.1939260983
   106070.6920665674
    92754.8994954207
    79665.5496660812
    66233.4208138625
   112090.8790688059
    97447.9512750206
    85982.1020515240
    74282.7975023693
    61633.2105513405
   105361.3482520796
    92498.5191410437
    80868.9073167836
    70139.2396609326
    59796.9789476142
    50170.9169037675
    84998.7894587962
    74315.6131801379
    63250.4517028175
    52378.1435715069
    42485.7340031657
    70190.2373000311
    59694.2471113038
    49970.3758362992
    41723.3794356403
    34537.8415331843
    28412.6097440487
    51454.1841889337
    45573.2601467061
    40296.3119001356
    35627.6318558035
    31149.9318797430
    27121.3223586515
    46584.2176299036
    41139.4404447183
    35331.8759113925
    29414.6076026742
    24192.3078810569
    36798.7221821798
    31107.4219584972
    26077.2490232976
    22112.0598019703
    19229.8881218964
    16955.3334331515
    27904.9539888857
    25221.0971720095
    22833.6684841401
    20429.3650556224
    17913.5076298343
    25395.8239325544
    22825.7738577695
    20379.9079268239
    18196.0544893254
    15996.7973631818
    14118.3742169429
    18617.2466928261
    16610.7120407442
    14844.5330416451
    12865.9589196776
    11344.5480851223
    14017.7174292085
    12590.0962527270
    11364.7051428852
    10369.1576552383
     9556.6462507101
     8804.9232689240
    11175.4453377431
    10369.5587558861
     9653.4361182971
     8992.5741625868
     8307.3870783349
     9720.5427881212
     9142.0914035039
     8389.0376641890
     7720.1271431310
     7114.6468283142
     6677.8249200573
     8176.0033722576
     7728.4916274082
     7502.3932838904
     6957.9403430797
     6610.6366807570
     5957.2407838172
     7337.8537316651
     6684.5718366932
     6275.9806025479
     5886.0124074349
     5334.1206864548
     6354.9787053286
     6001.3837023651
     5711.0042987793
     5452.9492811277
     5215.1728784348
     4996.7695444642
     6112.9450881305
     5869.7586774241
     5669.2398833085
     5459.6923103496
     5230.7270809608
     6185.0355007352
     5899.1360671066
     5542.3810440205
     5156.7224694306
     4797.7047434790
     4393.3678926644
     4952.2192257678
     4666.3453752517
     4516.4235893079
     4366.6821529798
     4212.0781091635
     5040.7350671304
     4840.5855153004
     4643.3575069698
     4480.9936587057
     4305.9609775395
     4123.4512262673
     4954.9176908535
     4772.4003181875
     4589.8825616958
     4407.3663890537
     4224.8510835648
     5056.3112932738
     4873.7935584452
     4691.2768277002
     4508.7609526690
     4326.2456440676
     4143.7309718744
     4975.1926698922
     4792.6751814016
     4610.1588749481
     4427.6438742143
     4245.1282461242
     4062.6135254147
     4894.0753556090
     4711.5577996088
     4529.0418034391
     4346.5256093768
     4164.0103108562
     4995.4703293269
     4812.9527151416
     4630.4369516420
     4447.9210586717
     4265.4057844985
     4082.8913629434
     4963.4980663525
     4731.8356409255
     4549.3189976913
     4366.8040654200
     4184.2889344397
     5015.7481380049
     4833.2304007029
     4650.7141086530
     4468.1996078097
     4285.6845837115
     4103.1700082500
     4934.6307880305
     4752.1134957971
     4569.5980848155
     4387.0823768964
     4204.5670977746
     5036.0259284402
     4853.5087453705
     4670.9925471835
     4488.4770225418
     4305.9622767193
     4123.4485661764
     4954.9091523616
     4772.3921200060
     4589.8756961943
     4407.3599950371
     4224.8456594038
     5056.3058947345
     4873.7891604202
     4691.2719762257
     4508.7560634400
     4326.2424166001
     4143.7290650605
     4975.1890782287
     4792.6729502257
     4610.1561019524
     4427.6405939458
     4245.1256446700
     4062.6127366056
     4894.0731003553
     4711.5563550312
     4529.0394094119
     4346.5236498722
     4164.0103979750
     4995.4699479676
     4812.9524765181
     4630.4356796136
     4447.9200901965
     4265.4057457872
     4082.8924051227
     4963.4980284516
     4731.8346561348
     4549.3181738054
     4366.8030835890
     4184.2899157818
     5015.7493185976
     4833.2312050947
     4650.7145263815
     4468.1979829089
     4285.6843125910
     4103.1723237787
     4934.6310766907
     4752.1126649641
     4569.5949266047
     4387.0804169642
     4204.5673497819
     5036.0260681568
     4853.5057721331
     4670.9901035696
     4488.4760535255
     4305.9612203008
     4123.4489203359
     4954.9073156819
     4772.3888596723
     4589.8712747098
     4407.3570399787
     4224.8446892507
     5056.3001534172
     4873.7820419092
     4691.2672466773
     4508.7535248275
     4326.2398952643
     4143.7273108558
     4975.1812513921
     4792.6642099015
     4610.1505684559
     4427.6382376125
     4245.1240323936
     4062.6101007495
     4894.0622514725
     4711.5469281472
     4529.0346053484
     4346.5199506095
     4164.0056347317
     4995.4568152435
     4812.9431369865
     4630.4315176317
     4447.9204274027
     4265.4065609199
     4082.8934417578
        0.0000000000
        0.0000000000
        0.0000000000
     1003.6989921480
     7119.2205240929
     6717.1161368987
     6122.7133316285
     5378.8498387121
     5127.0266811228
    45370.7955569147
    39987.8986305133
    36797.7336723381
    32008.5171200622
    23304.2892046490
    14501.8055306756
   105839.9820027928
    75625.5653410166
    58884.9947622307
    41677.0491237654
    27987.7642617817
   172017.2834050017
   128881.8320368999
   103452.7889552288
    86472.9568915485
    71233.5589602639
    51372.1674903931
   236194.4717224008
   176347.2281603013
   134411.2855623410
   101584.7220869129
    71941.5531673807
   280450.2709940405
   216364.0726079066
   170232.7213021890
   138174.7302980344
   112211.3194852465
    85483.9441139435
   323962.2535750050
   256552.7170201595
   205708.7610569052
   166766.0248660501
   136875.0608497419
   103160.3185024767
   361760.4108381885
   286108.5492135114
   222248.4387060447
   172862.4180581504
   127653.9449279997
   405544.4265033971
   329345.0511690735
   265323.9041873409
   221220.5948700287
   186526.1545720457
   151744.2616197860
   453474.9800645039
   376526.8534384899
   308104.0690939032
   253532.7033457675
   207836.7580486323
   521177.1523322607
   454068.8707145870
   398882.1287223869
   344078.0060598046
   313609.9603553242
   287485.0455142249
   606602.5618928930
   550646.8094784544
   470676.7009812637
   418218.9822084956
   362352.9421040291
   698437.3680113869
   614767.9737091403
   535569.3965362799
   480777.8294431774
   422879.1788158821
   381783.3942314116
   689140.4182939106
   646100.2623827518
   577315.9580901744
   505498.7267644017
   455260.3348081429
   753558.1802847646
   677808.6032404953
   606578.6213153683
   546688.3990196189
   491989.8453584404
   438332.6228516692
   731492.0031688797
   670748.7017313608
   604419.9072542873
   548606.3982131721
   480464.5950545506
   433230.1272406685
   680348.9662647872
   616159.9889578281
   560939.9493059268
   491201.2990009055
   442699.1068203088
   690148.3335621436
   636775.7851538955
   586444.1811391888
   541802.8993695757
   522982.9462424087
   502578.7592112236
   763394.2466530711
   655552.9788148239
   592233.8304295350
   562764.8642435969
   504057.5333055827
   753022.2452200474
   695419.6613051362
   650809.8868869219
   604098.1546852048
   526071.2791216143
   474279.8393029243
   678730.6582286971
   588129.1626909353
   537978.0229422920
   472114.3117812279
   438690.2172716935
   667520.1531782888
   595588.2016847116
   527302.6550133984
   455312.8650628192
   385043.3743517857
   337635.8834073770
   554748.5647386892
   490123.0208438621
   423305.9165816057
   358069.2462122524
   300804.8671175173
   510340.2769728224
   462348.6626001140
   415312.0445785750
   374264.7500239715
   328538.3388643907
   303407.5460148698
   512615.3035039288
   456332.7254879244
   413222.0368958764
   356426.5171037875
   310256.8149207858
   253716.0841985021
   424796.2094629366
   356014.6321872494
   310602.1259590177
   266266.0921793762
   214452.0943384545
   366319.4869205763
   317735.6090073075
   277899.7394438365
   247163.0508098829
   218985.8794895524
   190925.5481915365
   333830.1945326932
   293934.6442080516
   258284.7629571113
   222439.2304797418
   185835.1933250007
   308802.4775423387
   261731.2260769568
   221533.3180818866
   186762.6567137476
   156383.9025123488
   127423.5704535725
   231119.6932397418
   200279.2136465949
   174567.2296869144
   151350.0467396869
   126566.9037345499
   232939.9474758393
   203663.2574855263
   177840.3127256610
   154967.6592251843
   130455.9498301695
   106685.8116994473
   190124.8535589594
   169010.6844233017
   147848.3923456670
   124351.2750676572
    99730.8675538062
   176006.9781361225
   149855.1763862930
   126610.4124806625
   106714.1555486060
    89899.7026175554
    74274.3955728567
   142704.0668788847
   125124.1739782060
   109386.3143084885
    93693.1930576169
    78228.6602736330
    65560.0195209934
   122326.1546180350
   104786.7098002601
    88244.7081422353
    72617.3334626386
    61802.0462985432
   106938.2860700115
    94590.3066798427
    82481.6172597061
    68604.4989683022
    58806.7444196539
    49713.8323547068
    82940.7778335925
    72669.1935250978
    64805.7927786790
    57747.9938101169
    50700.6827481885
    79026.0792908871
    72536.9707286537
    66606.4857654739
    60089.7734509535
    52345.9698262727
    45688.6430695491
    64658.4897763540
    56810.3531356714
    49566.0945138291
    42277.6091779826
    37982.7517917662
    52331.1547804767
    46112.8924231560
    40972.6911241128
    36406.6165399271
    32227.3650973619
    28571.9073301707
    38691.9855512317
    34443.2636668899
    30955.7284997212
    27754.4959995779
    24443.7217147819
    31183.2393432294
    29399.8734419786
    26045.7667462291
    23043.3610600770
    20143.0924782188
    18939.6159358010
    24695.4710338877
    21720.4948928516
    20435.0870451864
    17696.1349159308
    16582.3878866161
    14114.0546175095
    19410.2693143771
    16626.0773830449
    15141.4702263524
    13672.3777161225
    11411.9317642812
    15673.2439952816
    14359.1259655040
    13160.6631165502
    12101.4317343151
    11148.2834785817
    10254.5398979990
    14409.2886849260
    13370.8433374299
    12364.0784130604
    11364.5590221551
    10373.2630954161
    14003.4986624836
    13086.3807835249
    12194.4085812832
    11365.9880280958
    10448.4636516565
     9538.0464104405
    12544.9073669058
    11529.9392636912
    10479.3617442943
     9412.2744014809
     8329.4424261132
    10573.8361052760
     9545.8517197431
     8631.5380100012
     7834.7467239429
     7161.1149408745
     6559.6884846916
     9023.5171676335
     8313.1306885625
     7593.0226575058
     6919.7735293675
     6316.5367584657
     8545.0453358107
     7873.3451226520
     7272.8964568643
     6745.0113836082
     6256.9759876214
     5786.9130015398
     7757.2723361252
     7155.6111753742
     6576.5967718488
     6044.6717558023
     5565.5420152445
     5146.9378075090
     6530.7291260621
     6119.0176198185
     5729.1886774670
     5374.2612741754
     5041.9255195927
     6157.1670341349
     5857.1721411791
     5563.4254224972
     5268.0402066639
     4979.2030882495
     4715.3481525946
     5702.5745878632
     5434.0460270286
     5220.9625916195
     4992.6588493426
     4769.6367183396
     5633.4451678511
     5453.4689082546
     5270.0857034734
     5098.5321601459
     4948.7876652575
     4758.6839477641
     5514.3770111421
     5096.5997248864
     4655.9858639466
     4365.9332424249
     4191.0917222002
     5036.0401374858
     4853.5212186708
     4671.0031058264
     4488.4859172740
     4305.9694581375
     4123.4537722193
     4954.9185742907
     4772.4001193646
     4589.8825095369
     4407.3657876094
     4224.8500548927
     5056.3144050626
     4873.7959868571
     4691.2780272320
     4508.7611701238
     4326.2463152487
     4143.7313487801
     4975.1956707071
     4792.6783175049
     4610.1606147211
     4427.6448348163
     4245.1289599575
     4062.6149196967
     4894.0788453872
     4711.5612797024
     4529.0436269160
     4346.5271305740
     4164.0128390307
     4995.4754222215
     4812.9571425768
     4630.4398670157
     4447.9235957138
     4265.4082336405
     4082.8936112787
     4963.5028949356
     4731.8387724088
     4549.3220450959
     4366.8062699423
     4184.2918550128
     5015.7541342812
     4833.2356978488
     4650.7188202225
     4468.2010271227
     4285.6862341304
     4103.1733401345
     4934.6356038618
     4752.1173654408
     4569.5986641796
     4387.0830076561
     4204.5683360425
     5036.0303997440
     4853.5097929712
     4670.9928442377
     4488.4777828550
     4305.9619927773
     4123.4492040409
     4954.9116596434
     4772.3927390074
     4589.8734101803
     4407.3579420612
     4224.8450427774
     5056.3039012326
     4873.7846070990
     4691.2683221385
     4508.7539834931
     4326.2402533710
     4143.7276893674
     4975.1845364788
     4792.6658462063
     4610.1511588694
     4427.6388702594
     4245.1244898701
     4062.6106723471
     4894.0643881014
     4711.5477370418
     4529.0352789928
     4346.5204107069
     4164.0060794837
     4995.4578669475
     4812.9437159265
     4630.4325357768
     4447.9217821140
     4265.4078330985
     4082.8947248081
        0.0000000000
        0.0000000000
        0.0000000000
     1003.6989921480
     4977.7065057842
     4802.2170792802
     4570.7385391425
     4303.6740770968
     4136.4746151894
    18441.5609238157
    15181.7547144622
    12804.4136879585
    10625.1289061756
     7832.4571188467
     5774.4144083179
    36048.1601612087
    25833.2242056855
    20364.9198077780
    14417.6974776990
    10113.0930616135
    65636.6318716992
    47649.5343647042
    37827.0756003774
    31158.3993909379
    25156.5486081708
    17796.3201075516
   104472.1180969368
    74502.6618534919
    55653.3484623325
    41628.2094097927
    29073.3185980785
   146107.9093962503
   107841.9614699703
    82737.3929493623
    65851.9327997980
    52234.1507933756
    39601.3116179662
   187202.1332853976
   141068.3028843325
   109500.8639017169
    87298.0230314409
    70852.8443402742
    54410.2211772525
   223449.4851164191
   171005.0024589555
   132110.2606025539
   103801.9299937789
    80278.5517274006
   277411.6448988044
   223185.4510021365
   183715.0478402381
   158082.7839828006
   138775.5699127807
   122006.0261891549
   358075.2783869289
   296076.5766622309
   255577.3026763515
   225575.2333071505
   202740.7693508775
   457672.1314769062
   405994.4578484182
   366432.7962571488
   328128.7536564262
   314087.5878240918
   305823.7212703560
   577736.5520370705
   533621.9593530644
   471210.0556361497
   439854.8683456359
   400171.3769590775
   668980.3717040234
   602888.2324433206
   547784.0837614960
   507356.7209567039
   462917.9855976413
   432513.7628690807
   694520.5016368572
   650654.0471173268
   593128.9384549973
   537229.0346261556
   495257.1439365335
   752277.6725943072
   693047.1958360226
   635016.9162939037
   582758.3088325809
   541177.1946765276
   509606.4042234545
   762262.4410279260
   719964.2368390365
   669389.0267146647
   635031.0115325761
   581573.2859169811
   531688.5725867396
   754357.3414172854
   700682.9003170610
   652571.3761967547
   580209.2371191487
   534997.2378280949
   775888.7707031032
   737165.9151505379
   702770.2739293567
   640161.0550694569
   599460.3746829036
   562722.5386324233
   812149.7249356593
   756468.1575657522
   716031.4486637183
   659345.0807856157
   566681.4096131816
   805313.9797244109
   730789.3006051935
   668588.1361002051
   604793.7822809347
   502015.7703465766
   425248.7263866698
   619336.8489765351
   534849.9898533227
   484140.9212410362
   405334.2835687482
   356436.0379119567
   595103.7755670919
   539780.6038818277
   490027.9364931891
   437134.1629109785
   386124.9484223632
   335001.6726154328
   566364.2691752091
   490647.6368464297
   424352.3609892354
   362112.7586066652
   304471.3989154479
   544287.8788415425
   472849.7279409693
   407627.1566236037
   353157.4373886433
   308220.1883609868
   269739.0808371665
   513522.0026201751
   459511.8213302888
   404646.9293868767
   355055.1389722665
   305542.9135457199
   257252.9744849217
   471873.9841734331
   407076.4712569209
   346899.7278322943
   295436.0975756356
   250348.3447247701
   459901.8815341970
   398730.6477550223
   341826.7157935224
   289972.7045199762
   240661.1438038753
   193355.1650063822
   381570.9396746135
   317000.4135431153
   259385.6091546513
   205983.7156963638
   160681.0595042890
   345122.8964618708
   294158.2391767036
   246066.1219326179
   203424.8675857982
   173417.0388472644
   146975.9528956504
   308682.5505127445
   267844.1577479329
   220841.8072063162
   180738.9448134351
   139509.6514736097
   287488.5824065833
   237607.1851358993
   194817.0542989595
   165533.5178158967
   139420.4566700426
   117061.2146204868
   251928.1290139258
   218145.4694701450
   176483.4526528697
   143054.1539444342
   114850.8911910012
   240925.2727926176
   206105.2571992636
   174029.1561418581
   148789.8005318348
   129597.7255064348
   113716.5298687548
   237631.6689682756
   208386.0901721547
   184742.4499050711
   166848.9164198246
   147302.0048178718
   131780.1758583094
   216704.0694907632
   185822.5983384286
   159438.6494177949
   131200.6160511105
   112886.6220572918
   185881.0358354267
   164486.6408573636
   145052.1854219297
   123910.9155951032
   110751.9742371092
    99735.0812988036
   164248.7027557943
   140133.2124227503
   117567.1540463897
    97196.4454069671
    77573.4584767039
   121616.0651608296
   106974.2724920260
    94100.8311781044
    81951.7862730138
    71154.7430281898
    64272.5245673235
    99792.7132127371
    89137.6224789307
    77787.6836520040
    66530.2616844568
    59359.0667709328
    88201.5329271776
    80309.8974883416
    73982.6408635521
    66298.9618160003
    58774.2959583940
    52076.4322709915
    72638.0244518124
    65001.0996686448
    58582.0266966507
    53273.0480112450
    48857.2487325708
    68483.8980116122
    66062.7918980045
    59772.6761059304
    52572.9159384630
    45341.1875968918
    39966.5405267846
    53627.2418626851
    46942.2792975574
    42984.4715427116
    37972.0285786762
    34593.0775963220
    29563.3613912010
    44439.8563674054
    37444.9360656968
    32477.2894739259
    28131.1354785302
    22858.9699185854
    36905.6092900179
    32091.3046707904
    27869.8140819702
    24307.4488409900
    21208.2605602872
    18241.0678519409
    31804.8469533510
    27696.5858885472
    23759.9511731324
    20281.3352660283
    17105.5513701941
    29495.9842464201
    25860.9813396620
    22599.1043000167
    19855.7500222591
    17464.0682725321
    15174.1201658937
    25935.2744077533
    22946.6005235788
    20050.2322914680
    17264.1898038650
    14673.8968934686
    23817.3175371922
    20989.8521591528
    18325.6613950513
    15913.5586529683
    13784.6119839679
    11887.6012670180
    20031.7513394878
    17722.1236426169
    15534.8541499406
    13486.5519343732
    11516.0430535391
    18618.3241220403
    16348.9959783976
    14316.2115481039
    12627.7535942269
    11177.0208033982
     9827.8159742388
    16678.5498060567
    15034.9575147735
    13491.3393121531
    12109.6337883093
    10801.0397249918
     9527.7890500953
    15141.9713241426
    13515.1104351479
    11933.6102392251
    10513.3290734249
     9184.3763549597
    13595.5227770876
    12270.6375002206
    11117.7450224643
    10171.2034290764
     9403.1748768800
     8656.2574714275
    12581.4884549622
    11520.4345665001
    10374.6640486394
     9137.7232647029
     7842.7121925225
    10329.0768860666
     9309.9008961567
     8433.9148821592
     7747.6707569409
     7044.0912479756
     6476.7201726063
     8866.5610707769
     8300.6529054135
     7801.0755574561
     7081.7293552825
     6562.5216433466
     8178.7156454309
     7546.0837972697
     6899.9957843319
     6314.7825435744
     5793.7988184352
     5350.4654609109
     6561.5335734249
     6161.1659150974
     5837.4144348716
     5544.9606728487
     5270.4571349089
     6384.7493215027
     6141.4388190730
     5803.6671522302
     5503.1946401248
     5216.0826612917
     4980.0076545258
     5899.1353317322
     5572.4111496946
     5288.5812514962
     4966.6598905412
     4677.4874047010
     4419.1219371692
     5286.7497235643
     5042.9680244523
     4817.1682628860
     4603.4212673345
     4403.9546479700
     5271.3118935910
     5095.2968253467
     4928.5123957951
     4767.2888978233
     4599.2474311371
     4426.4366366465
     5342.4776207740
     5055.3703429493
     4784.2362206072
     4545.1864004096
     4328.0645889185
     5140.6863113311
     4934.1746116025
     4743.2460777743
     4563.3922688393
     4385.0878851364
     4209.7006065141
     5055.2557541150
     4872.0408997430
     4675.0361566345
     4453.8744478874
     4205.2945248546
     5019.7721238231
     4853.4251885147
     4671.0032855324
     4488.4865880988
     4305.9689426681
     4123.4540126750
     4954.9200012148
     4772.4003962375
     4589.8804836931
     4407.3635151570
     4224.8484592384
     5056.3111983462
     4873.7909753044
     4691.2732218375
     4508.7571075492
     4326.2421031865
     4143.7285413325
     4975.1912273497
     4792.6710839825
     4610.1543970566
     4427.6402164640
     4245.1253464131
     4062.6114778067
     4894.0694774595
     4711.5507350154
     4529.0362937011
     4346.5212187295
     4164.0067844693
     4995.4602680019
     4812.9451547608
     4630.4336087614
     4447.9235646604
     4265.4093190293
     4082.8962301624
        0.0000000000
        0.0000000000
