!------------------------------------------------------------!
  Date: 20191122
  Simulation name: BWZ4 
  Filename:perpvelbyx.txt                                                                                                                                        
  Produced in mod-subroutine:  massdist/energypotential                                                                                                                              
  Written by AK September 2019
  Description:integrates perpvel over width                                                                                                                         
  Data format: RMAX by t array of perpvel in channel                                                                                                                
!------------------------------------------------------------!
        0.0000000000
        3.0451066403
        0.0000000000
        0.0000000000
        0.0000000000
        0.0000000000
        0.0000000000
        0.0000000000
        0.0000000000
        0.0000000000
        0.0000000000
        0.0000000000
        0.0000000000
        0.0000000000
        0.0000000000
        0.0000000000
        0.0000000000
        0.0000000000
        0.0000000000
        0.0000000000
        0.0000000000
        0.0000000000
        0.0000000000
        0.0000000000
        0.0000000000
        0.0000000000
        0.0000000000
        0.0000000000
        0.0000000000
        0.0000000000
        0.0000000000
        0.0000000000
        0.0000000000
        0.0000000000
        0.0000000000
        0.0000000000
        0.0000000000
        0.0000000000
        0.0000000000
        0.0000000000
        0.0000000000
        0.0000000000
        0.0000000000
        0.0000000000
        0.0000000000
        0.0000000000
        0.0000000000
        0.0000000000
        0.0000000000
        0.0000000000
        0.0000000000
        0.0000000000
        0.0000000000
        0.0000000000
        0.0000000000
        0.0000000000
        0.0000000000
        0.0000000000
        0.0000000000
        0.0000000000
        0.0000000000
        0.0000000000
        0.0000000000
        0.0000000000
        0.0000000000
        0.0000000000
        0.0000000000
        0.0000000000
        0.0000000000
        0.0000000000
        0.0000000000
        0.0000000000
        0.0000000000
        0.0000000000
        0.0000000000
        0.0000000000
        0.0000000000
        0.0000000000
        0.0000000000
        0.0000000000
        0.0000000000
        0.0000000000
        0.0000000000
        0.0000000000
        0.0000000000
        0.0000000000
        0.0000000000
        0.0000000000
        0.0000000000
        0.0000000000
        0.0000000000
        0.0000000000
        0.0000000000
        0.0000000000
        0.0000000000
        0.0000000000
        0.0000000000
        0.0000000000
        0.0000000000
        0.0000000000
        0.0000000000
        0.0000000000
        0.0000000000
        0.0000000000
        0.0000000000
        0.0000000000
        0.0000000000
        0.0000000000
        0.0000000000
        0.0000000000
        0.0000000000
        0.0000000000
        0.0000000000
        0.0000000000
        0.0000000000
        0.0000000000
        0.0000000000
        0.0000000000
        0.0000000000
        0.0000000000
        0.0000000000
        0.0000000000
        0.0000000000
        0.0000000000
        0.0000000000
        0.0000000000
        0.0000000000
        0.0000000000
        0.0000000000
        0.0000000000
        0.0000000000
        0.0000000000
        0.0000000000
        0.0000000000
        0.0000000000
        0.0000000000
        0.0000000000
        0.0000000000
        0.0000000000
        0.0000000000
        0.0000000000
        0.0000000000
        0.0000000000
        0.0000000000
        0.0000000000
        0.0000000000
        0.0000000000
        0.0000000000
        0.0000000000
        0.0000000000
        0.0000000000
        0.0000000000
        0.0000000000
        0.0000000000
        0.0000000000
        0.0000000000
        0.0000000000
        0.0000000000
        0.0000000000
        0.0000000000
        0.0000000000
        0.0000000000
        0.0000000000
        0.0000000000
        0.0000000000
        0.0000000000
        0.0000000000
        0.0000000000
        0.0000000000
        0.0000000000
        0.0000000000
        0.0000000000
        0.0000000000
        0.0000000000
        0.0000000000
        0.0000000000
        0.0000000000
        0.0000000000
        0.0000000000
        0.0000000000
        0.0000000000
        0.0000000000
        0.0000000000
        0.0000000000
        0.0000000000
        0.0000000000
        0.0000000000
        0.0000000000
        0.0000000000
        0.0000000000
        0.0000000000
        0.0000000000
        0.0000000000
        0.0000000000
        0.0000000000
        0.0000000000
        0.0000000000
        0.0000000000
        0.0000000000
        0.0000000000
        0.0000000000
        0.0000000000
        0.0000000000
        0.0000000000
        0.0000000000
        0.0000000000
        0.0000000000
        0.0000000000
        0.0000000000
        0.0000000000
        0.0000000000
        0.0000000000
        0.0000000000
        0.0000000000
        0.0000000000
        0.0000000000
        0.0000000000
        0.0000000000
        0.0000000000
        0.0000000000
        0.0000000000
        0.0000000000
        0.0000000000
        0.0000000000
        0.0000000000
        0.0000000000
        0.0000000000
        0.0000000000
        0.0000000000
        0.0000000000
        0.0000000000
        0.0000000000
        0.0000000000
        0.0000000000
        0.0000000000
        0.0000000000
        0.0000000000
        0.0000000000
        0.0000000000
        0.0000000000
        0.0000000000
        0.0000000000
        0.0000000000
        0.0000000000
        0.0000000000
        0.0000000000
        0.0000000000
        0.0000000000
        0.0000000000
        0.0000000000
        0.0000000000
        0.0000000000
        0.0000000000
        0.0000000000
        0.0000000000
        0.0000000000
        0.0000000000
        0.0000000000
        0.0000000000
        0.0000000000
        0.0000000000
        0.0000000000
        0.0000000000
        0.0000000000
        0.0000000000
        0.0000000000
        0.0000000000
        0.0000000000
        0.0000000000
        0.0000000000
        0.0000000000
        0.0000000000
        0.0000000000
        0.0000000000
        0.0000000000
        0.0000000000
        0.0000000000
        0.0000000000
        0.0000000000
        0.0000000000
        0.0000000000
        0.0000000000
        0.0000000000
        0.0000000000
        0.0000000000
        0.0000000000
        0.0000000000
        0.0000000000
        0.0000000000
        0.0000000000
        0.0000000000
        0.0000000000
        0.0000000000
        0.0000000000
        0.0000000000
        0.0000000000
        0.0000000000
        0.0000000000
        0.0000000000
        0.0000000000
        0.0000000000
        0.0000000000
        0.0000000000
        0.0000000000
        0.0000000000
        0.0000000000
        0.0000000000
        0.0000000000
        0.0000000000
        0.0000000000
        0.0000000000
        0.0000000000
        0.0000000000
        0.0000000000
        0.0000000000
        0.0000000000
        0.0000000000
        0.0000000000
        0.0000000000
        0.0000000000
        0.0000000000
        0.0000000000
        0.0000000000
        0.0000000000
        0.0000000000
        0.0000000000
        0.0000000000
        0.0000000000
        0.0000000000
        0.0000000000
        0.0000000000
        0.0000000000
        0.0000000000
        0.0000000000
        0.0000000000
        0.0000000000
        0.0000000000
        0.0000000000
        0.0000000000
        0.0000000000
        0.0000000000
        0.0000000000
        0.0000000000
        0.0000000000
        0.0000000000
        0.0000000000
        0.0000000000
        0.0000000000
        0.0000000000
        0.0000000000
        0.0000000000
        0.0000000000
        0.0000000000
        0.0000000000
        0.0000000000
        0.0000000000
        0.0000000000
        0.0000000000
        0.0000000000
        0.0000000000
        0.0000000000
        0.0000000000
        0.0000000000
        0.0000000000
        0.0000000000
        0.0000000000
        0.0000000000
        0.0000000000
        0.0000000000
        0.0000000000
        0.0000000000
        0.0000000000
        0.0000000000
        0.0000000000
        0.0000000000
        0.0000000000
        0.0000000000
        0.0000000000
        0.0000000000
        0.0000000000
        0.0000000000
        0.0000000000
        0.0000000000
        0.0000000000
        0.0000000000
        0.0000000000
        0.0000000000
        0.0000000000
        0.0000000000
        0.0000000000
        0.0000000000
        0.0000000000
        0.0000000000
        0.0000000000
        0.0000000000
        0.0000000000
        0.0000000000
        0.0000000000
        0.0000000000
        0.0000000000
        0.0000000000
        0.0000000000
        0.0000000000
        0.0000000000
        0.0000000000
        3.0451066403
        4.6794367019
        5.0357534283
        5.3236913749
        5.5759607278
        5.3184475702
        5.4744501033
        4.9738245891
        4.7361305859
        4.7583497551
        4.6339458315
        4.3911214914
        4.6213186187
        4.3578008803
        3.8207663277
        3.4891021601
        3.1448616428
        3.7964947663
        3.5285882862
        3.2871678355
        3.3023435849
        3.4211964015
        3.4901835630
        4.5290874065
        4.3700316691
        4.0638023545
        3.8500002227
        3.8660007088
        4.5724564265
        4.5408060716
        4.6611991691
        4.8686645041
        4.9413128319
        5.1055147667
        5.7328790159
        5.5741635925
        5.7112053295
        5.4806294831
        5.3056049485
        4.7076829520
        4.5562694232
        3.9014606403
        3.3232249313
        2.9569245459
        2.6569492932
        2.2990801216
        2.1469553191
        2.1500052429
        2.1567877396
        2.1223163051
        2.0784265969
        2.1084170248
        2.0777171592
        2.0451563026
        2.0026920211
        1.9435475897
        1.9124462981
        1.8398143412
        1.7637717543
        1.6903076252
        1.6005685759
        1.5081831064
        1.4461345889
        1.3522017157
        1.2816959928
        1.1992032799
        1.1330193217
        1.0566066153
        0.9913977289
        0.9294917231
        0.8662624598
        0.8167197683
        0.7650578533
        0.7139972411
        0.6570060658
        0.6106553597
        0.5718439800
        0.5400549805
        0.5031404452
        0.4673991644
        0.4374115956
        0.4146340490
        0.3956995137
        0.3804027930
        0.3580588206
        0.3359957563
        0.3196191086
        0.3088011819
        0.3032541665
        0.2979973389
        0.2823890675
        0.2654443459
        0.2527136689
        0.2471357954
        0.2414640215
        0.2256003844
        0.2095464598
        0.1973434775
        0.1908157255
        0.1824243150
        0.1728733161
        0.1592689802
        0.1450907861
        0.1322304422
        0.1226974547
        0.1151051767
        0.1040428376
        0.0949002780
        0.0895250215
        0.0889182042
        0.0890020827
        0.0918979930
        0.1025151044
        0.1241228218
        0.1419761725
        0.1509696165
        0.1578044449
        0.1679472766
        0.1858112965
        0.1979494210
        0.2075901077
        0.2163044010
        0.2184243702
        0.2248281340
        0.2405415476
        0.2514705187
        0.2597005053
        0.2611008479
        0.2657003898
        0.2803938969
        0.2891592361
        0.2976383991
        0.3036804021
        0.3062635267
        0.3088966755
        0.3199935157
        0.3297284212
        0.3333048170
        0.3401630722
        0.3386877676
        0.3417940406
        0.3458728332
        0.3524644887
        0.3553487780
        0.3518381677
        0.3508694649
        0.3513497948
        0.3500452247
        0.3486065957
        0.3463801098
        0.3442219265
        0.3407035187
        0.3340762275
        0.3274617446
        0.3208887349
        0.3172187059
        0.3117273321
        0.3011253657
        0.2922033799
        0.2930771240
        0.2760191409
        0.2736467949
        0.2728612986
        0.2519114172
        0.2428462076
        0.2285946184
        0.2278677211
        0.2180547090
        0.2050709933
        0.1858864801
        0.1719777580
        0.1647603571
        0.1628059717
        0.1481317200
        0.1292474544
        0.1166227544
        0.1033695149
        0.1008058572
        0.0911473892
        0.0699498303
        0.0542109380
        0.0460927481
        0.0519062450
        0.0592332820
        0.0605687326
        0.0716246431
        0.0878692676
        0.1057027497
        0.1201320774
        0.1204911753
        0.1240458526
        0.1471535591
        0.1696960666
        0.1856841752
        0.1860588673
        0.1888045754
        0.2149678710
        0.2391524665
        0.2565039934
        0.2692863373
        0.2707125440
        0.2743661224
        0.2900003777
        0.3110147972
        0.3289269946
        0.3212264949
        0.3114018279
        0.3320827858
        0.3506567455
        0.3673286425
        0.3718037098
        0.3583122582
        0.3454602390
        0.3613040016
        0.3722091433
        0.3719454281
        0.3531720189
        0.3324063864
        0.3393296665
        0.3427774522
        0.3441750324
        0.3401778196
        0.3181478570
        0.2930811255
        0.2926413063
        0.2887509133
        0.2807515552
        0.2547037876
        0.2183991736
        0.2219399255
        0.2135611592
        0.2015601889
        0.1824014603
        0.1637198885
        0.1347285038
        0.1184677998
        0.1088367922
        0.0934323553
        0.0792119402
        0.0588572303
        0.0502935740
        0.0475827749
        0.0503110919
        0.0595101519
        0.0707792746
        0.0838856444
        0.0975361914
        0.1123103240
        0.1282353670
        0.1453444057
        0.1612655862
        0.1770972611
        0.1964063021
        0.2153655626
        0.2331657909
        0.2440453659
        0.2546020251
        0.2718962133
        0.2866754687
        0.3065587849
        0.3162484545
        0.3204123119
        0.3257493772
        0.3382031287
        0.3535163395
        0.3638929555
        0.3632420880
        0.3625969692
        0.3739532125
        0.3860035536
        0.3981215562
        0.4026134059
        0.3933527847
        0.3895878125
        0.4002984431
        0.4046824741
        0.4080472397
        0.3976169105
        0.3869298961
        0.3935512349
        0.3966205921
        0.3990468422
        0.3978522489
        0.3823998506
        0.3679824261
        0.3711963354
        0.3706600809
        0.3696615453
        0.3647336651
        0.3472224871
        0.3294266792
        0.3292001289
        0.3256575137
        0.3207194738
        0.3014213550
        0.2831041733
        0.2806857967
        0.2742346184
        0.2707364715
        0.2629126984
        0.2446509015
        0.2334734088
        0.2298732556
        0.2242712104
        0.2183076847
        0.2058965751
        0.1921687637
        0.1900942664
        0.1845944850
        0.1813681431
        0.1821359286
        0.1706853217
        0.1610039390
        0.1663076264
        0.1704766744
        0.1748748033
        0.1689425037
        0.1661162337
        0.1739240154
        0.1766905435
        0.1823147538
        0.1900496818
        0.1935477305
        0.1989634046
        0.2163155693
        0.2306515597
        0.2453984546
        0.2550612827
        0.2669417982
        0.2853290995
        0.3043526511
        0.3252751848
        0.3434105344
        0.3600766429
        0.3814870656
        0.4054718384
        0.4298075819
        0.4492088841
        0.4795547393
        0.4957921661
        0.5251150132
        0.5416650765
        0.5672444017
        0.6048574028
        0.6088594868
        0.6273338162
        0.6468912331
        0.6666477443
        0.6869242705
        0.7071468894
        0.7264780562
        0.7418943504
        0.7548420749
        0.7668795977
        0.7767116795
        0.7860363991
        0.7897546947
        0.7892995405
        0.7927503778
        0.7903637656
        0.7880632570
        0.7874968860
        0.7823482552
        0.7729704120
        0.7642529681
        0.7565973056
        0.7509939499
        0.7397203455
        0.7271119553
        0.7175748738
        0.7085275758
        0.6991358735
        0.6908031542
        0.6785196637
        0.6628638834
        0.6520934072
        0.6400358864
        0.6309414004
        0.6166909539
        0.6038644677
        0.5954840632
        0.5872626257
        0.5781208982
        0.5687828249
        0.5542664055
        0.5426271713
        0.5348560439
        0.5269834507
        0.5198092788
        0.5090965694
        0.4944141387
        0.4831445449
        0.4733613905
        0.4644289952
        0.4516122541
        0.4344964074
        0.4213582462
        0.4096291617
        0.3979550325
        0.3849249906
        0.3719892183
        0.0000000000
        0.0000000000
        0.0000000000
        3.0451066403
        5.7575536354
        6.0474566674
        6.0326684329
        6.1234483970
        5.9815524838
        6.0629461187
        5.4014148702
        5.2861234478
        5.2800514560
        5.1716626973
        4.9670816498
        5.1706223560
        5.1313380239
        5.4343699864
        5.3303357931
        5.1525695741
        5.8177692397
        5.7499560695
        5.5712432243
        5.5217216614
        5.4125188535
        5.3175278973
        5.5917576231
        5.4082932794
        5.2458650163
        5.1409138862
        4.9338876143
        5.1403727315
        5.0873567566
        4.9844180228
        4.8493420381
        4.6383619890
        4.5925885131
        4.8495509039
        4.7080471911
        4.9865604751
        5.0870103044
        5.3094016625
        5.3012619879
        5.8158286353
        5.7846749834
        5.8008991017
        5.9627918192
        6.0118193248
        6.4829384922
        6.6010846543
        6.7784322684
        7.0585181784
        7.4821926771
        7.9303736083
        8.8382411354
        9.0788113082
        9.2328457808
        9.3999245940
        9.6814896979
       10.6364883284
       10.7963981276
       10.9205416700
       11.1013278048
       11.2973065974
       11.4675862820
       12.9013542040
       13.0638580040
       13.3062067262
       13.5579693510
       13.9020852125
       15.1164953681
       15.4274781431
       15.8580971045
       16.2870804744
       16.7765484864
       17.1786471863
       18.2584594855
       18.2945376804
       18.2651804740
       18.1999663578
       18.1400694841
       18.7518975129
       18.4464754066
       18.0087251821
       17.4371032488
       16.8830390575
       16.1935418447
       16.8729257612
       16.4842737837
       16.1677876829
       15.9673780090
       15.7539429155
       15.4585077145
       16.7436314745
       16.3495871218
       15.9217895730
       15.5241633228
       15.1337491616
       16.3369601173
       15.9341623194
       15.2644787781
       14.3491523666
       13.2227498473
       12.0719530004
       11.7934520592
       10.2885116654
        8.5084463882
        7.1850946825
        6.0896388088
        5.3637004380
        4.6047245119
        3.9769140481
        3.4600387666
        3.0420953076
        2.6569059293
        2.3145362215
        2.0196697455
        1.8114084644
        1.6074046534
        1.4356154594
        1.2538512457
        1.1326136741
        1.0339479807
        0.9536938950
        0.8862707790
        0.8277303056
        0.7627614524
        0.7348666259
        0.7141708497
        0.6965914615
        0.6780169075
        0.6667451637
        0.6626837007
        0.6759582128
        0.6835514185
        0.6987561503
        0.7151412100
        0.7310251113
        0.7573052905
        0.7803893077
        0.7963006907
        0.8156118324
        0.8296214799
        0.8458105290
        0.8580684757
        0.8714896247
        0.8916727139
        0.8918406904
        0.8923780093
        0.9013779844
        0.9073275034
        0.9100450867
        0.9140771793
        0.9212249331
        0.9238904536
        0.9229735406
        0.9227543997
        0.9215326903
        0.9208449215
        0.9122376262
        0.9012010709
        0.8856334082
        0.8775517170
        0.8659170633
        0.8572144667
        0.8474533984
        0.8207898600
        0.8074499188
        0.7892156312
        0.7836666667
        0.7661400464
        0.7412193485
        0.7212343723
        0.7075619071
        0.6927695646
        0.6842445702
        0.6705149264
        0.6473914566
        0.6259872462
        0.6073307415
        0.6010168874
        0.5869487025
        0.5624249789
        0.5442460338
        0.5312691686
        0.5213297349
        0.5184124862
        0.5053028236
        0.4838560386
        0.4686756265
        0.4555811533
        0.4493981632
        0.4481175633
        0.4355488869
        0.4176025560
        0.4035915520
        0.3965125158
        0.3959026451
        0.3830312381
        0.3688494937
        0.3574608448
        0.3521431376
        0.3492820804
        0.3494902701
        0.3379432204
        0.3278420121
        0.3222724191
        0.3172595058
        0.3179649082
        0.3076204310
        0.3024255217
        0.2999112429
        0.2974232050
        0.2988132231
        0.3023925907
        0.2928259074
        0.2920328430
        0.2912899697
        0.2941640275
        0.2986447762
        0.2902474565
        0.2924378294
        0.2959639928
        0.3003910288
        0.3050323875
        0.3085775698
        0.3019455621
        0.3068110970
        0.3121840125
        0.3168677696
        0.3228209400
        0.3161305794
        0.3254355128
        0.3254793473
        0.3324378754
        0.3388980396
        0.3463411034
        0.3365073719
        0.3433943851
        0.3496787844
        0.3542530349
        0.3588137201
        0.3630808283
        0.3580249894
        0.3613839514
        0.3681340667
        0.3679858672
        0.3682491816
        0.3649830295
        0.3686582239
        0.3684114860
        0.3672720073
        0.3662895410
        0.3655978987
        0.3559326222
        0.3519005793
        0.3494540803
        0.3468418608
        0.3442321170
        0.3310000220
        0.3273002038
        0.3219060969
        0.3210741897
        0.3185405382
        0.3145064921
        0.2994683582
        0.2960962362
        0.2924320646
        0.2899039279
        0.2873368902
        0.2727818718
        0.2670912483
        0.2671234807
        0.2635518303
        0.2593350407
        0.2579113873
        0.2458626322
        0.2409990087
        0.2381921886
        0.2375771968
        0.2387415238
        0.2255826833
        0.2248283308
        0.2254829880
        0.2273194722
        0.2300428666
        0.2345529130
        0.2233432047
        0.2245986889
        0.2281512810
        0.2321002020
        0.2422488259
        0.2508883452
        0.2405019505
        0.2415376860
        0.2447626769
        0.2552143563
        0.2638392298
        0.2529502044
        0.2539433647
        0.2577709327
        0.2681964555
        0.2741066015
        0.2793945064
        0.2708967022
        0.2710918002
        0.2717880845
        0.2753228897
        0.2824926109
        0.2706475832
        0.2687143159
        0.2681722922
        0.2716857457
        0.2738135989
        0.2760263758
        0.2626035077
        0.2575894461
        0.2586995300
        0.2565480782
        0.2572771169
        0.2444021173
        0.2397804917
        0.2366948489
        0.2340347740
        0.2314186082
        0.2289354573
        0.2176242174
        0.2133786916
        0.2099579930
        0.2075991936
        0.2060483319
        0.2004226176
        0.1910234900
        0.1877515587
        0.1883368104
        0.1904307363
        0.1831028960
        0.1764662773
        0.1782963497
        0.1759045580
        0.1767934779
        0.1758013972
        0.1748180364
        0.1718099279
        0.1729840610
        0.1741937547
        0.1777037486
        0.1727382366
        0.1739900927
        0.1752962670
        0.1745321183
        0.1740784845
        0.1746040957
        0.1759277886
        0.1725504547
        0.1722001874
        0.1726844251
        0.1736334938
        0.1765512884
        0.1737156289
        0.1754179224
        0.1775753437
        0.1748059042
        0.1770469448
        0.1826798644
        0.1765542109
        0.1773158181
        0.1783329467
        0.1816950550
        0.1852615062
        0.1817036724
        0.1810923889
        0.1862275222
        0.1887414867
        0.1888433055
        0.1946998913
        0.1915527619
        0.1929814368
        0.1937067895
        0.1985519719
        0.2031993176
        0.1996310888
        0.2032790027
        0.2072286390
        0.2114900274
        0.2161840098
        0.2202926966
        0.2175464778
        0.2223662664
        0.2271364617
        0.2312779866
        0.2411958693
        0.2460949344
        0.2448834974
        0.2503557179
        0.2552309363
        0.2642486802
        0.2694459527
        0.2691116199
        0.2743666311
        0.2805823675
        0.2867494136
        0.2918015451
        0.2964649758
        0.0000000000
        0.0000000000
        0.0000000000
        0.0000000000
        6.4789453703
        6.1089754675
        5.8225486911
        5.4820857426
        5.2045711118
        5.3609440411
        5.1717702420
        5.3191117859
        5.4367831397
        5.3950149852
        5.7856166662
        6.4047978126
        6.4065182148
        6.3269608758
        6.1511239761
        6.0135134781
        6.1582258511
        6.0512212062
        5.8755482453
        5.7990473926
        5.7816333881
        5.6818914701
        5.7485524030
        5.5975859114
        5.6921303336
        5.7510206980
        5.6828974377
        6.2289412367
        6.7695274188
        7.0938799873
        7.1288350479
        7.0099264851
        6.8828289892
        6.6890725375
        6.4396531071
        6.3660344985
        6.1420977399
        6.1754387274
        6.2846604056
        6.6586939922
        6.6242291299
        6.8914460854
        7.2146544131
        7.4460581117
        8.2540070417
        8.5799356734
        9.0162601599
        9.4153987484
        9.5528587270
        9.6152718861
       10.0703191604
       10.1712504100
       10.4644761970
       10.6142300540
       10.7286363993
       11.4053315902
       11.5497970716
       11.6191086438
       11.8001211548
       11.9509051494
       11.9798552335
       13.0904143912
       13.1083899012
       13.2489204724
       13.2559118213
       13.3011110883
       14.3074122332
       14.3068500328
       14.2732629628
       14.1861616530
       14.1059629069
       14.0362250833
       15.2768715994
       15.1556344947
       15.0294178640
       14.8775966925
       14.6704490206
       15.5296233906
       15.1783295372
       14.7599129292
       14.3188787426
       13.8778909569
       13.4379593831
       14.3453316002
       13.9484101100
       13.5204803532
       13.1930328251
       12.8123006973
       12.4769852480
       13.4080980650
       13.1102289415
       12.7531496873
       12.3742595326
       11.9621038608
       12.6092654099
       12.3292699885
       12.2271638617
       12.1726642464
       12.1528975222
       11.9825986337
       12.4095884341
       11.9250783270
       11.5511049156
       11.2060671586
       10.9328847877
       11.2315692854
       10.9373317595
       10.6250552479
       10.3179538577
       10.0307104604
        9.6581154522
        9.7453123641
        9.3539140044
        9.0163180132
        8.7657263467
        8.5629582567
        8.9108427429
        8.9084678910
        8.8814789757
        8.7955430405
        8.6259754735
        8.3661403145
        8.1012808650
        7.9238158563
        7.9046012279
        8.0305630865
        8.2279278810
        8.1665365485
        8.2296956912
        8.2936929035
        8.1662239263
        8.0301501408
        7.7180392856
        8.0371228033
        8.2664119397
        8.1221586609
        7.7497094494
        7.0865801111
        6.4913554743
        6.4215485992
        5.9148618813
        5.4045215573
        5.1082554959
        4.8518268716
        5.5685106976
        5.6140025868
        5.5753703571
        5.5350922351
        5.4946572675
        5.6628548832
        6.6945737662
        7.0263332213
        7.3928499676
        7.7512789633
        8.0722542279
        8.5576942140
        8.8534308054
        9.1780225305
        9.4781982763
        9.7119992397
        9.8134585797
        9.9382876880
        9.6912862783
        9.3171847680
        9.0541698082
        8.9231229019
        9.2429170756
        9.3564361120
        9.4271818063
        9.3221861294
        8.9676786578
        8.4071091247
        7.7887723019
        6.9916428765
        6.2599860364
        5.7813254676
        5.4572789145
        5.1776265865
        4.9261806549
        4.7106465865
        4.5261299150
        4.3503902482
        4.1561938668
        3.9523499817
        3.7843352445
        3.6423404854
        3.5273447996
        3.4106677712
        3.2641448736
        3.0918614293
        2.9580248981
        2.8569069246
        2.7551605570
        2.6348320763
        2.4784197993
        2.3745899364
        2.2997548115
        2.2276743366
        2.1510740546
        2.0472913691
        1.9282912376
        1.8359650706
        1.7614794040
        1.7001548987
        1.6099191900
        1.4983443560
        1.4278640028
        1.3686387432
        1.3346465407
        1.2762982047
        1.2112841743
        1.1272934297
        1.0723624066
        1.0461032783
        0.9928582366
        0.9436680600
        0.8782209310
        0.8371517807
        0.8052620466
        0.7782951463
        0.7488207925
        0.7121271494
        0.6683623418
        0.6367997701
        0.6097032890
        0.5811128947
        0.5491525821
        0.4931248849
        0.4778051143
        0.4546338764
        0.4338566852
        0.3910363207
        0.3771719822
        0.3474013207
        0.3009131108
        0.2914624733
        0.2494440717
        0.2401559385
        0.1959811835
        0.1858941449
        0.1385993627
        0.1151779063
        0.1123768146
        0.0738785205
        0.0602583747
        0.0597138358
        0.0628111717
        0.0714951852
        0.0934984147
        0.1209657820
        0.1465685919
        0.1713149476
        0.1955272628
        0.2180801812
        0.2395650427
        0.2554259004
        0.2702447280
        0.2864909335
        0.3061443027
        0.3176481966
        0.3267510311
        0.3395758536
        0.3418795071
        0.3565989109
        0.3580937953
        0.3731646453
        0.3676128213
        0.3737687635
        0.3850413506
        0.3852396351
        0.3911476130
        0.3978094315
        0.3968874767
        0.3884696969
        0.3878587458
        0.3881892288
        0.3898014387
        0.3783817299
        0.3731565063
        0.3715096243
        0.3714694820
        0.3702866690
        0.3689501980
        0.3545673977
        0.3467372438
        0.3429304243
        0.3439328726
        0.3466251923
        0.3419268972
        0.3242320623
        0.3117695591
        0.3062880345
        0.3064919581
        0.3012937712
        0.2828158066
        0.2717379002
        0.2691504117
        0.2718900455
        0.2656706509
        0.2585485955
        0.2521525994
        0.2370239426
        0.2260328473
        0.2207031273
        0.2189698278
        0.2018702049
        0.1899470281
        0.1817802496
        0.1790623913
        0.1746792119
        0.1647847898
        0.1498384152
        0.1372475067
        0.1310152674
        0.1214800643
        0.1115518043
        0.1007636528
        0.0949855236
        0.0918439980
        0.0914249245
        0.0936370047
        0.0986265800
        0.1039865978
        0.1139988556
        0.1258555820
        0.1396083763
        0.1528709319
        0.1691287089
        0.1855021162
        0.2120431827
        0.2378679700
        0.2636668598
        0.2868513122
        0.3169796948
        0.3455802242
        0.3720901050
        0.4014449381
        0.4315537029
        0.4604617448
        0.4886277334
        0.5157610560
        0.5442047179
        0.5805232001
        0.5973114559
        0.6183270537
        0.6433150542
        0.6666565980
        0.6905527790
        0.7152718686
        0.7392307714
        0.7602620433
        0.7786704027
        0.7955163808
        0.8106054795
        0.8250381790
        0.8332728386
        0.8385125011
        0.8464302151
        0.8468160296
        0.8522938488
        0.8575948615
        0.8504710761
        0.8496334961
        0.8415752545
        0.8389478986
        0.8336151597
        0.8243166784
        0.8119166952
        0.8024174117
        0.7928137295
        0.7802617337
        0.7714597158
        0.7547622399
        0.7383336390
        0.7211196649
        0.7048934379
        0.6913289389
        0.6693169289
        0.6501410247
        0.6339060682
        0.6169339614
        0.5996327261
        0.5842737047
        0.5611179029
        0.5415061510
        0.5240010452
        0.5048842759
        0.4872943299
        0.4716819507
        0.4494951555
        0.4317770792
        0.4149504142
        0.3993662224
        0.3864656450
        0.3691468700
        0.3572634508
        0.3474172529
        0.3373852222
        0.3319823801
        0.3271415947
        0.0000000000
        0.0000000000
        0.0000000000
        0.0000000000
        6.3552172254
        6.0064301497
        5.2257005726
        4.9546616726
        4.7175910676
        4.7653479548
        4.8982308969
        4.9243298162
        4.8925406125
        4.8452293669
        4.8527053524
        4.9019659378
        4.7708018951
        4.5592731541
        4.3287517969
        4.2752775753
        4.4839954396
        4.4914202839
        4.4704911569
        4.3959402440
        4.3984559468
        4.4778737790
        4.7605453477
        4.8804249862
        5.0246798578
        5.2055930811
        5.4786664394
        5.8082749258
        5.9545082633
        5.9885024334
        6.0225777530
        6.1103296323
        6.3450222257
        6.6620294797
        6.8732616739
        7.2740746032
        7.9163914165
        8.5605471920
        8.6650555668
        8.3974402138
        8.1251532573
        8.1527877598
        8.2712230129
        8.3093387729
        8.6479630817
        8.5571588884
        8.5522981183
        8.3206796206
        8.2880029347
        8.4044164992
        9.2152453705
        8.9876702810
        8.6397030162
        8.5128161098
        8.5538919008
        9.4231414452
        9.3564778997
        9.3841092273
        9.3578213416
        9.2841237410
        9.3145470496
       10.5627255331
       10.5577859284
       10.1879003755
        9.6831443022
        9.2697961510
       10.3092544368
       10.2054159235
       10.0018388373
       10.1729311190
       10.3524322536
       10.2916077221
       11.6429472989
       11.4169235096
       11.0458430148
       10.6093249023
       10.1127833505
       11.1206034370
       11.0377937571
       10.9984252195
       10.7841337932
       10.4709694374
       10.2584404503
       11.4958800441
       11.1659234798
       10.7540204931
       10.4011457919
        9.8633257416
        9.4208710169
       10.5336971702
       10.3538990678
       10.1625482251
        9.9365030406
        9.6547266191
       10.5737114597
       10.2901792150
        9.9920389716
        9.7197619716
        9.3887576998
        9.2463967344
       10.2163808098
       10.0441074336
        9.8114292135
        9.3891981055
        8.7850072404
        9.1106409440
        8.7464635879
        8.3024186407
        7.9399361555
        7.6786581710
        7.5306585000
        8.1026246241
        7.8906527810
        7.4502420408
        6.9357299326
        6.6227343871
        6.9275881733
        6.8276657027
        6.6723010429
        6.5054210921
        6.2368282944
        5.9572492466
        6.1332648181
        6.0268087059
        5.7588737620
        5.3563253736
        4.9419822329
        5.1794182018
        4.9928308625
        4.9608070270
        4.9366014180
        4.9224342088
        4.8466285359
        5.3492145792
        5.1485106783
        4.8945999487
        4.8673408082
        4.9024871170
        5.1501661850
        6.1365802204
        5.7529254059
        5.4021909474
        5.2984523155
        5.3273379360
        6.6300983387
        6.6838698269
        6.7451136495
        6.9285477252
        7.1749375232
        7.4361412020
        8.9572959723
        9.2028911469
        9.6036021929
        9.9182081885
        9.9961541891
       11.4953973401
       12.0640831126
       12.5674629577
       12.9218599483
       13.1890914316
       13.3885931679
       15.0211759702
       15.2199434175
       15.4141758408
       15.5866650702
       15.5306885439
       16.3610560967
       16.1549328395
       15.9348035633
       15.6764529552
       15.5443962867
       15.4838947837
       16.4883883516
       16.2986768854
       15.8545364753
       15.1666358103
       14.3428098236
       15.0725487495
       14.6082285381
       14.2878916154
       14.0654150805
       13.8996823249
       13.8340257745
       15.3852450761
       15.3924086572
       15.3914552115
       15.3974305253
       15.4638554318
       15.6908481608
       16.9068904401
       17.5349579581
       18.1595340830
       18.3848807372
       18.2092483702
       18.1036594463
       17.5673451534
       16.8676575034
       15.9850272871
       15.2317398077
       14.6926894064
       14.8860784788
       14.5315915117
       14.1459222621
       13.7714487163
       13.4494612119
       13.4772339712
       13.1935431969
       12.8480742425
       12.5756136882
       12.3166199189
       12.2672913631
       12.0509011664
       12.0163377311
       11.8390631566
       11.3025011546
       10.7026329938
        9.1509908729
        8.2222908991
        7.2828330530
        6.5395311941
        6.0357227262
        5.5776759544
        4.6928753311
        4.5063431354
        4.5030141439
        4.5420756520
        4.5051562682
        3.8099277601
        3.7020407345
        3.5332650130
        3.3671667900
        3.2267729763
        3.0657225114
        2.6631960398
        2.4837218886
        2.4423423077
        2.3030827726
        2.3591249436
        2.2651881245
        2.3553167266
        2.2710717607
        2.2746439106
        2.3503910744
        2.2645737038
        2.2484761675
        2.2449201179
        2.2388864244
        2.2327718044
        2.2283993698
        2.2221701638
        2.2080120163
        2.1976372050
        2.1890856356
        2.1769528883
        2.1576025960
        2.1204553612
        2.0926791077
        2.0601721704
        2.0321018743
        1.9880751446
        1.9445343681
        1.8970940374
        1.8457148512
        1.8147528937
        1.7663655621
        1.7310949153
        1.6681428782
        1.6291068910
        1.5931861091
        1.5526123984
        1.5167268007
        1.4748005183
        1.4231502963
        1.3803261519
        1.3425302411
        1.3043155685
        1.2633032192
        1.2097480198
        1.1702327819
        1.1345797448
        1.1028108781
        1.0708458055
        1.0356945028
        0.9911262868
        0.9560078604
        0.9248137069
        0.8956771158
        0.8696306563
        0.8360866160
        0.7950969705
        0.7602118002
        0.7282123732
        0.7023495121
        0.6725121742
        0.6353622168
        0.6049436819
        0.5775528725
        0.5576933181
        0.5338053959
        0.5079211141
        0.4800219012
        0.4516646843
        0.4257376047
        0.3989524326
        0.3788859624
        0.3547802501
        0.3310428380
        0.3093072495
        0.2880138986
        0.2715916736
        0.2547431113
        0.2378014823
        0.2148089186
        0.1943205625
        0.1757558206
        0.1613038244
        0.1481007569
        0.1290200042
        0.1123688554
        0.0968319601
        0.0821188889
        0.0703906786
        0.0638958576
        0.0475071033
        0.0320448629
        0.0253584045
        0.0286341144
        0.0369643834
        0.0424617017
        0.0559230521
        0.0689171054
        0.0793719702
        0.0898592861
        0.0954701936
        0.1053545778
        0.1180976937
        0.1276822824
        0.1403161921
        0.1470370678
        0.1535044651
        0.1592895836
        0.1715046763
        0.1838784353
        0.1849516489
        0.1876237448
        0.1952919189
        0.2016567607
        0.2071464369
        0.2131604038
        0.2188347169
        0.2235399669
        0.2275479920
        0.2302561009
        0.2319994773
        0.2355927665
        0.2401873789
        0.2398765316
        0.2420509644
        0.2406341359
        0.2382129361
        0.2430319073
        0.2490645431
        0.2440064801
        0.2413804987
        0.2375489714
        0.2409006525
        0.2458660515
        0.2432528425
        0.2376271474
        0.2335382958
        0.2322844758
        0.2361023011
        0.2404008438
        0.2341969494
        0.2299727546
        0.2271951587
        0.2309245005
        0.2359142127
        0.2315403870
        0.2289714841
        0.2265855412
        0.2252912689
        0.2292222117
        0.2332094221
        0.2305508158
        0.2294332899
        0.2286753753
        0.2302330837
        0.2336469513
        0.2363673272
        0.2353025167
        0.2344289673
        0.2368993941
        0.2390812641
        0.2402117583
        0.2406363673
        0.2423391100
        0.2434009283
        0.2454843710
        0.2475553642
        0.0000000000
        0.0000000000
        0.0000000000
        0.0000000000
        4.8776754038
        4.5910993480
        4.5924430794
        4.8395533502
        4.9899230313
        5.0490871347
        4.9186537840
        4.6416089841
        4.5124436914
        4.3477385336
        4.2540554154
        4.0683767300
        4.0067668575
        3.9692197215
        3.8174357147
        3.6951517101
        3.6699303550
        3.7058212410
        3.8197006285
        3.8796909226
        3.8263087102
        3.6906488902
        3.7993187104
        4.1716181787
        4.2773701549
        4.0046335385
        4.1612355358
        4.5151541782
        4.7958826686
        5.0483959662
        5.2958663699
        5.3557498019
        5.4565897632
        5.4506930726
        5.5825492947
        5.8667790151
        6.0599578097
        6.0312533956
        6.0684945068
        6.2069069956
        6.1614257954
        6.1800352377
        6.3418569816
        6.4736906250
        7.0817028448
        7.5590291015
        7.9300236700
        8.0191264664
        7.8458551161
        7.2645840919
        7.5433528104
        7.0688113765
        7.0397833711
        7.1141739378
        7.2950418954
        8.2122606724
        7.9826892426
        7.7847980117
        7.9946207676
        8.1936869428
        8.3013184209
        9.5856910273
       10.1544316465
        9.9281818423
        9.6846982246
        9.9472117924
       11.0144374206
       10.9098996468
       10.6308414174
       10.8573731573
       11.1644199538
       11.6869539988
       12.3752102668
       12.9648831100
       14.0555119382
       15.0445825219
       15.2604711773
       15.3777725118
       15.8166002136
       15.9775559141
       15.9506705618
       15.8166348065
       15.6455193300
       15.1325517591
       14.8631541655
       14.5675099933
       13.9013756224
       13.5469872716
       13.3291379631
       13.3035494712
       13.5712003503
       14.0580870475
       14.6476431659
       15.6564679889
       15.6845009399
       16.2203451922
       16.5252411291
       16.6654226912
       16.7034605268
       16.7393671108
       16.3830954967
       15.8043586147
       14.9304906231
       14.3209331006
       14.0771130529
       13.7470268676
       13.3180304648
       12.8260476897
       12.5397474906
       12.5541693573
       12.5658251992
       12.2911194901
       12.1860794380
       11.9955995713
       11.5985965009
       11.5786408267
       11.3453192482
       11.3367796067
       11.1638256199
       10.9259735449
       11.1973173972
       12.0096225260
       12.1302057464
       12.0633579510
       11.8259150531
       11.7020353211
       12.0274044908
       11.9585142896
       11.7953463704
       11.6165855189
       11.5198719682
       11.3022188603
       11.0535549135
       11.3867908578
       11.3907238663
       11.0193125647
       10.9136059454
       10.7292067699
       10.5432203313
       11.0831020251
       11.3604948545
       11.7014329551
       12.2916188576
       13.0308443841
       14.2252846843
       14.7287255137
       15.1333429402
       15.4083340574
       15.7357630776
       16.3094205105
       17.4938539458
       17.7080177684
       17.7591052537
       17.7190600981
       17.8303654749
       19.4593554213
       19.8937753838
       20.1038052888
       20.1855973960
       20.6301805792
       21.1213564309
       23.1483805655
       23.9614426084
       24.7578239570
       25.4034121473
       25.7507713755
       26.4380446218
       26.7504587516
       27.1791850314
       27.5498669419
       27.5432359173
       27.1557182935
       27.0081918302
       26.4577211988
       26.0159874644
       25.4778942557
       24.6495089342
       24.5948847069
       23.7778821300
       22.7909306252
       21.9716778683
       21.5635546690
       21.2462856289
       21.7874465265
       21.6404423104
       21.5307315628
       21.4033212186
       21.1665974474
       20.8628064109
       21.0160203856
       20.5370397661
       19.9878930174
       19.5230675790
       19.0037727999
       18.5945350116
       18.0399903278
       17.4526738154
       16.8539537381
       16.1705713219
       15.4755188653
       15.0263048628
       14.3143426303
       13.6513737686
       13.1899553200
       12.8851350009
       12.7896840007
       12.3543671348
       12.1687486287
       11.6381652179
       10.8684436215
       10.3324313844
       10.4102396308
        9.8224889944
        9.2439751941
        8.8180134833
        8.4294879277
        8.4588727587
        8.1575190911
        7.9199954678
        7.7355119348
        7.4663503710
        7.1099993058
        7.1638809839
        6.8440408971
        6.5938334637
        6.5470225468
        6.5432299519
        6.4620990677
        6.4581733002
        6.3011309931
        6.0503222332
        5.5684216299
        5.2087027799
        4.9318090110
        4.5687187382
        4.4920433606
        4.1460966513
        4.0611068071
        3.7425331775
        4.3263852237
        4.4598054159
        4.7240827524
        4.9220025969
        4.5675185525
        4.7463521339
        4.5372260274
        4.4289392407
        4.5822302510
        4.7667543907
        4.9294834056
        5.3235250776
        5.3828706652
        5.4748203589
        5.7058870478
        5.9900729402
        6.3270408845
        6.5797081285
        6.8294515352
        6.9896627455
        6.9380735152
        6.6079557127
        6.0527629902
        5.3850242571
        4.7403655732
        4.2139408689
        3.8634100283
        3.6844267907
        3.5966594251
        3.5373701340
        3.3908439632
        3.2417137249
        3.0863820633
        2.9468547509
        2.7995409799
        2.6723575388
        2.5502443561
        2.4347819286
        2.2936605533
        2.1799423413
        2.0715005953
        1.9702418796
        1.8740130841
        1.7852865734
        1.6803244978
        1.5891815093
        1.5029929736
        1.4239111066
        1.3493602798
        1.2897950069
        1.2129260187
        1.1445469619
        1.0783465356
        1.0155128935
        0.9694861037
        0.9039221149
        0.8525811988
        0.8031285547
        0.7564173164
        0.7229993724
        0.6943570469
        0.6485450677
        0.6117012168
        0.5831912541
        0.5562122348
        0.5308346440
        0.4975124099
        0.4786432772
        0.4620401269
        0.4469700685
        0.4318666234
        0.4246085634
        0.4020303823
        0.3950700206
        0.3879457949
        0.3807713210
        0.3780312576
        0.3614025749
        0.3615804046
        0.3625986276
        0.3646244347
        0.3661890535
        0.3628774215
        0.3481012883
        0.3514931956
        0.3554083119
        0.3578957683
        0.3532820428
        0.3424103178
        0.3481152693
        0.3482042409
        0.3462671455
        0.3483741279
        0.3436273817
        0.3245603127
        0.3227953916
        0.3217825215
        0.3197875904
        0.3149603717
        0.3047228948
        0.2869033944
        0.2817106649
        0.2773360354
        0.2704466054
        0.2579508327
        0.2426747955
        0.2391877473
        0.2337625283
        0.2260372251
        0.2181279210
        0.2116544922
        0.2021343928
        0.1960198191
        0.1913955406
        0.1875747641
        0.1858939379
        0.1805359552
        0.1794084491
        0.1785667977
        0.1790064515
        0.1789700907
        0.1814652502
        0.1758990513
        0.1764763021
        0.1781270197
        0.1836578371
        0.1848897662
        0.1826116319
        0.1846740400
        0.1882507012
        0.1971637633
        0.2004153545
        0.2022205530
        0.1948230134
        0.2027353683
        0.2064639361
        0.2118719345
        0.2129527756
        0.2064243422
        0.2107339374
        0.2152688982
        0.2199229822
        0.2238404358
        0.2236675708
        0.2166913008
        0.2203519571
        0.2238248370
        0.2266634800
        0.2300883371
        0.2309209932
        0.2242945111
        0.2268242707
        0.2290130807
        0.2318501835
        0.2335542662
        0.2276796412
        0.2297661388
        0.2344482242
        0.2353727563
        0.2385034481
        0.2415739752
        0.0000000000
        0.0000000000
        0.0000000000
        0.0000000000
        3.5300396278
        3.7074590682
        3.6234120165
        3.6784254432
        3.7986959738
        3.6693713071
        3.6113254180
        3.5548752595
        3.4827829415
        3.4123959103
        3.2500972947
        2.9218318320
        2.8610162922
        2.8630577503
        2.8417390514
        2.9226577869
        2.9025736167
        2.9934141334
        3.0310198395
        3.0474261514
        3.0371969620
        3.1134522291
        3.1231620444
        3.2037602744
        3.2208140974
        3.2369379251
        3.4135921162
        3.4976489694
        3.6470633287
        3.7393355256
        3.7337355404
        3.6827046890
        3.7057815078
        3.8357818960
        3.9843259240
        4.2287191050
        4.3441526219
        4.5469036316
        4.7703354649
        5.1006311409
        5.2273708022
        5.1832190044
        5.2453020567
        5.3838556057
        5.7926501461
        5.5223172882
        5.3337340111
        5.4619499324
        5.8170339845
        6.0335518880
        7.2776756068
        7.9101876730
        8.3183291726
        8.5940923308
        8.8141112179
        9.6931830951
        9.8915117570
       10.5371709846
       11.5106087425
       12.0198982682
       12.1320703152
       12.5995101067
       13.1658228646
       13.5317849090
       13.3995868586
       13.2386707923
       13.3380688531
       13.1376583471
       13.1960925173
       13.3321545522
       13.7604696930
       13.6691762931
       13.2467789549
       13.0238640452
       13.2569004758
       13.4123978765
       13.5836861276
       13.3246310091
       13.3725857197
       13.3413158131
       13.1955869222
       12.8537496486
       12.5885314711
       12.6248552847
       12.6840323574
       12.8524877444
       13.0041050208
       12.8979261916
       12.6764784652
       12.3433582048
       12.5490171421
       12.8449351728
       13.2028318251
       13.2738897499
       12.7358004593
       12.7869588329
       12.6380475837
       12.4873916253
       12.2309265136
       12.0807339665
       12.1828179099
       12.4990890127
       12.6341536719
       12.6198424887
       12.5578207788
       11.9140160100
       11.7476870672
       11.7830221372
       12.0923932929
       12.4978470955
       12.8487644566
       12.5699308419
       13.0798662453
       13.4655885444
       13.8418680806
       14.6920797053
       14.5978040367
       14.4847865292
       13.9495199082
       13.4977642625
       13.3718665386
       13.7934106069
       13.8179746475
       14.6972373250
       15.5738573945
       16.2078882893
       16.6759720470
       16.4636458746
       16.7450304260
       17.2889612424
       17.7838764396
       17.9793862102
       18.2010460818
       18.7897256738
       19.2800677965
       19.6164554736
       20.0495687240
       20.4829738666
       20.8617734738
       20.8801650796
       20.8363745798
       20.7077894954
       20.7083139364
       20.5864922949
       20.8135221551
       20.8829222275
       21.3764447071
       21.4017479548
       21.2371454832
       20.8822625360
       21.5604247882
       21.6135617072
       21.6060386113
       21.4111095701
       20.7475972128
       21.4149521550
       21.1179551681
       20.8958406239
       20.7999363447
       20.7298735190
       20.4447061883
       21.4410432282
       21.1675214501
       20.8969548713
       20.5903722977
       20.1427899704
       20.8771544142
       20.4482955885
       20.2620187559
       20.1794319683
       20.0123096492
       19.7471894326
       21.1107061434
       20.5604285887
       19.8765851354
       19.5097265803
       19.1434231589
       19.9099934583
       19.3020730216
       18.7792352764
       18.5889189178
       18.5250593869
       18.3010624567
       18.8909029612
       18.3881191241
       17.9682352595
       17.6139934871
       17.1906116377
       16.8581195285
       17.8227726779
       17.7334140320
       17.7349612098
       17.5657295217
       17.6020337909
       18.0146422733
       17.9492832294
       17.7619682132
       17.5653298458
       17.4414757818
       17.1627060623
       17.2554095899
       17.0213545447
       17.0420833656
       16.9550341363
       16.7683421170
       16.3355921734
       16.0271678833
       15.8757428128
       15.5525264330
       15.2102323119
       14.7977826547
       14.4388688681
       13.7424810291
       13.0971384975
       12.3691117875
       11.7429682399
       11.1327735750
       10.8063430201
       10.5740410759
       10.3303144516
       10.0162256751
        9.6529790418
        9.0648040582
        8.4938648903
        7.8872440555
        7.3548040838
        6.9608481728
        6.8638179751
        6.6917426831
        6.5571621568
        6.3765801001
        5.9947215383
        5.7581592539
        5.6427668469
        4.9224544964
        4.9543953286
        4.7443801791
        4.8950376348
        4.8004383045
        5.4384699541
        5.2427309469
        5.3724751214
        5.6550468484
        5.5874712314
        6.0579280697
        6.0194268698
        6.0167930617
        6.0947360197
        6.1461514463
        6.1089462279
        6.7199379998
        6.7635015673
        6.9171722474
        7.0704758220
        7.1808035127
        8.0537471008
        8.1150511600
        8.0856590589
        7.9884131593
        7.8355426257
        7.5838984049
        8.5184585984
        8.3833622720
        8.4675523133
        8.8112170981
        9.3063008431
       10.8455004064
       11.2654882289
       11.6653418496
       11.9799469711
       12.1386066222
       12.1068992145
       12.7926959191
       12.4716082321
       12.0231206799
       11.5684968352
       11.1180824679
       11.5044186344
       11.3099762546
       11.1073203823
       10.8275726289
       10.3730288266
        9.8047518923
       10.2825769491
        9.8505248332
        9.5386698648
        9.4299968330
        9.4930912264
        9.6532193710
       10.8590542948
       11.0528955823
       11.1352922608
       11.0844232334
       10.8506654398
       11.0063857233
       10.7742310164
       10.4823544989
       10.1422855463
        9.8254341571
        9.5214028611
        9.7848473465
        9.7069051366
        9.6658334273
        9.5755884451
        9.3944196839
        9.1031546008
        8.7936060082
        8.4096749004
        7.9516818865
        7.4168035969
        6.7769073395
        6.1763841042
        5.6199835565
        5.1103400677
        4.4901314756
        3.9095479962
        3.4645233083
        3.0736179370
        2.7343787079
        2.4373333932
        2.1730003546
        1.9288610143
        1.7018653453
        1.5121716699
        1.3486529521
        1.2086189061
        1.0845304061
        0.9703636305
        0.8613102231
        0.7862098021
        0.7222927885
        0.6801345413
        0.6259261442
        0.5805096423
        0.5601984092
        0.5404300092
        0.5286554984
        0.5261795524
        0.5249314287
        0.5330483485
        0.5417231640
        0.5613684851
        0.5918593103
        0.5969171534
        0.6113227591
        0.6256098067
        0.6378447836
        0.6485699594
        0.6592536030
        0.6703006085
        0.6807152536
        0.6888606881
        0.6955711012
        0.6992995182
        0.6993833061
        0.6968674874
        0.6919591073
        0.6873173843
        0.6726745422
        0.6669675294
        0.6568621857
        0.6434776288
        0.6345190193
        0.6206096840
        0.6107337701
        0.5944576635
        0.5841447243
        0.5668276829
        0.5525218364
        0.5406357490
        0.5240628425
        0.5085291227
        0.4962299428
        0.4801622954
        0.4625173095
        0.4448625874
        0.4290953420
        0.4146406483
        0.3967808496
        0.3811060624
        0.3663666332
        0.3513626343
        0.3370563479
        0.3227326865
        0.3059921414
        0.2911662635
        0.2759210648
        0.2627473806
        0.2499639306
        0.2357438462
        0.2204849226
        0.2058213450
        0.1937009587
        0.1825321602
        0.1695346466
        0.1580290788
        0.1488535756
        0.1398462797
        0.1336125949
        0.1272832007
        0.0000000000
        0.0000000000
        0.0000000000
        0.0000000000
        2.1874249672
        2.2322227147
        2.3776447380
        2.4625781155
        2.6479690780
        2.5916510001
        2.7582485025
        2.8430841333
        2.8088051367
        2.7124804267
        2.6164491928
        2.3927741827
        2.4552356063
        2.5210267359
        2.4510772546
        2.4135308443
        2.3572480296
        2.5250871577
        2.5468656413
        2.4137535055
        2.2760546131
        2.2895643590
        2.2799437239
        2.4188082910
        2.5770784884
        2.7268401042
        2.8958863708
        3.0403334371
        3.2309011317
        3.3554378624
        3.3847065697
        3.4497200790
        3.5093847289
        3.5019837733
        3.4670386265
        3.5627698929
        3.6908601094
        3.9713312761
        4.2230980855
        4.4494581952
        4.6817939438
        4.9973805276
        5.0909574819
        5.1686643860
        5.4836343238
        5.8499512558
        6.3703179488
        6.4371710226
        6.4206606959
        6.4431878653
        6.9595871307
        7.2415041006
        7.5329340964
        7.8165268917
        7.7338350918
        8.3363351346
        8.2643925877
        8.1001385866
        8.2232484944
        8.4166378849
        8.4998697831
        9.2649174937
        9.1750014111
        9.0404757295
        8.6491228643
        8.2135716547
        8.5169313940
        8.3493759969
        8.1008426845
        7.7174270289
        7.5578896657
        7.7724767814
        8.7863749982
        9.0339642955
        9.1746391932
        9.3978215387
        9.3614262848
        9.6285473172
        9.6230778296
        9.5756636655
        9.5803219801
        9.4962988175
        9.6900120972
        9.9533649220
        9.9305318569
        9.7228570470
        9.3276609577
        8.9772294520
        8.6002805006
        8.3796330523
        8.0725832712
        7.6703091360
        7.4116527050
        7.2228346398
        7.4219070816
        7.6922793609
        7.7922212424
        7.6474705360
        7.3924470533
        7.3574942313
        7.4013208541
        7.4439359870
        7.3967374842
        7.3287601228
        7.3791668109
        7.0108303717
        6.8578515991
        6.7383280808
        6.6703470582
        6.8203002403
        7.0134759942
        7.6064370252
        7.8538974733
        7.8699165356
        7.7390653063
        7.7262365647
        8.0604921185
        8.3085256320
        8.4147516611
        8.3990160399
        8.3347530315
        8.3166605878
        8.8568679174
        9.1800790444
        9.4195753736
        9.6857978370
        9.9011967545
       10.4831158038
       10.9508532577
       11.2817739307
       11.1343695265
       10.8502594858
       10.7863021865
       11.5486994297
       11.6241120528
       11.5938873683
       11.6777889769
       11.6853929711
       11.5962620214
       12.6514779051
       12.8713984342
       12.8444240303
       12.7042672025
       12.5346647613
       13.6042912267
       13.5576594583
       13.5018553987
       13.5230191787
       13.7767190316
       13.9778785897
       15.3425488781
       14.9191100361
       14.3556185309
       14.2281757575
       14.2055769051
       15.6940502168
       15.1867207532
       14.7602662400
       14.4014871339
       14.3988281952
       14.5032826077
       16.0907457190
       16.2310105833
       16.0823652844
       15.8433289557
       15.3843807286
       16.8289328520
       16.4718816545
       15.7785119091
       15.3276337452
       14.8584914439
       14.3578408329
       15.8017741285
       15.3680027317
       14.9633375097
       14.6535460907
       14.1899318643
       15.5854677574
       15.1492974406
       14.6606588983
       14.4797770271
       14.3549867349
       14.2356165621
       15.2424098196
       14.9519755065
       14.6616586735
       14.3902045507
       14.0726841608
       13.7343032120
       14.6918735115
       14.3457883496
       14.1115609160
       13.8891308871
       13.6816077368
       14.3187000327
       13.9886567508
       13.7605516970
       13.5636060078
       13.3049883399
       12.9763835527
       13.0833217807
       12.5303114991
       12.1616152060
       12.1860192935
       12.3423347415
       12.7606205537
       12.7903886372
       12.8011199946
       12.7576973961
       12.4995589098
       12.1751231499
       12.1200391328
       12.3059209175
       12.4900824975
       12.3607988365
       12.3777867017
       12.2448899192
       12.1479084867
       11.8699213957
       11.7536259464
       11.5984944394
       11.3926429570
       11.3601619824
       11.1027645278
       10.9570842430
       10.7944626033
       10.6757703526
       10.5253915132
       10.3666376570
       10.1146010597
        9.8971262259
        9.3940013585
        9.0093239869
        9.0504389503
        8.6285242002
        8.6238203519
        8.1353612678
        7.6691777180
        6.9871228004
        7.2300965147
        6.4865606157
        6.3215738223
        6.4357870877
        6.5695978675
        7.7356869923
        8.4120770232
        8.8397945147
        8.9039348673
        8.6737921642
        8.3119519728
        8.9363129981
        8.5284960700
        8.3654466009
        8.4471759351
        8.7122856661
       10.5351756957
       11.1355625442
       11.7729409897
       12.6040041204
       13.5338207659
       14.4473146490
       16.0498075041
       16.7080632441
       17.2703160339
       17.6544333045
       17.8247130397
       18.6344076226
       18.6855165193
       18.7474285215
       18.6730538273
       18.3413104556
       17.6041417911
       17.9616002544
       17.1063336045
       16.2011980088
       15.2594347731
       14.3387032998
       15.0746752154
       14.2938746664
       13.7237840597
       13.6825380726
       13.8812278251
       14.1074986858
       16.0213228760
       16.2141348468
       16.1852461175
       16.0680826866
       15.7883989816
       15.3136980482
       15.8583457473
       15.3323750011
       14.9582514750
       14.6006169374
       14.2558631786
       14.6109239173
       14.3189906859
       13.9945104901
       13.7786525326
       13.7531652465
       13.5905590768
       13.9733169055
       13.2427845254
       12.3575239465
       11.4721769842
       10.7351423260
       11.3080105082
       11.0318769717
       10.8160473522
       10.5866027371
       10.2675938500
        9.8462687874
       10.1366744351
        9.9652004527
        9.9439831561
        9.7700388016
        9.7115324928
        9.5027727034
        9.3112225819
        9.1029657131
        9.0297860975
        8.9690528009
        8.9030730932
        8.7952562388
        8.7347326810
        8.6242825631
        8.3396946677
        7.8480441086
        7.3674138336
        6.6892356459
        6.2462958008
        5.8645474547
        5.4741020847
        5.0812230128
        4.8622293780
        4.8414972269
        4.7662940397
        4.7109011836
        4.5753346126
        4.2421723359
        4.0690691706
        3.7654286774
        3.6032630158
        3.6019052599
        3.4220840200
        3.3724525502
        3.2082740945
        3.0799077204
        3.0046184472
        3.1593931327
        3.3685730432
        3.6317468169
        3.7471719793
        3.6653307883
        3.5053344195
        3.4291570226
        3.4964314506
        3.5452257511
        3.5827026095
        3.6557060872
        3.8633343552
        4.0271249834
        4.1262836911
        4.0148340919
        3.8068664498
        3.5605553727
        3.3098174660
        3.0905581975
        2.8098389551
        2.6441368537
        2.5192833612
        2.3757028382
        2.2427875413
        2.1336784836
        2.0222248561
        1.9054144568
        1.8070466755
        1.7100414527
        1.6113787597
        1.5204902445
        1.4398914398
        1.3663267036
        1.2939767200
        1.2180667480
        1.1381890874
        1.0698426621
        1.0083537214
        0.9501573811
        0.8950833218
        0.8394284467
        0.7779885890
        0.7282148456
        0.6831642765
        0.6418849334
        0.6055345666
        0.5655069577
        0.5370944453
        0.5138134455
        0.4941058600
        0.4831636752
        0.4761708930
        0.0000000000
        0.0000000000
