!------------------------------------------------------------!
  Date: 20191203
  Simulation name: BWZ7 
  Filename:transect.txt                                                                                                                                          
  Produced in mod-subroutine:  massdist/massinchannel                                                                                                                                
  Written by AK September 2019
  Description: Transects from channel sides to edges                                                                                                                
  Data format:300 EPP, 600 EPP, 900 EPP, 300 TG, 600 TG, 900 TG, 300 DPU, 600 DPU, 900 DPu                                                                          
!------------------------------------------------------------!
  -0.00000  -0.00000  -0.00000   0.00000   0.00000   0.00000             0.00000             0.00000             0.00000
  -0.00000  -0.00000  -0.00000 756.87558 272.99964 272.99984        856735.03207             0.00000             0.00000
  14.00035  14.00035  14.00035 756.87558 272.99964 272.99984          1123.56276             0.00000             0.00000
  14.00035  14.00035  14.00035 746.28452 272.99964 272.99984           589.50282             0.00000             0.00000
  14.00035  14.00035  14.00035 785.36747 272.99964 272.99984           727.88310             0.00000             0.00000
  14.00035  14.00035  14.00035 793.50243 272.99964 272.99984           816.09212             0.00000             0.00000
  14.00035  14.00035  14.00035 793.56669 272.99964 272.99984           984.59071             0.00000             0.00000
   5.34769  14.00035  14.00035 756.63196 272.99964 272.99984           779.09734             0.00000             0.00000
   3.53834  14.00035  14.00035 701.35890 272.99965 272.99984           495.87501             0.00000             0.00000
   3.20056  14.00035  14.00035 689.47582 272.99965 272.99984           313.22670             0.00000             0.00000
   3.35413  14.00035  14.00035 745.04648 272.99965 272.99984           369.73719             0.00000             0.00000
   3.43188  14.00035  14.00035 761.06365 272.99965 272.99984           461.21786             0.00000             0.00000
   3.45022  14.00035  14.00035 764.86768 272.99965 272.99984           517.89973             0.00000             0.00000
   3.44922  14.00035  14.00035 756.28279 272.99965 272.99984           499.93394             0.00000             0.00000
   3.44748  14.00035  14.00035 699.57597 272.99966 272.99984           337.26804             0.00000             0.00000
   3.48417  14.00035  14.00035 642.97882 272.99966 272.99984           220.71226             0.00000             0.00000
   3.53587  14.00035  14.00035 636.59900 272.99966 272.99984           171.11402             0.00000             0.00000
   3.61741  14.00035  14.00035 671.89704 272.99967 272.99984           167.43634             0.00000             0.00000
   3.67653  14.00035  14.00035 693.19317 272.99967 272.99984           192.07704             0.00000             0.00000
   3.69721  14.00035  14.00035 689.13583 272.99967 272.99984           186.90414             0.00000             0.00000
   3.70298  14.00035  14.00035 609.69039 272.99968 272.99984           113.41948             0.00000             0.00000
   3.79103  14.00035  14.00035 541.85082 273.25941 272.99984            94.05861             0.00000             0.00000
   3.93057  14.00035  14.00035 514.94006 363.44133 272.99984            96.39016            25.10913             0.00000
   4.08436  14.00035  14.00035 510.37530 629.85565 272.99984            88.33683           633.82854             0.00000
   4.14098  14.00035  14.00035 698.85514 721.51448 272.99984           343.75930          1776.76841             0.00000
   4.05230  14.00035  14.00035 756.34593 749.87951 272.99983           725.71064          2391.65724             0.00000
   3.76684  14.00035  14.00035 767.03794 758.21495 272.99983           874.16465          2556.98476             0.00000
   3.55198  14.00035  14.00035 769.82820 761.10394 272.99983           903.91604          2518.05535             0.00000
   3.41529  14.00035  14.00035 771.66784 761.90529 272.99983           906.60990          2351.81560             0.00000
   3.33750  14.00035  14.00035 772.18950 757.87860 272.99983           880.63819          2083.53352             0.00000
   3.34569  14.00035  14.00035 770.80710 749.39387 272.99983           840.93283          1915.07730             0.00000
   3.41781  14.00035  14.00035 766.01482 731.37593 272.99983           758.92479          1496.15586             0.00000
   3.47001  14.00035  14.00035 760.00389 701.56936 272.99983           697.42710           734.21046             0.00000
   3.52501  14.00035  14.00035 752.55290 677.49024 272.99983           594.75419           431.52187             0.00000
   3.55553  14.00035  14.00035 743.82952 676.85712 272.99983           491.05945           479.76714             0.00000
   3.58378  14.00035  14.00035 733.15321 713.71963 272.99983           414.43440          1160.94119             0.00000
   3.60641  14.00035  14.00035 722.32145 748.33899 272.99983           383.14928          2409.19323             0.00000
   3.63116  14.00035  14.00035 719.54044 764.11099 272.99983           396.27832          3196.08954             0.00000
   3.65863  14.00035  14.00035 720.23074 766.82679 272.99983           407.72104          3199.33937             0.00000
   3.64747  14.00035  14.00035 716.94503 758.52845 272.99983           386.18766          2109.25101             0.00000
   3.58044  14.00035  14.00035 687.97789 728.66621 272.99983           344.35004          1122.02107             0.00000
   3.49308  14.00035  14.00035 648.11589 712.27358 272.99983           307.98417           846.74593             0.00000
   3.50594  14.00035  14.00035 594.90006 706.31801 272.99983           262.02933           784.24221             0.00000
   3.56868  14.00035  14.00035 572.14551 703.34984 272.99982           209.44128           715.23042             0.00000
   3.60508   5.48172  14.00035 596.46970 703.05974 272.99982           152.20468           617.89791             0.00000
   3.63179   4.02235  14.00035 621.18064 707.14323 272.99982           132.91839           556.61459             0.00000
   3.64100   3.68671  14.00035 638.02219 712.24102 272.99982           121.83066           554.72194             0.00000
   3.60893   3.62618  14.00035 645.81541 718.01050 272.99982           139.99971           505.29748             0.00000
   3.58300   3.61117  14.00035 648.19076 719.77201 272.99982           228.93080           396.22283             0.00000
   3.45514   3.62439  14.00035 621.74878 719.65439 272.99982           326.07099           292.70449             0.00000
   3.29895   3.66729  14.00035 588.67603 732.47921 272.99982           371.32487           264.18235             0.00000
   3.26505   3.68517  14.00035 601.46276 748.41871 272.99982           416.92370           271.32099             0.00000
   3.40340   3.68759  14.00035 623.41804 751.28648 272.99981           429.80394           219.31785             0.00000
   3.47774   3.66958  14.00035 610.05855 751.53306 272.99981           318.49902           134.64544             0.00000
   3.51878   3.66760  14.00035 544.15552 741.25243 272.99981           197.08870           121.60236             0.00000
   3.60006   3.69201  14.00035 504.08580 728.49136 272.99981            96.69184           124.55326             0.00000
   3.78410   3.74078  14.00035 482.02851 720.41578 272.99981            41.64894           115.13171             0.00000
   3.89424   3.77702  14.00035 467.49687 713.83710 272.99981            20.67222           133.58055             0.00000
   3.89052   3.81196  14.00035 460.36832 709.68808 272.99980            15.23401           191.45916             0.00000
   3.63672   3.83781  14.00035 508.66061 709.52048 272.99980            27.06406           257.55117             0.00000
   3.43095   3.86725  14.00035 555.86317 704.83199 272.99980            53.59724           204.71544             0.00000
   3.38753   3.89835  14.00035 609.68430 676.44744 272.99980           135.47069           112.95436             0.00000
   3.38978   3.93019  14.00035 643.79734 687.04116 272.99979           280.18984            90.39031             0.00000
   3.45991   3.95400  14.00035 642.88202 732.28656 272.99979           344.10147           208.39893             0.00000
   3.49024   3.96475  14.00035 621.95613 757.89851 272.99979           330.16162           408.21531             0.00000
   3.49145   3.96612  14.00035 566.56376 755.58087 272.99979           259.18502           512.83719             0.00000
   3.63244   3.96780  14.00035 479.53234 734.41679 272.99978           143.53592           396.81987             0.00000
   3.93266   3.96910  14.00035 427.15120 651.22563 272.99978            81.42454           153.33591             0.00000
   4.03077   3.97719  14.00035 408.28917 659.20601 272.99978            60.62214            43.75482             0.00000
   4.01709   4.02162  14.00035 406.26426 667.04568 272.99977            58.70521            22.60930             0.00000
   3.88008   4.19914  14.00035 441.87628 699.02583 272.99977            78.27599            57.07360             0.00000
   3.74684   4.64130  14.00035 495.03867 727.98373 272.99976           132.63051            46.84741             0.00000
   3.65526   6.48528  14.00035 526.55221 654.17708 272.99976           258.12706            88.61250             0.00000
   3.64319  14.00035  14.00035 493.25799 643.16937 272.99975           441.27626           212.58406             0.00000
   3.63181  14.00035  14.00035 453.02621 641.99838 272.99975           510.47153           265.11754             0.00000
   3.61062  14.00035  14.00035 454.63845 717.19200 272.99974           454.49257           640.61641             0.00000
   3.56108  14.00035  14.00035 479.04676 753.04426 272.99974           428.34774          1311.59141             0.00000
   3.48646  14.00035  14.00035 495.88732 770.27611 272.99973           405.50243          2035.18007             0.00000
   3.35321  14.00035  14.00035 512.49376 780.56428 272.99972           384.49212          2533.38026             0.00000
   3.26500  14.00035  14.00035 521.13903 786.73981 272.99971           356.04806          2512.49236             0.00000
   3.25072  14.00035  14.00035 521.00580 789.72453 272.99970           340.63260          2296.56634             0.00000
   3.24755  14.00035  14.00035 516.72725 792.29685 272.99969           313.54702          2589.16389             0.00000
   3.27737  14.00035  14.00035 519.24732 793.04438 272.99968           268.32009          2891.11807             0.00000
   3.32427  14.00035  14.00035 524.00712 793.41731 272.99967           218.35260          3144.36054             0.00000
   3.38136  14.00035  14.00035 535.20923 793.80637 272.99966           181.15931          3869.13128             0.00000
   3.40905  14.00035  14.00035 530.26714 794.98006 272.99964           158.73781          5535.78954             0.00000
   3.45053  14.00035  14.00035 524.65532 796.60034 272.99963           188.83118          8897.45113             0.00000
   3.47632  14.00035  14.00035 518.81328 798.04596 272.99961           266.04467         13276.94853             0.00000
   3.48824  14.00035  14.00035 518.04246 798.65985 272.99959           263.31722         15491.85571             0.00000
   3.48680  14.00035  14.00035 519.25950 798.70318 272.99957           167.26360          7882.70490             0.00000
   3.50721  14.00035  14.00035 519.92583 770.69610 272.99955           105.12721           268.69880             0.00000
   3.56166  14.00035  14.00035 521.84513 720.53096 272.99953           122.51049            42.69866             0.00000
   3.57718  14.00035  14.00035 528.45358 722.31418 272.99951           164.51029            60.18759             0.00000
   3.56968  14.00035  14.00035 528.79695 715.55752 272.99948           240.10152           130.70677             0.00000
   3.49296  14.00035  14.00035 512.16041 710.65555 272.99946           348.56571           191.51834             0.00000
   3.42834   6.59368  14.00035 528.95797 739.29766 272.99944           386.50918           506.61783             0.00000
   3.40235   2.30080  14.00035 555.01175 796.21588 272.99943           323.81746          4120.41944             0.00000
   3.38867   1.64162  14.00035 559.88851 799.04611 272.99942           253.22968         14357.04005             0.00000
   3.37448   1.63846  14.00035 563.01550 798.87589 272.99941           223.48679         13520.38108             0.00000
   3.35311   1.42219  14.00035 584.36125 799.25586 272.99937           246.13518         18497.21502             0.00000
   3.32420   1.40328  14.00035 612.47776 799.40038 272.99930           315.04008         22116.54121             0.00000
   3.30412   1.42570  14.00035 639.60230 799.44488 272.99932           439.36288         24554.10557             0.00000
   3.27372   1.48175  14.00035 671.45110 799.27884 272.99940           628.72957         27461.70248             0.00000
   3.16287   1.57546  14.00035 704.37347 798.04420 272.99954           911.55290         30506.66219             0.00000
   3.05324   1.80549  14.00035 736.34091 796.25214 272.99945          1365.22479         27435.84202             0.00000
   2.99153   2.25189  14.00035 761.14011 796.38158 272.99932          1965.82514         26009.83269             0.00000
   2.97696   3.45034  14.00035 782.17885 796.47701 272.99933          2680.04361         19531.15902             0.00000
   2.98894   3.60997  14.00035 795.51632 795.94097 272.99942          3131.74675         11516.69091             0.00000
   3.03655   3.70533  14.00035 797.55247 791.18832 272.99951          3034.46163          4589.75007             0.00000
   3.08290   3.55284  14.00035 796.86311 768.98348 272.99970          3495.45384          1531.94171             0.00000
   3.09911   3.22738  14.00035 795.03816 754.99228 276.30171          3936.10960           826.75119             0.38792
   3.04347   3.10642  14.00035 793.75690 721.82275 320.03143          4076.97643           542.51434             2.80164
   2.95132   3.51398  14.00035 792.00067 725.83009 372.18810          4088.03945           292.10054             6.98488
   2.89196   3.51878  14.00035 789.81427 686.10355 412.80564          3981.38918           334.92636            10.64235
   2.88588   3.63116  14.00035 789.01715 593.19929 417.84556          3840.85403           422.25098            11.71458
   2.96097   3.66532  14.00035 789.67608 755.40937 398.83350          3775.84428          1941.86578            10.48500
   3.08550   3.66872  14.00035 790.65066 793.50666 354.47812          3978.05060          3329.80146             7.39630
   3.09950   3.67222  14.00035 791.38187 792.08158 312.07720          3958.09890          3250.18450             3.32791
   2.94896   3.67807  14.00035 792.27531 792.10926 283.15353          3847.90586          3287.80687             0.94658
   2.80073   3.69126  14.00035 780.40872 791.81996 273.00001          2861.42170          4099.69972             0.00302
   2.71314   3.69659  14.00035 764.65985 791.00209 272.99999          2862.40954          4607.91362             0.00000
   2.71669   3.70692  14.00035 760.93271 789.16639 273.00000          2007.70201          5238.04724             0.00000
   3.27867   3.72039  14.00035 727.41299 786.39298 273.00000           585.46497          3958.28646             0.00000
   3.31126   3.73306  14.00035 731.49366 783.61235 273.00000           506.58506          2493.27846             0.00000
   2.93662   3.72914  14.00035 737.99524 784.02541 273.00000           602.13269          2037.01403             0.00000
   3.08240   3.72041  14.00035 775.80517 780.38300 273.00000           706.77756          2127.87786             0.00000
   3.17430   3.67594  14.00035 781.73810 778.88089 273.00000           575.79281          2147.35836             0.00000
   3.15321   3.64793  14.00035 784.38334 776.34992 273.00000           591.54395          1807.19381             0.00000
   3.12306   3.80753  14.00035 783.47388 765.51207 273.00000           767.21345          1212.15686             0.00000
   3.14081   3.84050  14.00035 781.18605 744.15631 273.00000           830.99976           710.47631             0.00000
   3.15932   3.79575  14.00035 783.16844 713.40440 273.00000          1153.96618           372.64783             0.00000
   3.14098   3.80757  14.00035 781.45931 666.54103 273.00000          1444.09197           161.06836             0.00000
   3.14391   3.83230  14.00035 747.12564 641.61570 273.00002           847.50243           135.40705             0.00000
   3.37386   3.79810  14.00035 647.58746 644.58581 274.43311           180.54481           114.25636             0.10853
   3.44343   3.77885  14.00035 635.72545 624.60426 284.50179           146.17456            74.31852             0.40162
   3.44853   3.79593  14.00035 669.54664 516.21480 307.06820           133.44349            33.27243             0.14067
   3.42701   3.84104   4.43666 710.18920 455.78473 358.88016           132.42054            16.43786             1.12156
   3.41074   3.82737   3.93860 726.86912 457.85590 447.79190           153.27513            14.19649             2.60640
   3.36392   3.82103   3.78084 735.26996 484.93656 465.62028           190.69135            15.89588             5.14606
   3.31567   3.81983   3.84531 725.22068 481.72046 439.77809           209.25186            17.50175             7.72871
   3.25051   3.82868   3.95595 743.64821 455.19376 406.48428           187.72193            18.51681            11.33110
   3.18275   3.87399   4.32880 762.56452 447.82806 397.87951           481.46933            20.22132             9.67586
   3.13102   3.93181   4.03402 728.22404 452.46630 391.78056           590.79059            21.61405             7.81065
   3.38971   3.93543   3.91803 736.13253 468.63048 508.75581           108.65855            22.71794            19.72085
   3.28832   3.92431   3.90844 743.67973 492.03502 599.78696           118.60804            24.36674            46.01919
   3.20751   3.88979   4.43291 742.09607 507.13070 621.80614           208.94139            26.19941            31.82757
   3.20751   3.84731   5.57098 728.62259 507.47799 623.16977           259.99971            33.09302            29.66328
   3.38132   3.84202   4.15006 678.33542 480.72288 620.74106           219.74539            43.26590            35.18635
   3.56746   3.86688   3.63848 645.20853 462.67756 612.34536           330.99236            50.71676            38.50884
   3.73996   3.98156   3.59148 666.78305 455.48483 602.83732           306.78621            50.39795           184.17195
   3.67645   4.20126   3.57144 649.51337 473.10229 567.67290           164.94035            53.05855           336.81252
   3.78300   4.08516   3.84618 569.39812 512.08454 572.30001            50.30637            57.20075           335.91457
   3.91107   4.04377   3.99048 569.18577 504.79523 552.81990            23.03194            57.92814           227.83155
   3.95659   4.14126   3.91526 551.78535 493.00613 556.22825            21.15532            47.84316           205.74126
   3.95531   4.23590   3.66246 539.36474 511.07852 569.42461            16.24038            18.98683           200.83593
   3.84981   4.06937   3.54748 506.69585 514.70444 642.47130            14.52246             9.45280           278.44363
   3.75134   3.93722   3.57700 493.89077 505.56926 658.13597            20.62908            11.56351           350.67922
   3.69686   3.95138   3.58988 523.41055 501.61700 642.38041            24.12671            16.58407           400.73950
   3.65108   3.95570   3.58202 629.47246 497.07984 600.71927            50.44897            18.73483           326.88626
   3.58249   4.02120   3.50864 731.86537 483.02929 609.43855            94.92659            19.90841           312.18141
   3.39196   4.16679   3.51749 748.96790 458.56601 649.89727           107.99311            22.29823           316.15843
   3.22995   4.30324   3.55040 738.83629 465.35366 652.15260            94.30007            23.18404           505.61623
   3.10395   4.38488   3.47250 718.76832 513.71337 650.65577           112.30721            25.49287           759.33194
   3.16581   4.46035   3.35434 732.02905 532.52750 657.53778           151.91350            35.77217           928.96558
   3.11108   4.62807   3.41489 743.26018 501.96350 660.71714           194.67560            36.44868           939.86423
   3.16453   4.83042   3.43852 739.82146 365.60278 652.41678           211.60700            20.64103           953.54744
   3.55559   5.06352   3.46489 694.60132 294.69566 615.77470            95.45191             6.11477           780.65944
   3.64545   5.12808   3.53958 640.94837 313.06957 635.50572            89.99347             8.86419           600.59317
   4.02767   5.15335   3.49647 688.15619 474.66650 646.48746           210.03540            13.99998           506.18542
   4.10839   5.22576   3.49839 754.96636 563.21616 639.96420          1139.16256             3.66614           320.46694
   4.23136   5.18396   3.48038 784.63636 478.28545 634.99870          2445.04362            15.95388           204.40549
   4.48629   4.97718   3.38886 790.28929 513.72497 637.79055          3069.99850            12.99079           177.81226
   4.88052   4.61426   3.32613 791.11345 546.40477 654.80685          2860.78301            25.51257           222.79371
   4.85979   4.23991   3.33657 789.18847 568.72793 651.30462          2026.16533            85.54432           259.42356
   4.59994   4.04920   3.44981 776.38857 571.37770 665.80637          1242.22500           280.59669           175.59747
   4.37034   3.96100   3.46843 765.77234 506.45321 673.73970           925.42683           342.84332           137.64483
   4.20148   3.92581   3.40402 760.63301 442.63548 668.10911           783.07508           235.53745           138.50013
   4.12851   3.88655   3.36962 749.26052 453.64407 652.65438           631.73679           153.78383           156.12670
   4.15796   3.99829   3.38916 727.34946 473.31428 661.24986           290.38316           177.74809           175.26326
   4.32400   4.30266   3.39216 702.76655 500.83878 668.43612           106.05073           320.04918           225.31008
   4.63555   4.35518   3.36884 701.28886 517.64718 664.46384            38.20195           518.21371           230.59206
   5.00127   4.25859   3.37993 725.57702 523.29618 647.33051            20.94532           569.97338           178.46343
   5.00669   4.07562   3.42929 748.59801 524.94968 632.32533             9.84235           491.14440           143.42570
   5.08075   3.97278   3.57141 752.85765 516.87576 656.48552             1.99210           321.44017           159.09577
   5.25570   3.89422   3.53331 753.28028 537.13116 662.88299            25.68383           343.58392           123.80748
   5.50176   3.81690   3.48439 765.48155 583.08885 627.90123            71.36233           494.60861            47.34222
   5.73148   3.77194   3.56887 785.25055 583.66295 601.74236            26.39088           468.70029           140.46286
   5.75703   3.83260   3.50048 788.70141 567.10563 589.82946           273.66480           384.44739           174.19791
   5.12086   3.93400   3.51842 762.42257 544.82171 624.81072           290.30710           441.06282           155.49345
   4.42136   3.91756   3.52998 715.63839 507.67468 608.30269           184.33973           627.43150           149.40540
   4.17519   3.89018   3.49214 713.47643 512.24078 605.34578            94.44669           685.52396           140.52472
   4.08639   3.88411   3.52778 746.40091 571.91968 614.32179           127.86653           768.03372           144.99978
   4.05283   3.75747   3.60844 581.22534 599.91385 622.72065            51.94359           635.97026           149.00534
   3.97919   3.49833   3.56984 501.98455 574.36291 607.34784            38.63219           539.69584           255.49673
   4.02004   3.65947   3.65508 472.31226 631.25070 500.66098            24.39709           477.64349           302.93611
   4.01662   3.64373   4.53624 466.38644 660.19664 452.27683            12.49514          1332.52337           175.31358
   4.15041   3.58032  14.00035 451.08564 685.81057 465.13488            18.41696          1956.46345            85.77358
   4.30929   3.37715  14.00035 449.01359 698.25666 509.25708            15.76780          1970.01224            81.84689
   4.33129   3.19178  14.00035 449.83790 704.38357 535.74805            30.07008          2065.76489           161.60255
   4.32834   3.11625  14.00035 450.85847 717.46109 626.29341            32.94495          2290.30448           318.70297
   4.26963   3.09438  14.00035 457.10623 744.05649 672.01167            29.83851          2808.13254           512.24439
   4.24866   3.10779  14.00035 474.67011 765.02718 682.58450            27.70299          3445.19366           886.90256
   4.15334   3.16465  14.00035 506.64297 774.96265 722.16327            34.64220          4142.98180          2612.91721
   3.96961   3.23537  14.00035 594.38943 781.05847 774.55224            67.93731          4633.49723          4507.63240
   4.04469   3.21665  14.00035 706.79071 787.48412 795.04437           145.82651          5064.47816          5158.68230
   4.28403   3.15597  14.00035 768.59929 792.65142 792.82681            72.96996          5621.69000          4587.26625
   4.61498   3.03961  14.00035 771.22212 796.66276 782.96338           136.74498          6361.70614          3306.60068
   4.49568   2.92071  14.00035 764.12594 797.75816 785.68640           285.57127          7517.15943          3735.26790
   3.93330   2.92035  14.00035 725.86744 798.11253 759.67664           277.52243          8899.28371           934.64663
   4.00378   2.97752  14.00035 669.61940 798.27090 331.34287           188.25684          9921.90039             5.31198
   4.45940   3.08176  14.00035 636.56287 798.29903 273.02932            59.20616          9487.70300             0.01451
   4.54119   3.19887  14.00035 675.35856 798.30069 273.00846            59.09391          8258.12687             0.00510
   4.15005   3.28902  14.00035 744.66149 798.27195 273.00421           133.74987          7177.77613             0.00031
   4.16292   3.33178  14.00035 678.98803 798.25872 273.00156           103.66479          6786.75461             0.00000
   4.19897   3.32863  14.00035 682.35108 798.23700 273.00005            82.66375          6466.89942             0.00000
   4.14052   3.28558  14.00035 741.75301 798.21188 272.99985           437.63268          5904.76208             0.00000
   4.03196   3.20503  14.00035 762.15990 795.38507 272.99983          1060.53921          5149.61617             0.00000
   3.89448   3.12604  14.00035 778.44977 787.73105 272.99980          1558.25114          4380.87839             0.00000
   3.76960   3.06618  14.00035 790.15083 777.80593 272.99977          1767.77425          3731.31769             0.00000
   3.72789   3.03488  14.00035 795.95890 771.01825 272.99980          2140.68229          3244.49726             0.00000
   3.73396   3.02099  14.00035 795.66270 764.85838 272.99983          2465.22517          2930.11935             0.00000
   3.66444   3.03112  14.00035 799.51426 758.37459 272.99984          3571.69239          2742.46785             0.00000
   3.52028   3.04716  14.00035 799.77526 752.11047 272.99985          3732.48754          2577.21592             0.00000
   3.74631   3.04940  14.00035 799.76684 750.72035 272.99985          2820.50273          2315.38208             0.00000
   4.16629   3.02557  14.00035 799.71382 750.21960 272.99985          2852.52990          2186.76285             0.00000
   4.48973   3.01568  14.00035 799.37524 748.87693 272.99985          3042.98780          2267.96464             0.00000
   4.65007   3.00812  14.00035 799.14286 755.48504 272.99985          1824.04462          2731.80192             0.00000
   4.66244   2.98769  14.00035 794.60346 775.26520 272.99985           584.33794          3668.58985             0.00000
   4.48310   2.91404  14.00035 775.15291 789.81930 272.99985           255.09356          5164.73777             0.00000
   3.97944   2.75208  14.00035 764.25566 795.48019 272.99985           401.39122          7327.38497             0.00000
   3.61004   2.63135  14.00035 712.20258 796.51949 272.99985           495.24760          9678.43337             0.00000
   3.51558   2.57552  14.00035 559.44358 797.11128 272.99985           213.37828         11007.06493             0.00000
   3.65539   2.57777  14.00035 458.90154 797.78783 272.99985            48.96760         11228.90279             0.00000
   3.68044   2.64120  14.00035 441.88991 797.91462 272.99986            41.25704         10653.48920             0.00000
   3.69924   3.01258  14.00035 456.43421 798.01837 272.99986            37.67613          8550.06253             0.00000
   3.69156   3.15393  14.00035 488.48267 797.18109 272.99986            38.13339          6301.96178             0.00000
   3.67427   3.17343  14.00035 550.45381 790.84233 272.99985            42.80155          4487.37249             0.00000
   3.59043   3.27914  14.00035 516.73780 777.25615 272.99984            52.95446          3170.15649             0.00000
   3.59051   3.36020  14.00035 469.65496 751.25132 272.99982            74.98985          2224.45951             0.00000
   3.61494   3.19224  14.00035 499.62997 720.90599 272.99979           122.27835          1586.94265             0.00000
   3.56987   3.03975  14.00035 507.56278 715.96230 272.99977           215.58977          1364.47086             0.00000
   3.62145   3.07423  14.00035 483.55856 729.86797 272.99976           178.61309          1479.47188             0.00000
   3.80011   3.07132  14.00035 525.40779 728.55031 272.99977            98.01206          1348.69107             0.00000
   4.09059   3.02671  14.00035 553.92700 725.58080 272.99977            59.61193          1306.36859             0.00000
   4.18484   2.92576  14.00035 540.27621 714.09745 272.99977            38.39214          1655.31338             0.00000
   4.21865   3.12151  14.00035 520.18324 734.64267 272.99977            24.36795          2115.20167             0.00000
   4.15582   3.53337  14.00035 529.99335 760.10648 272.99978            12.47404          2542.45603             0.00000
   4.04130   3.71399  14.00035 546.86323 776.64981 272.99978             4.21906          2901.93141             0.00000
   4.04947   3.62862  14.00035 557.18420 785.19310 272.99978             1.73306          3223.73565             0.00000
   4.22253   3.33609  14.00035 559.06085 787.17674 272.99978             2.60878          3559.94884             0.00000
   4.50688   3.02485  14.00035 556.72971 787.86944 272.99978             3.59425          3967.46402             0.00000
   4.54864   2.97331  14.00035 541.61460 787.90828 272.99978             7.21834          4482.98711             0.00000
   4.45678   3.09460  14.00035 499.96530 788.93460 272.99978            12.85803          5093.05325             0.00000
   4.42511   3.32817  14.00035 474.32783 790.39696 272.99978            19.40261          5722.00194             0.00000
   4.42074   2.94660  14.00035 472.94733 791.25461 272.99978            24.62970          6231.39992             0.00000
   4.38464   2.80125  14.00035 492.90906 791.55666 272.99978            31.80242          6481.23104             0.00000
   4.26964   2.73454  14.00035 495.39214 791.46363 272.99978            38.18648          6487.25725             0.00000
   4.23320   2.70707  14.00035 471.81676 790.19392 272.99978            28.31168          6270.04068             0.00000
   4.29230   2.67901  14.00035 454.64033 784.50063 272.99978            21.20219          5815.42837             0.00000
   4.42879   2.64624  14.00035 445.89757 770.34351 272.99978            18.38702          4908.56645             0.00000
   4.68554   2.62437  14.00035 426.71217 754.91068 272.99977            14.75786          3611.22738             0.00000
   5.14070   2.75551  14.00035 379.75193 747.91436 272.99977             7.53964          2837.06878             0.00000
   5.30579   2.91019  14.00035 326.10178 717.04291 272.99977             2.59582          1944.95048             0.00000
   5.41214   3.10379  14.00035 291.03970 617.95131 272.99977             0.71853          1013.18400             0.00000
   5.64308   4.19295  14.00035 278.60910 565.18162 272.99977             0.18189           653.35701             0.00000
   6.46881  14.00035  14.00035 275.86317 563.04615 272.99977             0.06189           475.96056             0.00000
   6.39631  14.00035  14.00035 275.54727 571.03986 272.99976             0.03883           428.55528             0.00000
   6.24891  14.00035  14.00035 276.76228 571.55890 272.99976             0.05191           361.05926             0.00000
   6.23782  14.00035  14.00035 280.81503 566.83406 272.99976             0.07714           267.69061             0.00000
   6.58645  14.00035  14.00035 285.33722 559.83100 272.99976             0.08296           198.45760             0.00000
   6.68036  14.00035  14.00035 291.28922 552.77762 272.99976             0.09283           172.52325             0.00000
   6.70942  14.00035  14.00035 298.95986 547.46905 272.99976             0.15888           183.28586             0.00000
   6.75892  14.00035  14.00035 314.32014 548.06287 272.99975             0.38433           207.09953             0.00000
   6.81471  14.00035  14.00035 332.31324 554.23342 272.99975             1.08282           234.77048             0.00000
   5.97481  14.00035  14.00035 345.53512 564.56575 272.99975             2.55091           252.93366             0.00000
   5.28779  14.00035  14.00035 355.96918 565.16408 272.99975             4.50468           256.46195             0.00000
   4.95894  14.00035  14.00035 365.76986 560.96195 272.99975             6.06987           258.45976             0.00000
   4.66049  14.00035  14.00035 378.87957 560.17297 272.99974             6.68164           270.92066             0.00000
   4.43903  14.00035  14.00035 368.55719 563.69633 272.99974             4.85431           300.92218             0.00000
   4.51798  14.00035  14.00035 359.48196 578.62544 272.99974             3.54186           380.34385             0.00000
   4.59703  14.00035  14.00035 394.02588 605.17165 272.99974             6.89764           540.46427             0.00000
   4.73887  14.00035  14.00035 514.26250 662.51865 272.99974            15.50653           993.36497             0.00000
   5.09280  14.00035  14.00035 618.34135 740.06938 272.99974            21.38887          2323.80808             0.00000
   5.30679  14.00035  14.00035 620.27042 772.25159 272.99973            13.68765          2773.23143             0.00000
   5.43662  14.00035  14.00035 600.26088 764.53617 272.99973            17.01406          2341.49296             0.00000
   5.47123  14.00035  14.00035 579.97732 735.53319 272.99973            33.08969          1387.61504             0.00000
   5.52439  14.00035  14.00035 552.80257 732.69804 272.99973            55.26148          1227.37047             0.00000
   5.64153  14.00035  14.00035 542.39662 741.82878 272.99973            84.07352          1400.84309             0.00000
   5.72405  14.00035  14.00035 534.82060 757.26712 272.99973           105.86636          1811.54906             0.00000
   5.38567  14.00035  14.00035 531.97170 770.74060 272.99973           107.43211          2489.62675             0.00000
   4.77011  14.00035  14.00035 535.45490 780.40043 272.99973           101.19738          3200.59093             0.00000
   4.56398  14.00035  14.00035 594.43148 786.52492 272.99972           104.62221          3975.93826             0.00000
   4.45618  14.00035  14.00035 682.25936 790.34250 272.99972            97.99886          4815.23793             0.00000
   4.35837  14.00035  14.00035 656.78882 789.63734 272.99972            78.74975          4898.54052             0.00000
   4.20238  14.00035  14.00035 452.20335 778.75663 272.99972            16.83948          4111.06222             0.00000
  14.00035  14.00035  14.00035 354.01223 738.00048 272.99972            10.95737          2055.05609             0.00000
  14.00035  14.00035  14.00035 370.97830 618.94328 272.99972             9.97373           577.35567             0.00000
  14.00035  14.00035  14.00035 404.08990 321.87738 272.99972            12.42238             3.04115             0.00000
  14.00035  14.00035  14.00035 497.79426 272.99916 272.99972            20.53608             0.00000             0.00000
  14.00035  14.00035  14.00035 564.01757 272.99916 272.99972            23.60888             0.00000             0.00000
  14.00035  14.00035  14.00035 744.76156 272.99916 272.99972           202.50880             0.00000             0.00000
  14.00035  14.00035  14.00035 798.73066 272.99919 272.99972          2433.66282             0.00000             0.00000
