!------------------------------------------------------------!
  Date: 20191120
  Simulation name: BWZ7 
  Filename:edge_vel.txt                                                                                                                                          
  Produced in mod-subroutine:  massdist/edgevelocity                                                                                                                                 
  Written by AK September 2019
  Description:Velocity pointing out of curve edge1 depth average summed over time                                                                                   
  Data format:XXX perpvel1 perpvel2 minvel1 minvel2                                                                                                                 
!------------------------------------------------------------!
          3.0000000000          0.0000000000          0.0000000000          0.0000000000          0.0000000000
          6.0000000000         20.5544698222          4.4116108309         -6.6245245297        -20.5544698222
          9.0000000000          6.3064336445          9.6662360530        -15.7485340077         -9.8571636471
         12.0000000000          5.5449234533         12.0032003285        -23.0764061292        -14.2116202814
         15.0000000000          4.4858223918         16.1217124989        -27.1380228689        -18.3998338004
         18.0000000000          6.1345655986         17.4824612053        -22.7715150855        -14.4721453982
         21.0000000000          6.6028030557         14.2694128812        -24.3084433126        -16.7434254693
         24.0000000000          5.8675459147          8.9564199398        -27.6661435021        -13.4471247032
         27.0000000000          8.5595361137         11.4366302700        -29.3637255702        -10.1972147342
         30.0000000000          9.0617260833         10.1491339138        -33.4454542890         -7.9324827054
         33.0000000000         10.1760090235         10.2019237751        -35.7239003565         -9.4706194998
         36.0000000000          3.9857020763         11.1626426254        -33.7012497612        -17.2948512869
         39.0000000000          2.0626168827         12.7622027730        -30.0720723877        -14.7769770712
         42.0000000000          1.8768673263         17.1894020286        -30.9873946555        -10.2917939220
         45.0000000000          1.7108583171         23.6172320403        -27.9295506471        -12.0254156406
         48.0000000000          2.1043866437         28.3365260388        -29.2026483225        -13.6349898442
         51.0000000000          3.1779378126         28.7788439183        -28.3927231500        -14.7352832216
         54.0000000000          5.3469718332         28.0871785638        -26.8600314937        -15.6211882453
         57.0000000000          4.9273426212         33.8269767248        -20.7559539710        -13.7670321937
         60.0000000000          5.6290388150         44.5303344551        -20.8027174727        -15.6750081753
         63.0000000000          4.7534468260         49.3775222290        -20.0363690078        -16.7642297972
         66.0000000000          2.0778169952         53.0648181273        -20.0715644106        -12.9723441146
         69.0000000000          1.6235392338         55.5684546061        -16.5299909836        -13.4180432016
         72.0000000000          1.7624780053         53.6617325300        -16.4451660493        -11.7720292557
         75.0000000000          1.9010955303         45.9703570714        -17.1141971295        -11.6059620245
         78.0000000000          1.9978767549         41.2012715925        -14.8987070033        -12.6239667752
         81.0000000000          2.1379200457         40.7528308605        -18.7075982147        -10.9237941288
         84.0000000000          2.2774797216         40.4482510405        -16.9482643953         -9.3120444262
         87.0000000000          2.3793693039         44.4950545861        -20.3477738177        -10.3187908359
         90.0000000000          2.5183708925         50.0282536766        -21.2170719713         -9.3709544105
         93.0000000000          2.6209965609         66.2235368767         -9.7993949694         -9.1879808012
         96.0000000000          2.7570123667         70.1821239424        -20.7191996860         -7.2591340629
         99.0000000000          2.8570450401         69.6562467917        -15.4886137606         -6.8403451435
        102.0000000000          2.9874149523         62.6004674768        -14.7445619005         -5.6462304901
        105.0000000000          3.0815036999         64.2298563952        -11.1811619180         -5.4039531720
        108.0000000000          3.2031769181         65.3876803627        -11.3187812179         -3.9087665531
        111.0000000000          3.2877714188         72.7969339358        -10.4458249230         -4.5161744228
        114.0000000000          3.3663534374         74.3222276696        -19.1305702362         -4.7142555789
        117.0000000000          3.4687031321         68.4947452794        -16.9311864845         -5.4536290308
        120.0000000000          3.5323358011         66.2015035560        -13.6757945572         -5.7650753034
        123.0000000000          3.5872847895         64.2689976233        -15.3814163738         -6.8395493288
        126.0000000000          3.6623746243         64.4964475565        -15.6000624425         -8.6782264996
        129.0000000000          3.6974837588         63.7163949300        -17.1348991027         -8.4529946377
        132.0000000000          4.2037413262         60.2713159330        -20.5584311390         -8.1420697980
        135.0000000000          6.7732365220         59.3438414361        -24.4180879242         -8.0810360747
        138.0000000000          7.7888081871         62.9627463350        -28.4293294336         -7.1532730718
        141.0000000000          7.8039289277         67.9190005395        -31.5896806288         -5.9850207801
        144.0000000000          6.1133303663         73.7073904480        -30.3173243762         -6.8196187144
        147.0000000000          4.9464233315         73.1982675159        -33.2342650801         -6.9427625625
        150.0000000000          6.5702678629         68.6052961005        -30.5309925575         -8.0065778455
        153.0000000000          6.8549551131         60.6257281717        -29.6485066038         -5.1048000385
        156.0000000000          9.5304428015         62.6061113102        -31.0679937332         -7.3241786558
        159.0000000000         10.2713915400         80.1853615577        -32.5960863606         -9.8333594549
        162.0000000000         10.8942737042         81.1114037989        -33.6782000689        -10.9303537301
        165.0000000000         10.8835354558         82.1142602410        -32.9891661670        -12.8089661698
        168.0000000000         10.8336927360         82.2431143470        -35.4671394492        -13.7366532111
        171.0000000000         14.0427168739         81.4863276930        -37.3087128548        -12.9443027923
        174.0000000000         17.5621780815         86.2334567755        -39.1588809444        -13.2918869491
        177.0000000000         18.8617057835         88.9207439919        -41.2798474137        -14.6546120027
        180.0000000000         19.3476144091         89.3936771189        -42.9669858877        -14.5222723440
        183.0000000000         18.3624187409         86.2852023467        -43.9475572479        -14.0124903262
        186.0000000000         11.9602544242         84.7533041911        -45.8482021867        -13.0346585175
        189.0000000000         12.2170276037         88.0592999028        -49.1374755508        -13.0623391289
        192.0000000000         12.7974962730         87.3060981008        -52.1787469269        -17.4527753723
        195.0000000000         12.7898181373         87.3963386120        -54.3915291456        -19.8119791686
        198.0000000000         14.8851891676         76.8502327446        -56.1316922584        -19.4240980025
        201.0000000000         14.5203192753         86.2419728244        -56.4054912056        -17.3209658411
        204.0000000000         12.0374110055         92.6227538693        -54.6635252207        -18.2500776261
        207.0000000000          6.8994956352         97.5897958968        -55.5889736536        -18.9731392265
        210.0000000000          5.0661246869         87.3717078171        -58.0028321366        -16.9972951229
        213.0000000000         15.3879970158         74.3196474410        -58.8530320613        -30.3070944438
        216.0000000000         20.3286918180         74.1473072805        -59.4082374120        -38.1737357712
        219.0000000000         26.6232102363         83.9735841925        -62.9045008120        -37.8121849305
        222.0000000000         20.9636386939         87.2206283283        -61.9915561390        -35.8300890805
        225.0000000000         15.0659516181         87.0028866856        -61.9108235417        -38.4690880792
        228.0000000000         13.6631198151         90.7825134691        -62.7512607848        -38.0296720304
        231.0000000000         14.0671703096        102.9126612910        -62.9401140228        -42.9094779486
        234.0000000000         12.6481799984        102.5020802860        -63.1037644647        -45.7226474920
        237.0000000000          8.0025790132        102.1121793802        -62.4494836779        -48.7542173983
        240.0000000000          9.1052385949         91.6605208839        -60.8936694566        -46.1307583389
        243.0000000000          1.9127680759         87.3935725578        -61.0551827918        -32.0020315064
        246.0000000000          2.3029841192         78.4207034219        -62.0466144371        -31.0920516224
        249.0000000000          1.7048548117         82.1118308923        -61.0355172287        -31.5684933530
        252.0000000000          2.2310016300         92.0377082546        -60.4159294307        -30.5323565291
        255.0000000000          2.8952225090        101.5610982492        -59.6469026148        -28.6563483208
        258.0000000000          3.6573342276        104.2899135425        -58.7338479307        -29.9582534837
        261.0000000000          4.3183646837        110.5073168023        -60.8516279437        -42.3380156046
        264.0000000000          5.5054105801        112.9566975243        -61.2950522710        -38.2452216154
        267.0000000000          5.1229906709        123.9577765611        -60.3627307559        -39.0037513708
        270.0000000000          6.5492977963        126.3471010141        -58.7695892214        -35.9372078964
        273.0000000000          7.6078084085        118.2681039967        -56.5486460440        -32.2049136092
        276.0000000000          7.8629009552        114.7893103629        -55.2130095336        -29.5403411447
        279.0000000000          8.9856037403        106.0643881132        -56.7827806813        -34.3953849406
        282.0000000000          9.5340240917        100.2841989602        -55.4684919798        -29.3185893259
        285.0000000000         10.8199953889        108.2647156954        -54.9823976176        -30.0384398671
        288.0000000000         11.4098176322        112.6661663263        -54.7819297718        -43.0146196633
        291.0000000000         11.1756483083        114.9617455559        -52.2394765342        -40.2701239914
        294.0000000000         11.2341822636        119.0869229861        -50.7139316186        -36.8435036217
        297.0000000000         13.1871808862        120.5152452136        -49.9416387260        -33.7486825081
        300.0000000000          8.8359814341        118.3622953705        -47.5302421863        -34.0924379402
        303.0000000000          7.5956460323        112.2731982281        -43.8898475973        -34.8135914195
        306.0000000000         12.5982747466        110.1722899735        -40.9298931958        -32.6426627611
        309.0000000000         17.3271536833        116.8487161450        -41.0236608098        -40.1726465531
        312.0000000000         19.8965457400        124.5963601576        -40.0787937617        -41.6632884829
        315.0000000000         20.2474448508        124.3675084139        -37.5894656850        -42.9608466743
        318.0000000000         19.5600259497        129.6338276061        -34.3039038105        -55.8091560754
        321.0000000000         20.1595051797        125.4509124524        -29.8418613174        -44.3206473556
        324.0000000000         20.9930600421        111.5282478473        -24.0457792673        -44.4802481290
        327.0000000000         22.7742721673        104.3569654232        -22.9083721307        -40.9353812498
        330.0000000000         23.0762620051         97.2128605134        -26.4161249503        -35.8056602396
        333.0000000000         29.4135018170        113.9769357303        -26.3808926879        -34.9464987360
        336.0000000000         39.9782534470        118.1490385081        -24.2600435572        -28.7575600515
        339.0000000000         38.5536807659         98.0722750522        -23.6084902232        -30.0700598138
        342.0000000000         36.5333798046         65.8672123379        -21.6434365184        -43.9080495065
        345.0000000000         32.5501724193         37.4705098638        -17.9013388183        -47.3634315768
        348.0000000000         28.4526566196         22.0641952032        -16.2739435580        -50.1142878543
        351.0000000000         26.9896741216         27.7960223364        -13.8217534260        -32.3194817916
        354.0000000000         28.4383846340         32.2087224900         -7.4379258010        -30.7763979070
        357.0000000000         29.8241383503         16.3057094370         -8.0514258116        -34.7909395871
        360.0000000000         32.8653093210         21.4735492146        -15.1590598906        -35.5434625081
        363.0000000000         37.3986386461         26.5664169816        -14.4064913585        -34.5235360080
        366.0000000000         38.5949623916         46.4251011284        -10.7295675542        -30.8953965782
        369.0000000000         36.5866769386         39.2285718682         -9.9191956784        -29.5146714273
        372.0000000000         36.1136176561         35.8338392128         -8.0645533906        -28.0241218137
        375.0000000000         35.3451894258         24.7469177134         -8.7736539977        -22.4253449202
        378.0000000000         34.3407492115         27.2477652570         -8.4702858072        -11.4366711643
        381.0000000000         35.1218971724         22.6717447576         -5.3421492923        -22.9035473819
        384.0000000000         35.9196658577         29.2472316790         -2.3599273309        -22.6004105629
        387.0000000000         35.8954737563         31.8580307975         -2.2161606743        -27.2658966269
        390.0000000000         38.4720684406         34.1698264859         -3.9392351657        -26.8931892327
        393.0000000000         38.0113078256         32.1142632099         -3.4896379217        -16.0309573846
        396.0000000000         36.4510655813         29.5898847827         -5.0794239532        -35.2470590164
        399.0000000000         38.5793731865         26.7300796789         -2.9603226262        -30.3573913977
        402.0000000000         37.8598481982         20.1607198311         -6.2692915190        -30.3358987079
        405.0000000000         44.0951337278         22.1857277792         -4.6108215241        -43.2277752935
        408.0000000000         47.5392704866         27.6766337547         -5.7065727507        -56.6861416669
        411.0000000000         53.6690813675         26.5531293451         -7.1937745650        -59.3515540529
        414.0000000000         59.8943746947         25.7682584639         -7.4088503221        -60.0320945153
        417.0000000000         61.1763876705         19.2715008737        -13.6290285706        -56.3735910121
        420.0000000000         60.0048108602         15.2101260530        -13.0828927478        -51.8431915545
        423.0000000000         56.5555985331          6.6909697392        -13.6217806506        -43.0285949019
        426.0000000000         59.8028586688          2.5689107782        -18.1503097641        -34.2528410427
        429.0000000000         57.8977518468          7.1261829574        -20.0822572284        -36.8271925531
        432.0000000000         55.8502779218         13.1407827619        -23.1509450281        -52.7708270356
        435.0000000000         54.2253559060         13.0606100824        -24.9335324016        -56.6952173349
        438.0000000000         52.0047700601          9.3563091451        -23.9845107877        -56.3375475672
        441.0000000000         71.4667139497          8.2576562494        -18.5381480551        -58.4791277295
        444.0000000000         69.7338209324          6.3740131454        -11.6839289237        -58.5320463640
        447.0000000000         68.2985374728          8.1851956988         -7.5102106633        -61.3175059866
        450.0000000000         62.2863821930          7.7285238518         -8.1454944730        -62.2196909618
        453.0000000000         68.4522253072          7.8221995650         -7.5286163914        -61.5723951156
        456.0000000000         68.9642175953         14.9650003945         -9.0298416833        -58.4109903431
        459.0000000000         85.0320183606         20.3508318372        -12.3622783332        -54.6094977024
        462.0000000000         85.4495917146         21.4584213191        -10.8634471555        -50.4388983791
        465.0000000000         85.6363618452         19.5697792233         -8.0134498115        -49.0712579292
        468.0000000000         85.4858821211         18.9081894458         -9.1898393437        -44.5398151567
        471.0000000000         85.2148619042         15.4003497858        -13.6832771598        -41.3748728895
        474.0000000000         91.6326003874         15.1104482036        -16.7717220542        -40.3129946816
        477.0000000000         94.0014223610         17.9896370410        -30.5374294827        -38.3117047731
        480.0000000000         94.5295182062         18.1841752985        -33.3144551191        -40.3145074371
        483.0000000000         94.8768585775         18.2149714420        -35.9992120521        -39.7923408377
        486.0000000000         98.6140398057         18.2367230325        -33.8186101551        -38.0616569558
        489.0000000000         98.6772760769          9.8909556225        -25.5443660327        -43.1948826232
        492.0000000000         98.1927046184         13.0105736900        -17.3390616218        -48.5213355120
        495.0000000000        101.0112532517         12.8824536580         -8.9476986290        -49.8520571305
        498.0000000000        100.6111848298          8.4485988393         -6.2814609193        -50.7595782044
        501.0000000000        102.7697068234          9.7174507591        -13.1762815018        -45.3509934821
        504.0000000000        100.1626391039         10.4022579364        -16.5927962590        -42.4048712153
        507.0000000000         98.5372132386          6.2380953007        -27.9498389411        -35.8840093754
        510.0000000000         98.0745507026          5.3964199927        -24.8934251116        -33.5838098964
        513.0000000000         99.3802411560          7.8838303767        -23.4554272131        -35.6464471108
        516.0000000000         97.1709193324         10.0157256643        -18.0676915385        -35.7901633675
        519.0000000000         96.3455880973         23.8246832840        -25.5576879235        -33.0787550543
        522.0000000000         96.9133832020         30.5559017466        -23.4074519313        -35.0564780059
        525.0000000000         88.0456462367         27.6741038118        -21.0639874021        -40.8100216937
        528.0000000000         96.4718661004         17.9247143734        -21.5025586121        -45.0694072945
        531.0000000000        104.6011091275         18.4017090329        -23.6009194857        -48.8860437709
        534.0000000000         95.2554140800         17.9275900938        -16.2984474482        -49.9535434742
        537.0000000000        100.5384686724         16.0898923505        -18.9992134727        -50.6411771683
        540.0000000000        109.3434738161         23.9790505065        -20.8058456611        -49.8858643372
        543.0000000000        108.7693199459         27.0616207934        -21.8419614739        -56.4687537427
        546.0000000000        100.5788532960         31.3902699509        -30.8351752029        -58.2635787337
        549.0000000000         82.6428590234         29.7612284286        -26.7352620439        -57.9804124207
        552.0000000000         61.5317736898         24.7678312047         -7.3563151640        -57.7479234499
        555.0000000000         58.7485261727         20.3712174693        -12.0107327228        -57.9384931422
        558.0000000000         47.4931248033         13.9038110423        -16.3455698486        -59.1685422145
        561.0000000000         61.4937114616         11.4720410201         -9.9725386336        -60.0924660435
        564.0000000000         75.7882287976         10.8857232157         -8.0111937413        -62.9779572021
        567.0000000000         66.5261503421         10.7217175455        -10.3573810514        -66.9623976195
        570.0000000000         60.7327636838         10.9748972660         -9.1498302839        -64.8423733871
        573.0000000000         48.6403766982         11.3017313772        -11.5040827069        -58.8752968705
        576.0000000000         59.1624749259         11.5395979844        -12.0048991631        -55.4300424469
        579.0000000000         77.6425170584         13.1031607602         -3.7974899808        -53.7931192274
        582.0000000000         73.3856020494         13.2248917499         -4.0403827932        -52.6181338718
        585.0000000000         89.0687382223         12.9530758018        -15.5232311860        -51.8777573296
        588.0000000000         91.8532572003         12.5400025047         -4.3121738319        -49.7771999665
        591.0000000000         82.9540624526         12.3461601717        -14.4878313004        -49.1550738142
        594.0000000000         79.9371376836         12.4116974756        -23.8814681381        -49.1641606832
        597.0000000000         80.1570374230         10.7062000736        -22.6460508680        -48.3425145772
        600.0000000000         76.4309089452          9.5119381506        -15.4149019680        -43.8485086252
        603.0000000000         60.3193317912          8.6720149381        -13.5313321331        -43.1190534481
        606.0000000000         62.1503739853          8.4192448826         -9.2836848273        -41.3469611921
        609.0000000000         57.3126496597         11.7270730898        -28.6761140141        -43.2780079332
        612.0000000000         60.6970386289         17.4939977669        -13.4095229716        -42.7924860531
        615.0000000000         61.5265908583         23.4468777977         -8.9768206235        -44.7303581835
        618.0000000000         54.0895719796         26.4658885028         -7.6844679160        -48.3032431522
        621.0000000000         62.8095270562         28.9439992331         -6.1395024388        -47.3793845173
        624.0000000000         64.0627216865         27.9464703337         -3.6983209721        -42.3463285911
        627.0000000000         64.9455679849         24.2006747654         -3.6843064601        -39.2640994000
        630.0000000000         56.4099190364         20.9796050941         -5.8139533883        -37.3101157319
        633.0000000000         51.6323934054         17.7801712683         -9.7233551046        -36.0731491453
        636.0000000000         60.1487273913         18.9224469684        -14.9731173033        -36.1512156036
        639.0000000000         59.5470682429         20.4022554523        -13.4144261904        -35.4529079057
        642.0000000000         57.4593373291         22.1929074817         -8.0167512198        -31.7743009378
        645.0000000000         55.7752516842         25.1047862654         -5.7948943106        -33.7015396744
        648.0000000000         59.3153593170         23.7736571065         -9.3295881167        -34.9974775117
        651.0000000000         56.1955208403         21.6893892656        -18.2773554012        -36.9316331882
        654.0000000000         51.2032759138         18.3781327349        -14.8760567724        -38.4118589366
        657.0000000000         55.3717329456         26.4646310123         -9.5534849995        -36.0525415482
        660.0000000000         53.9245674050         26.4524764087         -7.2881374452        -36.5216083260
        663.0000000000         51.7725849047         24.6797758326        -19.9442359265        -36.7205934033
        666.0000000000         50.1511616336         22.0181946576        -22.0695271158        -33.6871786598
        669.0000000000         52.9866771578         23.4174267115        -25.4156207434        -24.6516755642
        672.0000000000         50.0593188349         20.1840231441        -28.0868089380        -20.4623173326
        675.0000000000         40.7804851024         24.4004168337        -26.8109809610        -19.3294366837
        678.0000000000         42.1534566340         23.3207610233        -23.5487129998        -19.2164324082
        681.0000000000         43.1537812816         23.5034081491        -20.0161773717        -20.0375379632
        684.0000000000         42.0484438652         17.7320605227        -24.0167633083        -20.0135645240
        687.0000000000         43.6684583439         16.3086028338        -26.2098449622        -19.3351832555
        690.0000000000         40.6664396535         16.9318466336        -26.1433886527        -16.9754659354
        693.0000000000         35.8993625971         17.1943282602        -28.7810836007        -12.7881273857
        696.0000000000         33.2807423390         15.3077106907        -31.5283018837         -8.6509914068
        699.0000000000         33.3958680329         16.2755979098        -31.3732136983         -7.2972685824
        702.0000000000         36.5439056145         16.0931987025        -32.5277723836         -7.7554130576
        705.0000000000         40.9800159603         19.0958773861        -32.3880573788         -6.1429937872
        708.0000000000         42.5404257843         22.9308956356        -32.5231572101         -5.3029320225
        711.0000000000         39.1446072899         25.9818536284        -33.8892601833         -5.3303289642
        714.0000000000         37.5500868726         27.5613225950        -29.1068221864         -5.1756424090
        717.0000000000         34.1598998918         28.2263184507        -26.0754656530         -4.5658518066
        720.0000000000         31.4730508796         28.2322756002        -27.5349751901         -2.7604635764
        723.0000000000         23.2587183112         24.4498705361        -24.6932908560         -2.4193601268
        726.0000000000         14.4881395860         22.0193181810        -24.9235326530         -2.3301967133
        729.0000000000          8.4397964606         23.0060745447        -37.9086589246         -5.0475071582
        732.0000000000          3.5047006467         23.6592334011        -42.8032602528         -8.4584263557
        735.0000000000          8.6712160291         23.6769841696        -42.2315726867         -8.9572707717
        738.0000000000         19.1502924688         23.4847212544        -39.9797567419         -8.0260630600
        741.0000000000         23.5219291731         27.0535785199        -37.1584344855         -6.5445676034
        744.0000000000         14.4465369159         29.4786189907        -33.5940283688         -3.8590514566
        747.0000000000          6.2579870153         31.5618403960        -31.4182903302         -6.8200106726
        750.0000000000          1.5328202252         32.6277837723        -35.1916512091         -9.5242683824
        753.0000000000          2.4517397715         32.4208024564        -37.3705149570         -8.0340855446
        756.0000000000          4.3720505635         31.5321761327        -36.8916601379         -7.0728377061
        759.0000000000          4.2670426648         32.0636579977        -32.4019533074         -7.0982373788
        762.0000000000          7.9367504598         31.9578161682        -23.7094857756         -8.1666859056
        765.0000000000         12.1333761324         31.8758544583        -25.4769578056         -8.5769877782
        768.0000000000         16.1736078036         31.7577491471        -25.7489242927         -8.5049688322
        771.0000000000         21.6849131361         31.7080315853        -24.8092578981         -8.1862276467
        774.0000000000         22.4122635046         33.8296455592        -23.7352912377         -7.5865456426
        777.0000000000         15.5828229175         34.7744138708        -24.6193463869         -6.2605242884
        780.0000000000         17.0023279035         35.5091957026        -28.7905570003         -4.2207914149
        783.0000000000         16.4269560693         35.9970353929        -27.1275262299         -3.6262961571
        786.0000000000         13.9731746321         36.6774405106        -21.7081593082         -0.4703855584
        789.0000000000         13.1120942681         37.1431219747        -21.0477495397         -0.4103031164
        792.0000000000         14.2957695079         37.0868804643        -20.8646709191         -0.3536188673
        795.0000000000         11.1738011984         36.9075557770        -22.1273990548         -0.2911075102
        798.0000000000          9.6737009367         37.5679596410        -25.5465096214         -0.2409448719
        801.0000000000         11.3793073739         38.5020582424        -20.7042048598         -0.6438132729
        804.0000000000         11.6771023697         39.4193168682        -18.9651165166         -3.5448180137
        807.0000000000         11.1072903887         39.1567663230        -12.8616216489         -4.3872131178
        810.0000000000         12.4018419080         37.6557038126        -11.7697017564         -5.0134340889
        813.0000000000         10.9860188300         35.9104903562        -13.8420705529         -3.9196825089
        816.0000000000          8.9146349269         36.5044865835        -12.7202612544         -3.1312384903
        819.0000000000          6.2097233299         40.5981733432        -12.9743859251         -3.9748959856
        822.0000000000          6.8684887879         45.8596073144         -8.9933979999         -1.4746633835
        825.0000000000          3.2007650384         48.9883572073        -11.8647814334         -0.1360180971
        828.0000000000          1.6066659509         56.4250247883        -13.6293728827         -0.1704472363
        831.0000000000          3.3091665109         61.8788722818        -12.2601528349         -0.2029432740
        834.0000000000          2.4452207240         61.0733868636        -12.1889861441         -0.2266576002
        837.0000000000          1.6123836526         61.5726900393         -8.6894500624         -0.2557569742
        840.0000000000          1.6267628063         57.3490140450         -6.2927722704         -0.2831076608
        843.0000000000          1.6405023438         51.5979584075         -6.2159494449         -0.3087587703
        846.0000000000          1.7081312706         47.7236679801         -5.4429276336         -0.3271109666
        849.0000000000          1.6240687185         47.2662879517         -5.3010357439         -0.3498647704
        852.0000000000          1.6372279526         47.5184834915         -5.1433680134         -0.3710204296
        855.0000000000          1.6504903558         45.8242493283         -4.9123413165         -0.3906295696
        858.0000000000          1.6640173674         43.6888227113         -4.6552961678         -3.2095530243
        861.0000000000          1.6779613180         42.6168660222         -4.4152217058         -1.0886587869
        864.0000000000          1.6501591210         42.3281422755         -4.1908300187         -0.6951632843
        867.0000000000          1.6656820453         41.9183388471         -4.0203723435         -1.0742886667
        870.0000000000          1.6819917095         40.3862133596         -3.8762013238         -1.8967693864
        873.0000000000          1.6991691050         40.6861692150         -3.7512804206         -2.9856824642
        876.0000000000          1.7172312747         40.6035551920         -4.1221430022         -3.4054833390
        879.0000000000          1.7361988996         39.4004925954         -4.1888009273         -3.1587095296
        882.0000000000          1.7560770436         37.2683060779         -3.4508927333         -2.5448459536
        885.0000000000          1.7768317651         36.7031944015         -3.3668770404         -1.3299230381
        888.0000000000          2.1519509944         37.4971195933         -3.5328722710         -0.5090549683
        891.0000000000          2.6045672587         37.0433816658         -4.1532859544         -0.5120499495
        894.0000000000          2.8383900409         47.1263332383         -4.6663112966         -0.5137822698
        897.0000000000          2.7468909637         57.9319708841         -4.0200840753         -0.5142738149
        900.0000000000          3.5915283043         56.8916656707         -3.3948806336         -0.5154438291
        903.0000000000          3.7396216029         60.5855856326         -3.8992627850         -0.5141703294
        906.0000000000          3.8780638898         64.0402293434         -4.0486974887         -0.5119422488
        909.0000000000          4.0876473882         69.6790520635         -3.7640240681         -0.5088283160
        912.0000000000          4.1867510106         72.3023436356         -2.8732718128         -0.5048684265
        915.0000000000          3.8322395971         70.5358523768         -3.2688416967         -0.5001131276
        918.0000000000          3.7426222024         68.5826093085         -4.2747611495         -0.4946062483
        921.0000000000          3.8228936563         66.1153749548         -4.9898238825         -0.4884191543
        924.0000000000          3.8990691909         64.4299481846         -4.4607227975        -28.5879203218
        927.0000000000          3.5545312458         68.0621441734         -2.7780377739        -27.5255147621
        930.0000000000          3.1977352308         71.1374353057         -2.7688816100        -21.0865738365
        933.0000000000          3.0753260303         70.2766060916         -3.7612998431         -5.2117223908
        936.0000000000          3.4349668632         67.9319931050         -5.0319656205         -0.6333934589
        939.0000000000          3.2155953956         59.6145425302         -4.0277276574         -0.4484584882
        942.0000000000          3.1446624102         56.1681007105         -4.6189051632        -14.2968527615
        945.0000000000          2.8973525630         52.0748906149         -4.0211518228         -2.5075015533
        948.0000000000          2.3258462693         41.0446238465         -2.7610393160         -0.4266246874
        951.0000000000          2.8393735167         31.3168513956         -2.9556677284         -0.4204916095
        954.0000000000          3.0373134761         27.4630724991         -4.3771812401         -0.4152658095
        957.0000000000          4.0135806757         31.2411495273         -3.5880398400        -17.2462809707
        960.0000000000          3.9591695417         32.7759601253         -4.3184155322        -22.3316714342
        963.0000000000          3.7544103532         32.2397002954         -4.1884458955        -27.2767162648
        966.0000000000          3.7014489151         28.9707946308         -3.3264172525        -27.4713187868
        969.0000000000          3.5536604943         29.4182152133         -2.9150585143         -8.8458341583
        972.0000000000          3.5757300847         26.3461220270         -2.9571725205         -6.0762038118
        975.0000000000          3.6636838857         25.6957075324         -3.0014795495         -8.8193042673
        978.0000000000          3.0114912039         28.0184753691         -3.0205238071         -3.4759147169
        981.0000000000          3.1095450948         30.5100960181         -3.0692800573         -0.4595209207
        984.0000000000          3.1865917659         27.8932401873         -3.1202366129         -0.4759819313
        987.0000000000          2.9143255433         29.7163078242         -3.1441303756         -6.3561470619
        990.0000000000          2.9857726865         28.5859905902         -3.1992096334         -0.5218117188
        993.0000000000          3.0263488029         32.4653115166         -3.2251241521         -7.5520599050
        996.0000000000          3.1019296241         28.4467462026         -3.2837442984         -5.8565992509
        999.0000000000          3.1442281295         26.1294316436         -3.3108830097        -16.9394115656
       1002.0000000000          3.2229148311         28.4345393023         -3.3722304555        -12.5305738928
       1005.0000000000          3.2657730927         32.1189706649         -3.3996102208        -12.8468787439
       1008.0000000000          3.3461307454         34.1704983128         -3.4624064367        -13.7609722964
       1011.0000000000          3.3880542652         36.1383046936         -3.4887310255        -17.4705009621
       1014.0000000000          3.4279457298         38.1699047022         -3.5130314555        -17.5622461467
       1017.0000000000          3.5075366271         35.4985571377         -3.5751433703        -19.5336597715
       1020.0000000000          3.5440435130         30.3031622623         -3.5962888575        -19.9334813810
       1023.0000000000          3.5773462624         26.3805753405         -3.6144635237        -18.4513963030
       1026.0000000000          3.6515023436         29.6689477706         -3.6718950130        -19.1251058588
       1029.0000000000          3.6787011094         26.9592139493         -3.6845971096        -17.4608226078
       1032.0000000000          3.7015886556         22.1484039983         -3.7015886556        -24.3036006059
       1035.0000000000          3.7198542062         17.0808445730         -3.7198542062        -28.1213191656
       1038.0000000000          3.7331987834         13.8313446161         -3.7331987834        -28.3881832132
       1041.0000000000          3.7413630587         12.2249114285         -3.7413630587        -26.1757132349
       1044.0000000000          3.7442843077         10.2947879756         -3.7442843077        -23.8100956067
       1047.0000000000          3.7417883758          7.0300292265         -3.7417883758        -21.7467379181
       1050.0000000000          3.7823920612          6.2079369186         -3.7823920612        -19.9336457461
       1053.0000000000          3.7204620360          2.9173103375         -3.7204620360        -18.0345385760
       1056.0000000000          3.7018484476          2.0844350509         -3.7018484476        -19.5154035865
       1059.0000000000          3.6780548134          2.0037134637         -3.6780548134        -22.0657092329
       1062.0000000000          3.6493248465          3.2023337353         -3.6493248465        -19.9639304948
       1065.0000000000          3.6159088865          9.8546985180         -3.6159088865        -16.8222159018
       1068.0000000000          3.5781113369         20.1651177248         -3.5781113369        -13.5123813516
       1071.0000000000          3.5362547489         26.0905809338         -3.5362547489        -10.8197420868
       1074.0000000000          3.4907201880         27.9084030857         -3.4907201880        -11.7403097234
       1077.0000000000          3.3956692956         25.0743795954         -3.3956692956        -11.1381654161
       1080.0000000000          3.3452124930         21.0862427539         -3.3452124930        -12.1070001254
       1083.0000000000          3.2924537314         13.4524614700         -3.2924537314        -12.3653914714
       1086.0000000000          3.1927567989          3.4161355535         -3.1927567989        -10.9682977446
       1089.0000000000          3.1378992443          2.1880961754         -3.1378992443        -11.9417612640
       1092.0000000000          3.0820340522          2.1963200599         -3.0820340522        -12.4957706030
       1095.0000000000          2.9824620019          2.1969432314         -2.9824620019        -10.8473628684
       1098.0000000000          2.9270622780          2.1962096593         -2.9270622780        -11.2184268225
       1101.0000000000          2.9587379059          2.2506855320         -2.8294342535        -10.0639322617
       1104.0000000000          2.9350527711          2.8486402444         -2.7759658720        -11.0064398933
       1107.0000000000          2.9946326027          3.4350135963         -2.6818331345        -10.3956083779
       1110.0000000000          2.9698448852          7.0672372249         -2.6313227672        -10.9130670032
       1113.0000000000          3.0251719598          6.5331940458         -2.5416757435         -9.2672780115
       1116.0000000000          3.0026598841          8.5347239373         -2.4950808602         -8.8892500086
       1119.0000000000          3.0577753214         12.4765649440         -2.4106816085         -2.0891952294
       1122.0000000000          3.1125920676         14.9369389768         -2.3288404082         -3.7821815783
       1125.0000000000          3.0924134384         11.7711019256         -2.2899853019         -3.5124670046
       1128.0000000000          3.1503260563          9.9603539379         -2.2140023849         -9.4726221024
       1131.0000000000          3.2082218069          5.6075746985         -2.1408418883         -7.7690895455
       1134.0000000000          3.1978163716          5.3556736439         -2.1105448073         -4.4133299284
       1137.0000000000          3.2590157435          6.3999614421         -2.0436198580         -1.8816522833
       1140.0000000000          3.3214918658          9.0222646227         -1.9795695459         -1.8405305966
       1143.0000000000          3.3852971028         16.2417620784         -1.9182710596         -1.8006593163
       1146.0000000000          3.3944742397         17.6412478065         -1.8999287332         -4.6153324183
       1149.0000000000          3.4674475089         19.6916282982         -1.8443871558         -4.4173751286
       1152.0000000000          3.5418752670         18.0622295310         -1.7914526044         -5.5422034365
       1155.0000000000          3.6184308058         16.8454588810         -1.7409730681         -6.6191144285
       1158.0000000000          3.7050734118         15.7005033392         -1.6928151090         -1.6004604724
       1161.0000000000          3.7933816271         15.8994354954         -1.6468678534         -1.5580433999
       1164.0000000000          3.8603707090         15.6099541021         -1.6454936203         -1.5247788258
       1167.0000000000          3.9554563092         16.0007935037         -1.6040969825         -1.4826935763
       1170.0000000000          4.0449685946         14.8307227423         -1.5644465948         -1.4404419354
       1173.0000000000          4.1336925244         14.9706638974         -1.5264312898         -1.3980771617
       1176.0000000000          4.2463412724         14.2560813134         -1.4898686056         -1.3556280408
       1179.0000000000          4.3579832139         13.9987988591         -1.4546067688         -1.3131215484
       1182.0000000000          4.4533124837         14.3625911911         -1.4204646714         -1.2705621129
       1185.0000000000          4.5288898215         12.2366273223         -1.3872231605         -1.5594659530
       1188.0000000000          4.6037321855         12.0111545608         -1.3547503663         -1.8045216868
       1191.0000000000          4.6567827961         11.9522313845         -1.3228784280         -1.9006050016
       1194.0000000000          4.6846321499         12.1780286444         -1.2914611173         -1.8251533136
       1197.0000000000          4.6934863410         12.0434197612         -1.2603428828         -1.7243138159
       1200.0000000000          4.7138666867         10.4706325532         -1.2293599581         -1.0136672650
       1203.0000000000          4.7279296380          9.0443913757         -1.2506103068         -0.9874354896
       1206.0000000000          4.7550316973         11.0347019845         -1.2564417130         -1.0397770695
       1209.0000000000          1.2042368556          4.2229678677         -4.8152641408        -12.3217721502
       1212.0000000000          0.0000000000          0.0000000000          0.0000000000          0.0000000000
