!------------------------------------------------------------!
  Date: 20190925
  Simulation name: CV4 
  Filename:massinchannel.txt                                                                                                       
  Produced in mod-subroutine:  massdist/massinchannel                                                                                                  
  Written by AK September 2019
  Description:Calculate mass distribution in different parts of the channel                                                           
  Data format: t Total Mass (m^3) Elutriated % Med Dense InChannel WidthChannel 0ScaleH ScaleH buoyant current                        
!------------------------------------------------------------!
   1       1235520.0000000000             0.0000000000             0.0000000000             0.0000000000             1.0000000000             1.0000000000             1.0000000000             1.0000000000             0.0000000000                      NaN                      NaN
   2      21272207.3991935775      17396228.0287497044             0.0000033304             0.0200500239             0.9799489558             0.9989314142             0.9995959972             0.9999998748             0.0000001252             0.0001694270             0.9998305730
   3      41165269.1532254070       1235520.0000000000             0.0000056663             0.0322927675             0.9677057128             0.9976249300             0.9991671442             0.9997476131             0.0002523869             0.0000000000             1.0000000000
   4      59983493.9325315282      59983493.9325315282             0.0000116537             0.0397506181             0.9602467517             0.9970170778             0.9981791798             0.9995188385             0.0004811615             0.0015763210             0.9984236790
   5      59967723.9880439863             0.0000000000             0.0000241295             0.0664475685             0.9335473405             0.9891348797             0.9809715578             0.9938146968             0.0061853032                      NaN                      NaN
   6      59963186.3104239702             0.0000000000             0.0000451843             0.0972709149             0.9027200140             0.9490760733             0.9048059503             0.9731870621             0.0268129379                      NaN                      NaN
   7      59963081.2319601178             0.0000000000             0.0000755742             0.1446089410             0.8553765718             0.8834117623             0.8105091534             0.9785899291             0.0214100709                      NaN                      NaN
   8      59962932.6943603083             0.0000000000             0.0001181408             0.2010463845             0.7989313701             0.8820195307             0.7879456758             0.9882359837             0.0117640163                      NaN                      NaN
