!------------------------------------------------------------!
  Date: 20190925
  Simulation name: CV7 
  Filename:massinchannel.txt                                                                                                       
  Produced in mod-subroutine:  massdist/massinchannel                                                                                                  
  Written by AK September 2019
  Description:Calculate mass distribution in different parts of the channel                                                           
  Data format: t Total Mass (m^3) Elutriated % Med Dense InChannel WidthChannel 0ScaleH ScaleH buoyant current                        
!------------------------------------------------------------!
   1       2508480.0000000000             0.0000000000             0.0000000000             0.0000000000             1.0000000000             1.0000000000             1.0000000000             1.0000000000             0.0000000000                      NaN                      NaN
   2      42638750.8049682900      34547830.0774547905             0.0000044461             0.0119588647             0.9880401754             0.9633657372             0.9982744597             0.9999993476             0.0000006524             0.0001059400             0.9998940600
   3      82544016.1833086610       2508480.0000000000             0.0000057280             0.0205668951             0.9794313417             0.9397677690             0.9947529840             0.9999324845             0.0000675155             0.0000000000             1.0000000000
   4     119851017.8344009817     119843440.9534830749             0.0000098301             0.0294558684             0.9705416595             0.9394315645             0.9878947301             0.9995000577             0.0004999423             0.0011310629             0.9988689371
   5     119819487.9659746885             0.0000000000             0.0000206149             0.0513081244             0.9486873604             0.9669675596             0.9398733150             0.9880159631             0.0119840369                      NaN                      NaN
   6     119780295.0895731598             0.0000000000             0.0000359406             0.0818584052             0.9181343167             0.8789907753             0.8058530505             0.9683305968             0.0316694032                      NaN                      NaN
   7     119763737.3343246430             0.0000000000             0.0000602635             0.1186415652             0.8813465534             0.8308907816             0.7630644720             0.9933780772             0.0066219228                      NaN                      NaN
   8     119761663.2616429478             0.0000000000             0.0000963877             0.1566508612             0.8433308776             0.8606513252             0.7840629032             0.9870645586             0.0129354414                      NaN                      NaN
