!------------------------------------------------------------!
  Date: 20191111
  Simulation name: CVX4 
  Filename:PEbyx.txt                                                                                                                                             
  Produced in mod-subroutine:  massdist/energypotential                                                                                                                              
  Written by AK September 2019
  Description:Integrates by width potential energy necessary to overflow at each height                                                                             
  Data format: RMAX by t potential energy (J)                                                                                                                       
!------------------------------------------------------------!
        0.0000000000
  1247355.8516818287
     2262.2640456235
     2140.5885888287
     2018.9131320339
     1897.2376752391
     1775.5622184442
     2329.8614947598
     2208.1860379650
     2086.5105811702
     1964.8351243753
     1843.1596675805
     2402.7168402311
     2275.7834871013
     2154.1080303065
     2032.4325735116
     1910.7571167168
     1789.0816599220
     2343.3809362376
     2221.7054794427
     2100.0300226479
     1978.3545658531
     1856.6791090583
     1735.0036522635
     2289.3029285790
     2167.6274717842
     2045.9520149894
     1952.9971038393
     1802.6011013998
     2356.9003777153
     2235.2249209205
     2113.5494641257
     1991.8740073309
     1870.1985505361
     1748.5230937413
     2302.8223700568
     2181.1469132620
     2059.4714564672
     1937.7959996724
     1816.1205428776
     2371.1711947443
     2248.7443623983
     2127.0689056035
     2005.3934488087
     1883.7179920139
     1762.0425352191
     2316.3418115346
     2194.6663547398
     2072.9908979450
     1951.3154411502
     1829.6399843554
     2386.9438764683
     2262.2638038761
     2140.5883470813
     2018.9128902865
     1897.2374334916
     1775.5619766968
     2329.8612530124
     2208.1857962176
     2086.5103394228
     1964.8348826279
     1843.1594258331
     2402.7165581924
     2275.7832453539
     2154.1077885590
     2032.4323317642
     1910.7568749694
     1789.0814181746
     2343.3806944902
     2221.7052376953
     2100.0297809005
     1978.3543241057
     1856.6788673109
     1735.0034105161
     2289.3026868316
     2167.6272300368
     2045.9517732420
     1924.2763164472
     1802.6008596524
     2356.9001359679
     2235.2246791731
     2113.5492223783
     1991.8737655835
     1870.1983087887
     1748.5228519939
     2302.8221283094
     2181.1466715146
     2059.4712147198
     1937.7957579250
     1816.1203011302
     2371.1709127056
     2248.7441206509
     2127.0686638561
     2005.3932070613
     1883.7177502665
     1762.0422934717
     2316.3415697872
     2194.6661129924
     2072.9906561976
     1951.3151994028
     1829.6397426080
     2386.9435944297
     2262.2635621287
     2140.5881053339
     2018.9126485391
     1897.2371917442
     1775.5617349494
     2329.8610112650
     2208.1855544702
     2086.5100976754
     1964.8346408805
     1843.1591840857
     2402.7162761538
     2275.7830036065
     2154.1075468116
     2032.4320900168
     1910.7566332220
     1789.0811764272
     2343.3804527428
     2221.7049959479
     2100.0295391531
     1978.3540823583
     1856.6786255635
     1735.0031687687
     2289.3024450842
     2167.6269882894
     2045.9515314946
     1952.9966131282
     1802.6006179050
     2356.8998942205
     2235.2244374257
     2113.5489806309
     1991.8735238361
     1870.1980670413
     1748.5226102465
     2302.8218865620
     2181.1464297672
     2059.4709729724
     1937.7955161776
     1816.1200593828
     2371.1706306670
     2248.7438789035
     2127.0684221087
     2005.3929653139
     1883.7175085191
     1762.0420517243
     2316.3413280398
     2194.6658712450
     2072.9904144502
     1951.3149576554
     1829.6395008605
     2386.9433123911
     2262.2633203813
     2140.5878635865
     2018.9124067917
     1897.2369499968
     1775.5614932020
     2329.8607695176
     2208.1853127228
     2086.5098559279
     1964.8343991331
     1843.1589423383
     2402.7159941151
     2275.7827618591
     2154.1073050642
     2032.4318482694
     1910.7563914746
     1789.0809346798
     2343.3802109954
     2221.7047542005
     2100.0292974057
     1978.3538406109
     1856.6783838161
     1735.0029270213
     2289.3022033368
     2167.6267465420
     2045.9512897472
     1952.9963677726
     1802.6003761576
     2356.8996524731
     2235.2241956783
     2113.5487388835
     1991.8732820887
     1870.1978252939
     1748.5223684991
     2302.8216448146
     2181.1461880198
     2059.4707312250
     1937.7952744302
     1816.1198176354
     2371.1703486284
     2248.7436371561
     2127.0681803613
     2005.3927235665
     1883.7172667717
     1762.0418099768
     2316.3410862924
     2194.6656294976
     2072.9901727028
     1951.3147159080
     1829.6392591131
     2386.9430303524
     2262.2630786339
     2140.5876218391
     2018.9121650443
     1897.2367082494
     1775.5612514546
     2329.8605277702
     2208.1850709754
     2086.5096141805
     1964.8341573857
     1843.1587005909
     2402.7157120765
     2275.7825201117
     2154.1070633168
     2032.4316065220
     1910.7561497272
     1789.0806929324
     2343.3799692479
     2221.7045124531
     2100.0290556583
     1978.3535988635
     1856.6781420687
     1735.0026852739
     2289.3019615894
     2167.6265047946
     2045.9510479998
     1924.2755912050
     1802.6001344102
     2356.8994107257
     2235.2239539309
     2113.5484971361
     1991.8730403413
     1870.1975835465
     1748.5221267517
     2302.8214030672
     2181.1459462724
     2059.4704894776
     1937.7950326828
     1816.1195758880
     2371.1700665897
     2248.7433954087
     2127.0679386139
     2005.3924818191
     1883.7170250243
     1762.0415682294
     2316.3408445450
     2194.6653877502
     2072.9899309554
     1951.3144741606
     1829.6390173657
     2386.9427483138
     2262.2628368865
     2140.5873800917
     2018.9119232968
     1897.2364665020
     1775.5610097072
     2329.8602860228
     2208.1848292280
     2086.5093724331
     1964.8339156383
     1843.1584588435
     2402.7154300379
     2275.7822783642
     2154.1068215694
     2032.4313647746
     1910.7559079798
     1789.0804511850
     2343.3797275005
     2221.7042707057
     2100.0288139109
     1978.3533571161
     1856.6779003213
     1735.0024435265
     2289.3017198420
     2167.6262630472
     2045.9508062524
     1952.9958770614
     1802.5998926628
     2356.8991689783
     2235.2237121835
     2113.5482553887
     1991.8727985939
     1870.1973417991
     1748.5218850043
     2302.8211613198
     2181.1457045250
     2059.4702477302
     1937.7947909354
     1816.1193341406
     2371.1697845511
     2248.7431536613
     2127.0676968665
     2005.3922400717
     1883.7167832769
     1762.0413264820
     2316.3406027976
     2194.6651460028
     2072.9896892080
     1951.3142324131
     1829.6387756183
     2386.9424662752
     2262.2625951391
     2140.5871383443
     2018.9116815494
     1897.2362247546
     1775.5607679598
     2329.8600442754
     2208.1845874806
     2086.5091306857
     1964.8336738909
     1843.1582170961
     2402.7151479992
     2275.7820366168
     2154.1065798220
     2032.4311230272
     1910.7556662324
     1789.0802094376
     2343.3794857531
     2221.7040289583
     2100.0285721635
     1978.3531153687
     1856.6776585739
     1735.0022017791
     2289.3014780946
     2167.6260212998
     2045.9505645050
     1952.9956317059
     1802.5996509154
     2356.8989272309
     2235.2234704361
     2113.5480136413
     1991.8725568465
     1870.1971000517
     1748.5216432569
     2302.8209195724
     2181.1454627776
     2059.4700059828
     1937.7945491880
     1816.1190923932
     2371.1695025124
     2248.7429119139
     2127.0674551191
     2005.3919983243
     1883.7165415295
     1762.0410847346
     2316.3403610502
     2194.6649042554
     2072.9894474606
     1951.3139906657
     1829.6385338709
     2386.9421842365
     2262.2623533917
     2140.5868965969
     2018.9114398020
     1897.2359830072
     1775.5605262124
     2329.8598025280
     2208.1843457331
     2086.5088889383
     1964.8334321435
     1843.1579753487
     2402.7148659606
     2275.7817948694
     2154.1063380746
     2032.4308812798
     1910.7554244850
     1789.0799676902
     2343.3792440057
     2221.7037872109
     2100.0283304161
     1978.3528736213
     1856.6774168265
     1735.0019600317
     2289.3012363472
     2167.6257795524
     2045.9503227576
     1924.2748659628
     1802.5994091680
     2356.8986854835
     2235.2232286887
     2113.5477718939
     1991.8723150991
     1870.1968583043
     1748.5214015095
     2302.8206778250
     2181.1452210302
     2059.4697642354
     1937.7943074406
     1816.1188506458
     2371.1692204738
     2248.7426701665
     2127.0672133717
     2005.3917565769
     1883.7162997820
     1762.0408429872
     2316.3401193028
     2194.6646625080
     2072.9892057132
     1951.3137489183
     1829.6382921235
     1707.9628353287
        0.0000000000
        0.0000000000
        0.0000000000
  1247355.8516818287
  1205968.2811299285
  1148026.3167215521
  1082068.5914966373
   992577.6839598245
   913014.4805826251
  1234347.4096001822
  1122767.0702031325
  1003174.5524663565
   899552.2871470748
   807433.7464281864
  1094424.9046784439
   990946.3118356140
   870690.0165271697
   772356.4295114488
   666965.6770270579
   573869.4833509951
   643658.7220934825
   605252.0474500573
   525756.9420711555
   443875.3297598304
   341439.0012710568
   254266.6634651406
   241909.1796392564
   185871.3442217778
   142932.2924836802
   105836.4761501152
    72559.6945963818
    66374.9368041128
    49151.4799910040
    38221.7915342175
    27404.5101008883
    20795.8057373655
    15446.0021593561
    13363.2360607441
    10555.6124184709
     9007.9240553667
     7500.0907492775
     5750.1769000216
     4769.7334218370
     3273.1134248433
     2241.6894021587
     1975.3123240844
     1877.6737479901
     1760.9366086769
     2316.3676957134
     2194.6728811507
     2072.9965763773
     1951.3206139192
     1829.6435955165
     2386.9509593917
     2262.2695961943
     2140.5935551183
     2018.9179370455
     1897.2425481263
     1775.5653449073
     2329.8682851132
     2208.1914566344
     2086.5155164412
     1964.8400213275
     1843.1622832979
     2402.7234201677
     2275.7888641187
     2154.1130891340
     2032.4377089514
     1910.7623127993
     1789.0840988735
     2343.3875404711
     2221.7108018944
     2100.0350608368
     1978.3597091143
     1856.6842392649
     1735.0057212629
     2289.3094901312
     2167.6328324390
     2045.9570741069
     1924.2815655126
     1802.6028710289
     2356.9070373503
     2235.2304133585
     2113.5546945623
     1991.8793308782
     1870.2036204892
     1748.5247918116
     2302.8290127851
     2181.1521768240
     2059.4764441128
     1937.8008100514
     1816.1220741865
     2371.1779174683
     2248.7499154335
     2127.0740601038
     2005.3986711618
     1883.7228044030
     1762.0440789677
     2316.3485096182
     2194.6716635141
     2072.9959487454
     1951.3201418551
     1829.6414467876
     2386.9504339546
     2262.2692453072
     2140.5936599117
     2018.9181056766
     1897.2420526345
     1775.5634467655
     2329.8679733542
     2208.1911402423
     2086.5153802637
     1964.8393633127
     1843.1607363294
     2402.7233055942
     2275.7886849111
     2154.1130162847
     2032.4375278620
     1910.7614483473
     1789.0828199162
     2343.3872449145
     2221.7105914961
     2100.0348937360
     1978.3594661613
     1856.6832773498
     1735.0046572207
     2289.3091050615
     2167.6324975185
     2045.9567200927
     1953.0015909342
     1802.6020285490
     2356.9066580012
     2235.2297715230
     2113.5543958717
     1991.8789070736
     1870.2027682506
     1748.5240970536
     2302.8287845714
     2181.1519061238
     2059.4762349367
     1937.8001800622
     1816.1214620874
     2371.1774272158
     2248.7494901416
     2127.0738350698
     2005.3984134802
     1883.7222127483
     1762.0433125348
     2316.3482489205
     2194.6713471706
     2072.9956997421
     1951.3196638569
     1829.6408725035
     2386.9501337659
     2262.2686473207
     2140.5933154319
     2018.9178542386
     1897.2417102272
     1775.5629318818
     2329.8677299203
     2208.1907855006
     2086.5148954389
     1964.8391556683
     1843.1603429683
     2402.7230656044
     2275.7883384685
     2154.1127756879
     2032.4373193722
     1910.7611635839
     1789.0823679707
     2343.3872183333
     2221.7102407931
     2100.0346729374
     1978.3592189740
     1856.6830519741
     1735.0043391864
     2289.3088433802
     2167.6321870928
     2045.9564545335
     1953.0013219660
     1802.6017169457
     2356.9065004650
     2235.2297430128
     2113.5541000508
     1991.8786935673
     1870.2024221151
     1748.5237762273
     2302.8284188810
     2181.1517009004
     2059.4760841168
     1937.7998853570
     1816.1212168861
     2371.1772289984
     2248.7492722484
     2127.0737387487
     2005.3981465596
     1883.7218595673
     1762.0432885204
     2316.3481715430
     2194.6713136556
     2072.9955620064
     1951.3192881031
     1829.6407499640
     2386.9501664864
     2262.2687028876
     2140.5931454391
     2018.9177365665
     1897.2413825350
     1775.5628310917
     2329.8676663962
     2208.1908005161
     2086.5150477160
     1964.8388299753
     1843.1602751622
     2402.7229602086
     2275.7883844818
     2154.1127549008
     2032.4372393763
     1910.7608015020
     1789.0823109923
     2343.3871429093
     2221.7102986187
     2100.0346596532
     1978.3591315992
     1856.6827127608
     1735.0043805183
     2289.3090572311
     2167.6322577653
     2045.9564536366
     1924.2801697197
     1802.6018115637
     2356.9066094379
     2235.2298457183
     2113.5541831031
     1991.8786062296
     1870.2021470256
     1748.5238106339
     2302.8284414540
     2181.1515588321
     2059.4757765120
     1937.7995546247
     1816.1212143025
     2371.1772489872
     2248.7492603834
     2127.0734935192
     2005.3979175112
     1883.7215425238
     1762.0432112644
     2316.3478816701
     2194.6710210456
     2072.9952482951
     1951.3190226322
     1829.6405954097
     2386.9497177128
     2262.2685838311
     2140.5930315957
     2018.9173576683
     1897.2409249522
     1775.5626030689
     2329.8673092276
     2208.1904704519
     2086.5146503261
     1964.8383601824
     1843.1599092386
     2402.7225188292
     2275.7880216321
     2154.1123585378
     2032.4367799163
     1910.7604049025
     1789.0819887922
     2343.3865744003
     2221.7098760592
     2100.0342568821
     1978.3586785262
     1856.6823018184
     1735.0038365729
     2289.3084083971
     2167.6317640617
     2045.9560007058
     1953.0006465149
     1802.6012440866
     2356.9059431395
     2235.2290681591
     2113.5536870413
     1991.8781262026
     1870.2017730816
     1748.5233946319
     2302.8279640018
     2181.1512141624
     2059.4754276648
     1937.7992465123
     1816.1207929738
     2371.1765093688
     2248.7487571758
     2127.0731480129
     2005.3975072911
     1883.7212022348
     1762.0427735058
     2316.3473077216
     2194.6706715269
     2072.9948224593
     1951.3186308184
     1829.6403975545
     2386.9490991807
     2262.2679803293
     2140.5925285495
     2018.9169158317
     1897.2405471692
     1775.5626170370
     2329.8666610387
     2208.1901211526
     2086.5140056510
     1964.8379563721
     1843.1601121645
     2402.7218287365
     2275.7877190725
     2154.1119658781
     2032.4363085894
     1910.7599360097
     1789.0822188605
     2343.3860399931
     2221.7096272888
     2100.0338516990
     1978.3581774420
     1856.6818175737
     1735.0042429615
     2289.3076531450
     2167.6314356321
     2045.9555006050
     1953.0000916495
     1802.6016307320
     2356.9052899224
     2235.2290237183
     2113.5533217196
     1991.8775590848
     1870.2012731318
     1748.5236930243
     2302.8271442884
     2181.1509214766
     2059.4750678417
     1937.7987879120
     1816.1211448388
     2371.1758051824
     2248.7485243367
     2127.0728753424
     2005.3971169088
     1883.7207111555
     1762.0432551658
     2316.3467323820
     2194.6705183478
     2072.9946040415
     1951.3182920228
     1829.6406439301
     2386.9485791179
     2262.2680390942
     2140.5923099075
     2018.9166513565
     1897.2403440878
     1775.5627679588
     2329.8661482715
     2208.1900053219
     2086.5141678683
     1964.8378662074
     1843.1601659640
     2402.7212896217
     2275.7876210527
     2154.1120019349
     2032.4362771284
     1910.7599067217
     1789.0820928460
     2343.3855515436
     2221.7095434383
     2100.0339504486
     1978.3582453659
     1856.6819123890
     1735.0039891716
     2289.3074810395
     2167.6315079086
     2045.9557741820
     1924.2794917847
     1802.6013139351
     2356.9050140384
     2235.2291253301
     2113.5535451253
     1991.8778515067
     1870.2015592011
     1748.5231089072
     2302.8268480831
     2181.1508551313
     2059.4752178469
     1937.7991831822
     1816.1203311687
     2371.1755280235
     2248.7486757092
     2127.0728946626
     2005.3972524881
     1883.7213705553
     1762.0419506409
     2316.3463451497
     2194.6704286156
     2072.9948463730
     1951.3194248583
     1829.6437847109
     1707.9681251650
        0.0000000000
        0.0000000000
        0.0000000000
  1247355.8516818287
  1215078.2035511169
  1158655.5402651643
  1092766.8419037657
  1009310.6761613337
   933455.9810848980
  1262986.5206968479
  1167103.1923462460
  1062450.0255284277
   962987.2475488392
   872946.7397234449
  1202722.9193648626
  1110761.5035519106
  1007403.1812798640
   918912.3793358562
   826424.5679740445
   752881.3605238543
  1069438.5003062699
   990340.5512913357
   896091.2288165084
   820920.8332457811
   736170.6391143753
   667919.9895370564
   950071.0911280379
   871526.3211049591
   798470.1420536896
   727290.7395865088
   633518.5176613291
   895426.1976163062
   819243.7490848212
   750341.1612996812
   661896.0933260048
   593781.1344472974
   503333.2881429334
   639852.0050049952
   591007.5653063925
   556149.1141384116
   504194.2397726711
   424245.3475754718
   515059.1709585233
   454192.5917359615
   406827.3095635760
   361518.5722980297
   302670.0979993938
   257423.8351293336
   264725.5027586459
   238593.9811932910
   220373.0968708802
   197842.0500592176
   161230.8067200505
   176894.2855311297
   156301.1986714820
   132650.4666756432
   116041.9876166908
    99319.2880911582
    82367.1050110470
    83195.9102940916
    73113.6863845864
    65341.0783517773
    56927.5164459674
    48053.3625449132
    47619.4100609439
    43181.1175326146
    38166.0773658371
    32976.0715183901
    27827.4469678273
    22986.8287954597
    23349.5627460067
    20938.8003431355
    18515.7973913162
    16098.4460929090
    13917.1145407836
    11916.2372736735
    12459.0884805898
    11407.9633887710
    10458.1723270443
     9597.3166923155
     8731.8120257674
     9222.1724118688
     8602.8302414690
     7967.9203048758
     7267.8908239733
     6603.9997160815
     5971.0894231436
     6304.7536974585
     5943.5732954661
     5630.8231667183
     5312.2696191732
     4907.7183963453
     5125.1510341713
     4664.2854616981
     4097.5242234416
     3420.7456635962
     2766.3077220974
     2252.6564634152
     2550.4024524635
     2275.5907939815
     2063.5181724349
     1946.8076369002
     1829.6484977732
     2386.9582883900
     2262.2758683648
     2140.5988422607
     2018.9224286151
     1897.2460749845
     1775.5692680451
     2329.8750351381
     2208.1975568732
     2086.5201828649
     1964.8437208652
     1843.1663064050
     2402.7296767490
     2275.7943845510
     2154.1172703649
     2032.4411660122
     1910.7653302101
     1789.0883589344
     2343.3941737576
     2221.7161597950
     2100.0392803668
     1978.3630163119
     1856.6873583516
     1735.0099569161
     2289.3155992160
     2167.6377345541
     2045.9607847697
     1953.0057138798
     1802.6068388635
     2356.9127592701
     2235.2347567158
     2113.5583510113
     1991.8826214991
     1870.2068735028
     1748.5291971562
     2302.8351632906
     2181.1571462143
     2059.4802333394
     1937.8041276669
     1816.1259137033
     2371.1835124376
     2248.7545085073
     2127.0780377482
     2005.4022272425
     1883.7265114178
     1762.0479816124
     2316.3545165320
     2194.6765067074
     2072.9997010502
     1951.3235954292
     1829.6450747491
     2386.9562792651
     2262.2736207056
     2140.5974274977
     2018.9218237147
     1897.2458913326
     1775.5674902214
     2329.8740786672
     2208.1960068970
     2086.5188260826
     1964.8429045329
     1843.1644386838
     2402.7293176290
     2275.7936310585
     2154.1170371265
     2032.4413970446
     1910.7653511375
     1789.0867439279
     2343.3935996850
     2221.7155897497
     2100.0389115356
     1978.3632511900
     1856.6871469306
     1735.0085507420
     2289.3149372990
     2167.6372683853
     2045.9604221063
     1953.0053819983
     1802.6054983996
     2356.9126502968
     2235.2349444075
     2113.5584470537
     1991.8826853219
     1870.2065999321
     1748.5277461258
     2302.8345886376
     2181.1568620321
     2059.4801546855
     1937.8038519385
     1816.1249170746
     2371.1834023880
     2248.7545471559
     2127.0781156367
     2005.4023794230
     1883.7259943187
     1762.0473079943
     2316.3545327097
     2194.6765712591
     2072.9997553007
     1951.3233489569
     1829.6444634552
     2386.9564078502
     2262.2741546144
     2140.5976271111
     2018.9218861627
     1897.2456337976
     1775.5669740966
     2329.8741005262
     2208.1961092452
     2086.5192935540
     1964.8428647594
     1843.1642109641
     2402.7294121462
     2275.7938393904
     2154.1173479825
     2032.4415612708
     1910.7652170044
     1789.0864722408
     2343.3936525783
     2221.7157453228
     2100.0392089570
     1978.3634078884
     1856.6870694298
     1735.0083265050
     2289.3153976758
     2167.6376131784
     2045.9608304112
     1924.2843244590
     1802.6055491089
     2356.9129589886
     2235.2353491984
     2113.5588846676
     1991.8830346173
     1870.2066117172
     1748.5277129327
     2302.8347239909
     2181.1570019651
     2059.4800853384
     1937.8036539125
     1816.1248206790
     2371.1834968775
     2248.7547141355
     2127.0783157807
     2005.4022858632
     1883.7259368148
     1762.0469803303
     2316.3541134522
     2194.6764416770
     2072.9995652318
     1951.3231679829
     1829.6441673455
     2386.9560423794
     2262.2738816299
     2140.5976353369
     2018.9219158673
     1897.2453343782
     1775.5662657433
     2329.8735466887
     2208.1958633532
     2086.5189306626
     1964.8425874810
     1843.1632977890
     2402.7287384814
     2275.7935062331
     2154.1169263923
     2032.4412866082
     1910.7648127813
     1789.0855643354
     2343.3929350572
     2221.7151078539
     2100.0388611100
     1978.3630054557
     1856.6867062470
     1735.0072237851
     2289.3145672569
     2167.6368266542
     2045.9602346334
     1953.0050398422
     1802.6044361376
     2356.9122113784
     2235.2341580594
     2113.5581683349
     1991.8825926569
     1870.2060678474
     1748.5267686816
     2302.8343180989
     2181.1564389140
     2059.4796822290
     1937.8034055217
     1816.1237816211
     2371.1829541341
     2248.7540198229
     2127.0778178433
     2005.4019386595
     1883.7256127277
     1762.0457249395
     2316.3538365682
     2194.6759202231
     2072.9991193362
     1951.3228092200
     1829.6431406404
     2386.9557942058
     2262.2731657314
     2140.5971005435
     2018.9214374035
     1897.2448589354
     1775.5655039122
     2329.8735370104
     2208.1954290224
     2086.5181662998
     1964.8419919531
     1843.1627270678
     2402.7289476221
     2275.7932396283
     2154.1165895559
     2032.4408416443
     1910.7642272477
     1789.0848848003
     2343.3933140719
     2221.7151228922
     2100.0383860697
     1978.3625924238
     1856.6859657039
     1735.0067688943
     2289.3147432576
     2167.6366638359
     2045.9596553092
     1953.0043618779
     1802.6038272320
     2356.9126780270
     2235.2345127431
     2113.5579066975
     1991.8819048477
     1870.2054313093
     1748.5259723773
     2302.8345329205
     2181.1562756491
     2059.4793284161
     1937.8027950571
     1816.1232299051
     2371.1834253753
     2248.7541273979
     2127.0775146305
     2005.4016166449
     1883.7248433241
     1762.0455262789
     2316.3545426258
     2194.6760008823
     2072.9989052570
     1951.3223849662
     1829.6426560796
     2386.9564356984
     2262.2737755888
     2140.5970418507
     2018.9212232290
     1897.2446040280
     1775.5650389821
     2329.8741071602
     2208.1955668503
     2086.5185634131
     1964.8420056796
     1843.1622719448
     2402.7294006873
     2275.7934179532
     2154.1169483610
     2032.4411228347
     1910.7643497138
     1789.0841848993
     2343.3935179637
     2221.7152494267
     2100.0389570226
     1978.3632221544
     1856.6864188147
     1735.0058428177
     2289.3151224577
     2167.6370842321
     2045.9606610156
     1924.2840039117
     1802.6029869008
     2356.9126344600
     2235.2348830705
     2113.5589665569
     1991.8832008062
     1870.2062639162
     1748.5246158055
     2302.8340392915
     2181.1563372334
     2059.4804517392
     1937.8039896540
     1816.1216233258
     2371.1826245075
     2248.7545186303
     2127.0785186465
     2005.4027749355
     1883.7264077859
     1762.0429587365
     2316.3529819648
     2194.6761538354
     2073.0005221582
     1951.3251537817
     1829.6493318991
     1707.9734695398
        0.0000000000
        0.0000000000
        0.0000000000
  1247355.8516818287
  1221111.8395586980
  1165677.0444278633
  1103864.4479136264
  1024449.6722425862
   954198.2697532853
  1294902.3708982861
  1211853.5392346617
  1108584.9941647875
  1001989.5335807172
   903301.4008675041
  1218916.2375723836
  1117638.8918784396
  1011219.7594747251
   924459.7131477280
   835922.3747285429
   764406.3696527184
  1098302.8085950718
  1019203.2077439171
   930515.7286392623
   856993.2486357462
   775482.0029735052
   707371.3584529666
  1021142.8679340696
   938895.0332393780
   864617.6004099722
   793768.9907512524
   699293.3455967936
  1016286.1703452208
   930524.8525810473
   858106.0133817578
   770014.1507492685
   702833.1703366621
   621095.4983416820
   903836.5093359406
   835255.4276931721
   772294.7352455467
   703731.5135888271
   616531.6490801228
   882402.2846641175
   804785.5384075860
   743042.5779082066
   679716.9596607189
   604015.8756767766
   539162.2900123143
   732410.9672045476
   682113.0403413242
   637081.1437931501
   581921.2182438246
   506339.6963897925
   689605.8701149132
   633968.0051423691
   566691.6690245004
   517050.4143053078
   469351.0451088122
   417184.4355386778
   515593.9888962056
   477676.6464685302
   441669.6391592922
   410594.3389117678
   376150.8056730651
   485770.5439696576
   449498.6597119254
   409909.5935764270
   374144.2176841103
   339617.3281733340
   301656.6781680003
   350398.5614004835
   325233.4018402645
   304165.1126255792
   284404.4294344017
   268078.6754132860
   235951.6048018810
   277939.8944355178
   251153.3223515316
   233381.9076659807
   213575.4100175565
   186079.2929653851
   218453.2730291891
   195256.5561471733
   179370.9615159004
   161860.3925036885
   142675.6376585536
   117712.2505723372
   130553.1161321397
   116620.1416045795
   107918.7438900456
    97221.1316431489
    83658.9711806766
    96824.5253389460
    87021.7794008611
    79424.8292779147
    70341.2907002987
    61512.4989981093
    51703.0224186445
    58953.2957679869
    55235.5952505064
    50805.6933016223
    44982.2988007697
    38438.4502047284
    45006.0807139544
    41420.0109076079
    37224.9873657056
    32755.9645650473
    28476.2605372928
    24319.9707768299
    29353.9031167894
    27059.6622432697
    24224.0443163313
    21367.3632264323
    18432.6703030550
    22082.6701918118
    20068.0279640522
    17771.4782972605
    15538.5040278549
    13445.6886892741
    11554.7791175238
    14338.9789500291
    13013.1182591277
    11568.9953718598
    10182.2223965854
     8899.1638469955
     7753.5981920023
     9968.8516598073
     9143.6839401568
     8239.1847548696
     7380.7757025712
     6512.0455026630
     7960.6375185953
     7385.2082366209
     6815.5188388202
     6266.6084860385
     5780.4245850713
     5351.4768503536
     6292.3564776326
     6129.4165311020
     5983.3966803014
     5790.2011000819
     5533.7089788930
     6195.7366618369
     5893.0627647482
     5540.1094732165
     5129.0282976321
     4606.9262692883
     4002.5082282033
     4215.9847490773
     3752.6176966696
     3353.9066351330
     2954.5616734667
     2581.0765763317
     2964.5348763525
     2712.8500174014
     2498.6701963625
     2315.0330960037
     2106.2062153465
     1871.4114358299
     2332.5038702161
     2198.8265797436
     2086.5255709691
     1964.8487962044
     1843.1707488975
     2402.7370021576
     2275.8005270422
     2154.1227953121
     2032.4456311202
     1910.7691618303
     1789.0916149649
     2343.4010248351
     2221.7223086433
     2100.0444586601
     1978.3673310023
     1856.6908131013
     1735.0130092521
     2289.3218922684
     2167.6435496016
     2045.9653615574
     1953.0093825743
     1802.6095825926
     2356.9189312587
     2235.2407956344
     2113.5631022189
     1991.8864000154
     1870.2099184542
     1748.5315621815
     2302.8412940633
     2181.1629692737
     2059.4847920231
     1937.8073399469
     1816.1282490930
     2371.1898617557
     2248.7605443361
     2127.0827469424
     2005.4060840131
     1883.7293139592
     1762.0506887372
     2316.3616970027
     2194.6826514372
     2073.0042083707
     1951.3266278763
     1829.6474395624
     2386.9632858249
     2262.2802192210
     2140.6023947962
     2018.9256282044
     1897.2488689563
     1775.5701532325
     2329.8815407906
     2208.2022351352
     2086.5236311951
     1964.8459514739
     1843.1670375317
     2402.7369241340
     2275.8001217495
     2154.1220507594
     2032.4453283504
     1910.7684660857
     1789.0895463909
     2343.4014668204
     2221.7220969452
     2100.0439080447
     1978.3671705137
     1856.6902473879
     1735.0111904152
     2289.3229027608
     2167.6436686529
     2045.9651250263
     1924.2873898606
     1802.6081487786
     2356.9205870488
     2235.2416170971
     2113.5636616374
     1991.8869492607
     1870.2098167402
     1748.5304370389
     2302.8422522723
     2181.1630197509
     2059.4843586687
     1937.8066925038
     1816.1272669768
     2371.1911124040
     2248.7608368405
     2127.0831033356
     2005.4062651833
     1883.7291350953
     1762.0495726846
     2316.3616896214
     2194.6823893990
     2073.0037916656
     1951.3261420352
     1829.6464985402
     2386.9637489664
     2262.2800202360
     2140.6023407007
     2018.9258854317
     1897.2485246518
     1775.5688008232
     2329.8811929146
     2208.2017310569
     2086.5230516895
     1964.8455300357
     1843.1655900194
     2402.7365129274
     2275.7995880767
     2154.1216178008
     2032.4452735909
     1910.7680203896
     1789.0880180730
     2343.4006917314
     2221.7211064417
     2100.0434764405
     1978.3669262121
     1856.6898062367
     1735.0095731864
     2289.3220713597
     2167.6425116122
     2045.9642678822
     1953.0081916998
     1802.6065798743
     2356.9197967695
     2235.2399203634
     2113.5627983873
     1991.8865632895
     1870.2092323025
     1748.5291380600
     2302.8419701685
     2181.1621178677
     2059.4837763897
     1937.8063560809
     1816.1259246132
     2371.1905899109
     2248.7599582650
     2127.0824410648
     2005.4059911949
     1883.7288592261
     1762.0479231827
     2316.3614796432
     2194.6815951437
     2073.0032354702
     1951.3258415782
     1829.6452537830
     2386.9634374802
     2262.2789129444
     2140.6017160270
     2018.9254996149
     1897.2481814450
     1775.5678485633
     2329.8812167473
     2208.2011317538
     2086.5220893305
     1964.8450808419
     1843.1648923754
     2402.7368007708
     2275.7992272793
     2154.1211604294
     2032.4449147450
     1910.7676226869
     1789.0872646868
     2343.4011541086
     2221.7210880090
     2100.0428396098
     1978.3665530491
     1856.6892876405
     1735.0091048508
     2289.3221721999
     2167.6423623264
     2045.9636212405
     1953.0077358949
     1802.6058899946
     2356.9203114035
     2235.2404503452
     2113.5623334074
     1991.8858341973
     1870.2088394389
     1748.5282592383
     2302.8420251670
     2181.1620599267
     2059.4833839499
     1937.8059892468
     1816.1253306184
     2371.1910976300
     2248.7601529373
     2127.0819647460
     2005.4056417744
     1883.7283191540
     1762.0479764402
     2316.3623387340
     2194.6818259428
     2073.0029878367
     1951.3256656249
     1829.6448643686
     2386.9642363931
     2262.2797922547
     2140.6015864770
     2018.9253311471
     1897.2482521163
     1775.5676049924
     2329.8820073772
     2208.2013781031
     2086.5226713745
     1964.8454203890
     1843.1646660210
     2402.7374903236
     2275.7994450306
     2154.1215520297
     2032.4454843519
     1910.7682292592
     1789.0867214468
     2343.4015065065
     2221.7211364292
     2100.0436056427
     1978.3677447719
     1856.6903835756
     1735.0081595782
     2289.3227380093
     2167.6427281682
     2045.9651596817
     1924.2879125757
     1802.6050770729
     2356.9202686145
     2235.2406415243
     2113.5640160103
     1991.8882232383
     1870.2105661033
     1748.5265309088
     2302.8412499372
     2181.1617457469
     2059.4853512162
     1937.8083825935
     1816.1232267864
     2371.1897458008
     2248.7601799260
     2127.0838896838
     2005.4081316131
     1883.7311836903
     1762.0441826773
     2316.3596018495
     2194.6816916955
     2073.0060417118
     1951.3307626601
     1829.6547760294
     1707.9787169106
        0.0000000000
        0.0000000000
        0.0000000000
      696.1304885828
   314693.2859640706
   304244.8712421826
   301041.7168496011
   278396.9501946429
   241957.0004109115
   509457.1321531410
   445373.1590855502
   400152.3767376652
   364638.1211584478
   326957.2828539910
   652290.4701618088
   575379.5272713574
   508245.7336239097
   463910.4239904290
   423668.5531959250
   389480.2677109811
   735543.9124144594
   666711.3764918280
   594332.6582303103
   542857.8821298669
   495780.4266125047
   458320.9023000479
   798960.6633943922
   731043.9691778877
   664651.7660352320
   613246.7967288401
   544572.2869447537
   892375.0499818957
   819246.0253832615
   756115.0494740340
   684102.7445695564
   630078.3480831434
   565283.4798479851
   891377.4261988226
   822914.7533718775
   759754.9788862087
   693914.3796777722
   614637.1546454610
   931636.6237742348
   853176.8951348431
   787030.2742165528
   721059.0182987549
   647472.2138289666
   585139.9461917316
   857902.3065560216
   798616.2650012039
   739189.8326325502
   674981.7554543182
   594828.0641724961
   869462.9160005550
   803597.0904963694
   728244.9214149915
   667226.1027281465
   607154.0954710563
   541946.9892320886
   764781.6680860745
   706625.5975325872
   658308.2777691039
   603767.1628641916
   545088.2336950602
   761186.5041641268
   699311.3119332017
   641263.3473409165
   586684.1576786678
   534750.0482560445
   479164.3387396464
   650884.8322433871
   602794.4483815966
   559913.4252570753
   524033.2466720489
   483097.8321221094
   429504.9389950107
   585560.2233781792
   542561.8901244432
   496301.4918984078
   457494.7652451462
   412130.6147275860
   590070.1027043976
   543466.3988276762
   496139.4370559472
   455965.2918804666
   415670.4466523821
   363802.0882876379
   467288.5004213775
   440662.3058794123
   415293.1664364251
   389569.6158185482
   350813.8250779862
   489713.4547442289
   455530.8053370027
   414529.1980378435
   380252.6917015731
   345990.3679754928
   295989.4326072843
   358026.5684463489
   326532.9551970416
   307047.0692542790
   285144.0360735495
   256042.2319023641
   335035.4031534713
   304764.8389538924
   276423.2148782639
   252387.0033167630
   224980.3469079366
   188848.7663009152
   222692.7511300663
   197801.5875190538
   186963.1074904393
   172826.5914833793
   150833.6235942846
   189108.6285474978
   170976.6496200068
   157302.7552237115
   142423.7564271302
   126568.6135928757
   107326.8066669395
   128507.0107965786
   118942.5363053936
   112157.0824788029
   103054.5485997680
    92180.4531246352
    78916.1521406243
    94696.6359609731
    88769.7138574647
    82429.0185469310
    74094.6729368640
    64591.3975956464
    78323.9359611708
    71910.1795676782
    65157.6418983748
    58595.4794104254
    51432.4527881559
    45045.9860372164
    53153.1981651189
    49887.6665309527
    45030.8830871334
    40903.9152343768
    35407.1733548031
    43663.9375338277
    39124.6630855201
    36118.1192315509
    31380.2405622662
    28241.7422404217
    24354.2795859105
    28972.6155672299
    26794.6470376697
    24432.0579931696
    22203.3377360167
    19827.9276583107
    24187.8264129766
    22128.3822052098
    19517.6183875063
    17851.1277046399
    15384.8500830304
    13892.4305473855
    15140.2143951392
    14218.5982290225
    12662.7862952022
    11007.5866194075
    10030.8695742356
    10823.2005719187
    10129.7483191472
     8804.8581103834
     8113.9712471374
     6995.1638848991
     6431.8485166176
     7362.1575289474
     6968.7806630415
     6132.4295243715
     5681.0992034477
     4958.1599166597
     4466.0626031523
     5333.8277251621
     4787.3660357721
     4371.7293108047
     4029.2403636460
     3554.4376540824
     4565.3829267551
     4159.3212141950
     3940.0572859901
     3539.7766333966
     3291.9485613846
     2861.6993380162
     3611.5412939821
     3211.0438371444
     2967.2990055580
     2755.1472391121
     2455.8983332225
     3120.0628360213
     2835.8277544230
     2673.0007349929
     2518.0772318712
     2312.0102698943
     2137.9006263443
     2611.3208905026
     2460.6519381432
     2342.5741556314
     2240.8396989956
     2143.2190334073
     2702.8096190671
     2595.1589978877
     2475.9952725366
     2316.6671583691
     2147.5629831676
     1948.2970021592
     2427.0631909061
     2264.3191831997
     2094.1996749627
     1959.3767026547
     1842.6717740100
     2402.7445323021
     2275.8068634164
     2154.1281419694
     2032.4505232275
     1910.7734583167
     1789.0946274429
     2343.4083399576
     2221.7282579913
     2100.0494579633
     1978.3718862658
     1856.6948151735
     1735.0157009976
     2289.3291470074
     2167.6494230097
     2045.9705997755
     1924.2926023064
     1802.6126499252
     2356.9266727537
     2235.2469628819
     2113.5684254834
     1991.8911440419
     1870.2141206232
     1748.5344244835
     2302.8488135289
     2181.1690287838
     2059.4896154931
     1937.8114432928
     1816.1308700816
     2371.1972777992
     2248.7662474774
     2127.0878248625
     2005.4102096899
     1883.7331796151
     1762.0529528921
     2316.3684130533
     2194.6882773325
     2073.0086656441
     1951.3303478540
     1829.6494626914
     2386.9703921457
     2262.2855267453
     2140.6068199831
     2018.9297382284
     1897.2523357576
     1775.5718023336
     2329.8882686162
     2208.2075598683
     2086.5276462317
     1964.8493307739
     1843.1681469642
     2402.7435655181
     2275.8051903451
     2154.1259625910
     2032.4489847265
     1910.7716912145
     1789.0908334186
     2343.4081633387
     2221.7268960433
     2100.0478261478
     1978.3705917133
     1856.6933208429
     1735.0121825608
     2289.3294335404
     2167.6480969937
     2045.9684256950
     1953.0117069499
     1802.6087354593
     2356.9271143043
     2235.2453309948
     2113.5670201505
     1991.8901309053
     1870.2126273546
     1748.5316428459
     2302.8496294772
     2181.1676477811
     2059.4878810014
     1937.8094805265
     1816.1280050972
     2371.1980790820
     2248.7655486048
     2127.0866562360
     2005.4096276329
     1883.7321575091
     1762.0502377119
     2316.3691710598
     2194.6871006363
     2073.0073001229
     1951.3288433706
     1829.6472707634
     2386.9709838627
     2262.2843995993
     2140.6060119955
     2018.9290891417
     1897.2513576713
     1775.5701909774
     2329.8889634264
     2208.2066838595
     2086.5259956239
     1964.8479993049
     1843.1668947384
     2402.7445899138
     2275.8049355959
     2154.1255387107
     2032.4485009484
     1910.7707006334
     1789.0896248287
     2343.4090685044
     2221.7268885427
     2100.0472148350
     1978.3700478936
     1856.6922175528
     1735.0113877219
     2289.3296527866
     2167.6479572503
     2045.9675673968
     1953.0107064808
     1802.6078936328
     2356.9278198751
     2235.2462252411
     2113.5666515372
     1991.8893471158
     1870.2116687501
     1748.5305879173
     2302.8494952017
     2181.1677519441
     2059.4874145226
     1937.8087112549
     1816.1274348479
     2371.1986550462
     2248.7660446504
     2127.0863717069
     2005.4091358424
     1883.7312399974
     1762.0504396166
     2316.3701810914
     2194.6875471632
     2073.0069908763
     1951.3284183801
     1829.6471087395
     2386.9719888332
     2262.2856580314
     2140.6060907267
     2018.9289233477
     1897.2512785583
     1775.5702552401
     2329.8899574339
     2208.2071324275
     2086.5266389892
     1964.8482671502
     1843.1671111924
     2402.7455939112
     2275.8054297337
     2154.1259718517
     2032.4492471686
     1910.7715410762
     1789.0895013683
     2343.4095956737
     2221.7270480657
     2100.0480282940
     1978.3716651452
     1856.6937986205
     1735.0107850560
     2289.3303776783
     2167.6483481389
     2045.9693232042
     1924.2912277682
     1802.6074718100
     2356.9279069112
     2235.2463784101
     2113.5687365539
     1991.8927694886
     1870.2144371899
     1748.5288606383
     2302.8484469443
     2181.1671043686
     2059.4898735917
     1937.8123051554
     1816.1251958155
     2371.1968322896
     2248.7656709832
     2127.0889834106
     2005.4132650666
     1883.7356451255
     1762.0457086174
     2316.3661540895
     2194.6870431644
     2073.0113800478
     1951.3362243651
     1829.6601006919
     1707.9838529655
        0.0000000000
        0.0000000000
        0.0000000000
      696.1304885828
   117800.4657785755
   110423.8926254549
   101905.1040139714
    90111.5602785689
    73977.1053230886
   188613.4782537771
   164416.9076425187
   156324.7320098453
   147319.9471062334
   133767.9441380267
   332064.4314126404
   290706.4001393439
   255648.6509592947
   236133.5741605363
   217073.4792584711
   197113.5314159750
   448881.5226788627
   395433.1426883613
   343167.5970875993
   307547.5727375445
   275292.7745467348
   247945.3977841140
   514422.7269517974
   454054.0132761128
   389811.1006177714
   343025.3743409250
   291930.3245140560
   577224.0628849118
   509632.1849633937
   445653.7185729754
   388297.6139462442
   344933.0880086890
   302536.0951212242
   602267.8149010810
   536810.4118381009
   466659.6446483938
   406870.8508551163
   347053.9684830789
   652084.8722686976
   581489.6828506814
   513438.0109577772
   455726.7238303873
   402471.6842602706
   356438.3055611059
   653147.5248771837
   595231.6344748921
   527067.2041339780
   463987.8844779599
   396841.4710547139
   695596.8624646456
   627603.0710581437
   561188.3304885874
   500042.5236515880
   448686.8558896774
   397095.4159051172
   675430.9801515443
   627242.5713203716
   569000.0106873476
   502876.8608267269
   436148.0196223929
   716289.5776599001
   654192.2554091093
   594542.7477692356
   532200.0117020343
   477354.5277390141
   418660.5384266577
   669190.4018032856
   628039.1505056003
   591034.5495654296
   538869.0460513006
   485399.3667779027
   416796.2430830578
   638023.6339765211
   596996.6633401744
   562643.7397457248
   513617.8887728034
   450306.9927009470
   697491.0711133556
   634968.7891910463
   582966.4133181279
   533905.6908994222
   486239.3651371070
   421558.9469864773
   600305.8120251950
   573242.2224387669
   536701.5766651698
   501766.3819552063
   448284.2969969640
   684291.0390062445
   626022.6025838889
   569546.8951751294
   519518.6312908895
   474883.1341304374
   411901.5640704872
   557745.9412474327
   521769.6059200368
   494252.4660233809
   464860.5991798466
   419503.9246215928
   613275.3975153416
   568781.4205543742
   512630.8649676499
   473223.9929235982
   429833.3781876183
   370483.3429260635
   471588.3470688214
   435329.3652702856
   404144.1186315242
   383115.2095744151
   345003.2227680950
   488524.1563770328
   455670.1057672916
   406218.7197490362
   374376.8907404172
   336353.5767387019
   290429.5641590348
   366050.7396393689
   328522.3694448082
   316741.8966356973
   303281.3418159801
   278316.1073870938
   234975.1546424853
   303740.5816599957
   266234.6806181748
   252521.1214835913
   231488.6858180760
   199799.0018407281
   253379.2640067902
   227165.7548612586
   210160.9025478547
   192887.0087748024
   172626.5631703111
   150313.5075226540
   188622.5806774137
   173363.0512988301
   156400.2907589093
   145554.3452222527
   126272.7042232310
   168409.6452883924
   148992.3078547187
   138174.0389266202
   119709.7933328438
   110183.5762801082
    94182.5228536492
   114436.1552906550
   108273.5637708859
    96955.5910476265
    91040.0495393601
    80435.0177986846
   110956.2293536752
    98523.7345799448
    85418.6145681197
    79761.4319946799
    69181.7333170534
    63912.8423633671
    78217.9549428782
    73807.6537592336
    64765.7672360596
    55951.6801689434
    51456.7448810844
    62503.3987618094
    59200.9080127353
    51315.8511461807
    47676.4028493951
    40523.8099507682
    37343.6588302383
    45044.5421153959
    42759.4434130121
    37174.0818721059
    34203.6070886028
    29345.4678693739
    26529.3132099428
    34658.0071939276
    30816.1882693061
    28689.2514158851
    26895.9256395447
    23291.7554450396
    32470.0672293211
    28685.9439556488
    26802.9375081597
    23138.2621029136
    21218.2521658985
    17687.6998232725
    24162.2629994963
    20840.0201935518
    19349.9353937346
    17730.3833246290
    14988.6564752698
    20076.1309407440
    17570.8196912621
    16326.3460586744
    14999.9063827227
    12896.0837608763
    11688.9723357330
    14319.8319420520
    13527.7186393008
    12574.4924070963
    11567.6405269523
     9966.3055922857
    12827.0510263870
    12001.2514621949
    10561.5636799471
     9612.6796513204
     8653.5050498094
     7730.0306639792
     9214.6156058916
     8569.5898554923
     7852.4549405834
     7123.0203975018
     6311.5941811829
     7498.0331697869
     6917.1039104251
     6310.5317387206
     5705.8463668518
     5154.9741367144
     4673.4769291091
     5762.4010002341
     5392.6028606607
     4979.2341199782
     4558.1789685677
     4141.6095632416
     3729.6425625409
     4487.8853670979
     4184.9233614922
     3883.7597236705
     3571.5850325448
     3249.0394166770
     3796.6792088584
     3495.0259376212
     3201.9282337578
     2925.9648028639
     2672.6091833800
     2454.0352244414
     3021.8418295318
     2872.3755947466
     2724.1249436108
     2558.9605251761
     2368.1652895335
     2819.7876178396
     2627.9754189497
     2459.5910266978
     2300.9334758241
     2142.2875556679
     1984.1005566445
     2481.7095838191
     2341.3818219969
     2213.1883029551
     2095.4371764091
     1975.3076774152
     2521.7475064886
     2376.7626580390
     2227.0970102838
     2090.3932391950
     1949.5318996313
     1789.3956111225
     2316.8214214914
     2203.2205119729
     2086.5353205634
     1964.8572923053
     1843.1778416796
     2402.7485759705
     2275.8114402423
     2154.1319744228
     2032.4541687219
     1910.7764530406
     1789.0980050904
     2343.4125561726
     2221.7322513552
     2100.0536421218
     1978.3753719834
     1856.6982690758
     1735.0192836480
     2289.3336234080
     2167.6532658925
     2045.9742361699
     1953.0177497615
     1802.6163610703
     2356.9305910528
     2235.2498782634
     2113.5714245979
     1991.8941383359
     1870.2169021607
     1748.5379592582
     2302.8531804646
     2181.1728284248
     2059.4934322272
     1937.8153551807
     1816.1345476096
     2371.2011950028
     2248.7697252978
     2127.0913943065
     2005.4136656604
     1883.7366468274
     1762.0560454656
     2316.3727409454
     2194.6922682297
     2073.0128430392
     1951.3344151990
     1829.6527525160
     2386.9742178703
     2262.2890168380
     2140.6107290015
     2018.9332472037
     1897.2555958553
     1775.5750762525
     2329.8929163665
     2208.2122268138
     2086.5317401836
     1964.8529950138
     1843.1713658907
     2402.7481216855
     2275.8100970757
     2154.1306598282
     2032.4527633648
     1910.7747828895
     1789.0938073034
     2343.4135091097
     2221.7326795647
     2100.0526514134
     1978.3743874734
     1856.6961445617
     1735.0151688242
     2289.3342323395
     2167.6535619830
     2045.9730279349
     1953.0153677751
     1802.6113609630
     2356.9322237814
     2235.2516664425
     2113.5719047449
     1991.8933979140
     1870.2153922000
     1748.5338516465
     2302.8545706791
     2181.1735989297
     2059.4927613715
     1937.8129894556
     1816.1304396867
     2371.2036946295
     2248.7718446053
     2127.0915341220
     2005.4131917795
     1883.7347243717
     1762.0535355212
     2316.3760550913
     2194.6937423890
     2073.0121582073
     1951.3323832947
     1829.6498580184
     2386.9777414674
     2262.2918611728
     2140.6111575088
     2018.9327610937
     1897.2547376661
     1775.5734217889
     2329.8965500561
     2208.2134753900
     2086.5314834589
     1964.8518249652
     1843.1699321460
     2402.7523746242
     2275.8118034033
     2154.1308066207
     2032.4530358841
     1910.7752307425
     1789.0928134857
     2343.4169223056
     2221.7334369526
     2100.0527176869
     1978.3755326711
     1856.6976319356
     1735.0138712516
     2289.3375577443
     2167.6543802064
     2045.9737540154
     1924.2949627841
     1802.6101890095
     2356.9352320600
     2235.2523745903
     2113.5734328315
     1991.8972781025
     1870.2188309107
     1748.5316383681
     2302.8556448386
     2181.1727001140
     2059.4943890683
     1937.8166069001
     1816.1274244475
     2371.2039737178
     2248.7712717391
     2127.0940752661
     2005.4184936208
     1883.7405033953
     1762.0473867593
     2316.3728745011
     2194.6924612698
     2073.0167986849
     1951.3418187583
     1829.6655708852
     1707.9891359433
        0.0000000000
        0.0000000000
        0.0000000000
      696.1304885828
    46050.6019437951
    43353.2964470633
    40039.0158620446
    35416.7327863457
    28507.1441201114
    64678.8662478670
    56971.7871564099
    55240.0798122403
    52900.8116857448
    47372.9000765525
   132832.0964398039
   117229.1974878705
   105141.7804200211
   101045.5508143909
    94353.7898503695
    85523.1789781686
   218306.0891057070
   191980.5278395989
   167273.5905323501
   153018.7880625901
   138692.5626215346
   124884.8272503085
   292180.0763899456
   254305.3470901153
   216513.9802153062
   190610.1322454055
   162280.9376637463
   361198.2525554124
   316284.3036874835
   274366.7172107344
   238749.5521150836
   213600.2955049551
   186994.3423406570
   412401.3164604468
   364393.3145842655
   310602.0798934732
   267877.9248420290
   228875.3982917167
   470225.9961374551
   416394.9557875256
   359540.5572270424
   313507.6967116820
   273487.4640669858
   242190.8742808067
   496835.1899837321
   442442.0724337925
   379021.9752692017
   326450.5096819191
   279009.7690964285
   537963.3257191094
   479223.4853652557
   418750.9204798808
   363021.7110976343
   317530.3495497305
   279262.4805878003
   541919.0574191026
   489101.9373077948
   426001.1768400953
   366953.6772066890
   314777.3217436541
   580857.6713386475
   521140.6157897654
   456701.0027005576
   396101.0462805834
   347511.4232058891
   304766.9857137706
   574725.1796678103
   523953.9912753933
   466140.0706250747
   405188.4118503865
   355779.0882029185
   306558.2268534708
   557322.0573528614
   507076.8618903406
   450467.0038302206
   390053.3761689789
   330830.5134336662
   582493.7072244993
   527553.7864709460
   469485.6653615167
   410069.4684840417
   361802.7553231220
   311401.9377484714
   549315.4135068940
   505666.0860721468
   448739.7071222140
   392942.3948572011
   335717.4061048938
   575697.8453842707
   524612.9427405586
   472450.1656253745
   406791.6417572089
   361322.8000634346
   312690.1990870668
   536321.8425217821
   497302.4523103427
   440471.0350533347
   389383.5974281133
   337518.6028899027
   555235.3766286949
   500389.1224374862
   451067.3773492638
   400007.2093040586
   347303.8778565049
   301985.4067195521
   505365.0899386240
   469641.8449609966
   418944.2698929607
   370889.3365298976
   311623.5153443933
   497071.3079027036
   460357.1444543743
   411571.9098123179
   370745.4485733959
   325714.5991411709
   288024.0543567078
   452007.1074316870
   419944.8428159248
   393037.8777155299
   346759.8281870184
   314625.7034941820
   266320.8757643277
   398110.0880513447
   362855.4941046966
   337591.2794541681
   309104.2173451856
   264117.9758531832
   381594.2032050205
   348579.0707281881
   315706.2654898503
   289846.9812173023
   259132.0712481902
   228506.9494917639
   316060.9926099354
   298617.1679591329
   273856.5372822288
   253018.2284768638
   218360.2303022728
   306420.7143126515
   274259.7557760947
   257427.8933040911
   228772.9436201551
   213132.0932645208
   182415.3272021825
   242272.6833746465
   227001.8484700726
   200506.6763943950
   185484.8699168840
   161226.7610314067
   235431.2444830779
   212974.1462658848
   190100.3603710681
   180580.0081745982
   161114.2768814610
   151242.9004732551
   204123.2365879219
   195194.1567399052
   172202.3487755058
   149405.4151489649
   136186.8717232300
   179352.6932383737
   168874.0722233590
   150196.4565927138
   140698.7357879172
   123316.1140076978
   111438.4693487706
   145686.6307991903
   137133.0214085905
   122086.5405385225
   114405.4195096714
   100338.8748065813
    90425.4678487504
   117693.1284586142
   103595.9218207556
    96184.3961126419
    90196.1325974772
    77356.5755852221
   107576.0314813015
    95733.8149893406
    89430.8698658227
    78403.2311690966
    72307.8076136614
    61274.6546000659
    84500.0603615548
    75435.7496730285
    70727.1428201978
    65795.8408670860
    56988.1808450736
    77635.4064601828
    69381.6829644775
    64566.5008758485
    59879.6979002772
    52157.3481532452
    46779.0594803196
    58001.1085940701
    54433.8600851781
    50844.1145061134
    47014.5086837213
    40391.2327725726
    54334.3831733363
    51176.5177371455
    45499.6400890138
    42126.2349844714
    38710.5218892763
    34925.4760628890
    44516.6761062646
    42012.1381758897
    39307.9304156262
    36205.5312110839
    32771.2179672922
    42197.9718837245
    39882.1375449118
    37251.1218104851
    34339.0964403241
    31132.6093488648
    28033.8493480441
    35549.4094773607
    33496.3188115887
    31318.0656585884
    28854.9127099447
    26155.4109490465
    23357.5053196304
    29950.9205172748
    28173.3024008340
    26047.2447947539
    23677.9645803701
    21170.9073023420
    26505.5627589856
    24726.6731730695
    22763.7055073550
    20659.9215665266
    18580.8669736932
    16536.4423253041
    20829.8444710826
    19447.4695594783
    17848.5726017912
    16026.1552707542
    14138.6496177558
    17691.4029602938
    16087.0680915134
    14301.1979060467
    12548.1295829100
    10875.9710449022
     9379.2598448621
    12683.8636950448
    11561.4101866494
    10396.6634811058
     9307.1236485561
     8274.1293126120
    11298.8688282597
    10550.4722297228
     9705.3435535473
     8918.9466396488
     8204.5162840943
     7510.1094321962
     9591.8076855645
     9000.4384901380
     8317.7901688498
     7583.2846979083
     6835.2670928338
     8003.4829994027
     7395.2220253661
     6814.9485166159
     6254.8626261609
     5663.5419890424
     5059.9488212825
     5755.7390875081
     5244.6775056471
     4760.6170446582
     4286.8960421169
     3898.7497641486
     3520.0138403414
     3986.2342746225
     3733.7677768934
     3535.9945686680
     3361.2487266111
     3133.6257357424
     3598.3397123166
     3454.3667555011
     3299.5859946548
     3098.0205969885
     2838.9657834045
     2549.0447363573
     2916.0218640077
     2661.1039603414
     2440.1686497963
     2231.2865529104
     2037.5467013379
     2522.6668500650
     2354.9018962016
     2199.5191978907
     2050.0559306070
     1909.0824876487
     1789.8455657797
     2340.9856754493
     2237.6419413122
     2130.9283383795
     2001.0444127668
     1854.8663850832
     2380.2898194670
     2255.9638417695
     2140.6191787339
     2018.9402702676
     1897.2620962485
     1775.5833178107
     2329.8994205844
     2208.2187575182
     2086.5388037835
     1964.8599836358
     1843.1803465298
     2402.7539537462
     2275.8153636560
     2154.1359456253
     2032.4575972542
     1910.7799267135
     1789.1008058508
     2343.4181647889
     2221.7372160012
     2100.0578210950
     1978.3795932167
     1856.7016877756
     1735.0219257988
     2289.3384264017
     2167.6578293391
     2045.9782084557
     1953.0213797397
     1802.6187295373
     2356.9357042602
     2235.2553907838
     2113.5764754542
     1991.8983882798
     1870.2201771749
     1748.5393323716
     2302.8575889279
     2181.1777081543
     2059.4982456071
     1937.8190199304
     1816.1364052972
     2371.2065408453
     2248.7758370478
     2127.0966418567
     2005.4181498649
     1883.7391628561
     1762.0578356632
     2316.3793045474
     2194.6986388569
     2073.0181409366
     1951.3379820287
     1829.6545265706
     2386.9808095052
     2262.2967275977
     2140.6166669928
     2018.9373085475
     1897.2585873204
     1775.5771867276
     2329.9006983360
     2208.2192326346
     2086.5373784743
     1964.8565044494
     1843.1736417131
     2402.7566231139
     2275.8175785191
     2154.1362258548
     2032.4570405526
     1910.7788203455
     1789.0965964556
     2343.4223943566
     2221.7397073367
     2100.0579063640
     1978.3792829365
     1856.7012572793
     1735.0175694196
     2289.3432913986
     2167.6604336023
     2045.9785196390
     1924.2987816683
     1802.6135382228
     2356.9412296402
     2235.2582627005
     2113.5779611466
     1991.9012572439
     1870.2231119448
     1748.5353442441
     2302.8620778915
     2181.1782544970
     2059.4985750981
     1937.8207269048
     1816.1304305095
     2371.2104147811
     2248.7765711109
     2127.0987271780
     2005.4233195915
     1883.7453608245
     1762.0497014244
     2316.3791418003
     2194.6975143553
     2073.0218871599
     1951.3471675978
     1829.6708311085
     1707.9942272750
        0.0000000000
        0.0000000000
        0.0000000000
      696.1304885828
    19702.4079859755
    18585.9379638218
    17162.9249911143
    15063.4170848192
    11894.2502447652
    25078.8303358140
    22065.8777329269
    21351.3021853953
    20449.8349244453
    18252.3219924621
    51631.4760199909
    45916.9314629665
    42279.1026692774
    41337.6862078596
    38932.5414721807
    35154.2017108899
    96095.9727451923
    84277.9896861750
    74294.8572625238
    69232.0088566420
    63549.5210788635
    57229.3250097760
   140614.6756941586
   121826.7643623147
   104960.2384802785
    93476.5199771552
    80385.3378816351
   192196.5463199992
   168399.5735733903
   147555.6001009563
   130092.5114208132
   117870.5241508433
   103491.9634102051
   244521.1625122034
   214195.5021909284
   181885.4633262965
   157142.5020811282
   134588.9415674793
   295633.1554595611
   260272.4717339208
   224306.8641108166
   196631.4500805677
   172030.8820829755
   153067.9420080019
   332851.3136052689
   293880.8294479481
   250539.8131826955
   215381.5973932525
   184686.0869815562
   375617.0072853218
   332407.9580204681
   289021.6115367302
   250874.6802919692
   220016.0658463210
   195061.7077568835
   396094.3001852629
   353719.2446840335
   304623.0128235204
   262604.7999431661
   227523.6498157594
   435091.3179147738
   388420.4548670716
   337642.4955253936
   294200.9673185708
   258769.3196056240
   228991.6953099314
   445076.7863899430
   401944.8217933851
   353304.5466870027
   307928.3729106828
   269917.9657385877
   235710.6235188440
   439936.8648867855
   397526.1904798780
   349434.9518939528
   302669.4668138930
   261145.9014388942
   467131.2977617635
   421069.3380140035
   372321.0694868773
   327481.4333643191
   289726.2561276872
   255543.0776662176
   460142.8800647755
   422862.0041133360
   367370.4668182159
   322734.1850728994
   282143.3058045809
   482405.4418933901
   439213.5637434084
   394728.4639792400
   339739.5888750509
   303207.0223079398
   268607.1113792948
   459888.5471534830
   425209.1606601573
   373506.1609023756
   331851.8328767630
   293051.0741041613
   482185.4621462413
   429601.0884276947
   388494.5148288730
   349232.2182038978
   302970.7044223300
   270397.7457511136
   449734.1327014000
   417812.2225388103
   370899.9934916011
   333680.1872762858
   286551.0144321229
   456472.7833162892
   423536.8627002667
   375488.3237302225
   342745.7403634071
   299330.1929299077
   270833.4734461283
   432034.1921956025
   389320.8130504880
   359925.0911419442
   318362.3105171215
   290570.5107156337
   251961.7165406076
   393150.8299479953
   354534.2682545780
   328887.2983497268
   305730.4507889249
   268315.1346961851
   408594.0287144717
   368996.4936427403
   327579.7989324184
   303368.2699788669
   266423.5551309643
   241322.2886567576
   346239.9379898222
   325307.9247070383
   290693.8685182396
   267203.0719128060
   232724.4142944588
   347010.3891957732
   315785.1729120652
   293688.7404678480
   264829.0590091681
   243282.2759836921
   211553.7744089064
   310038.2434343312
   294236.5102876577
   268418.8734604750
   250856.8849549307
   220199.3310665838
   342759.2932393596
   311277.7237207820
   279303.7071388670
   259573.1223593772
   229129.2723371162
   204430.1157111302
   297572.6819857933
   278882.5060687707
   251568.5983304684
   223462.5096067659
   201798.2274697997
   292874.3111002230
   274492.8089200070
   249756.6585082427
   229398.8040874394
   204834.9520160996
   182926.0664613664
   259599.8554036111
   243073.9960520150
   221199.2856758652
   205093.3940301764
   183290.2092610810
   164501.1822239411
   222730.0598867712
   200653.5967499895
   187182.8024922047
   174829.4009773704
   152844.9425793626
   216057.2351845753
   196254.1610871576
   180247.3522658863
   160871.1851297311
   146095.1902538444
   125402.7196295309
   172176.1774697050
   156054.7444173676
   146161.9283255800
   134477.5594516991
   118257.9894950600
   164903.4643509113
   150865.5807829857
   140635.8629227555
   129041.3939671161
   114667.1247490841
   101612.3117680259
   133124.2951160663
   125111.1579993068
   117363.5970160638
   107981.4389860090
    94667.1574038899
   129242.4465800333
   120756.8320679680
   109345.1587996686
   100033.4718182732
    90572.4007021407
    80807.3581955528
   106235.8431056021
    99995.0984046509
    93335.2710623641
    86205.0811704008
    77858.9138309556
   103030.4921542469
    96907.5979441889
    90891.6807068243
    83509.6772141448
    75974.5554020605
    67781.4840556225
    88326.8387509343
    83784.1815989340
    78733.5246466338
    72516.2849759368
    65843.6412320797
    58187.6295240155
    77188.5636568813
    72891.3195602903
    67583.0823426508
    61705.7909400097
    54639.6494693147
    73018.8535878368
    68151.3107091574
    62849.9272406666
    57224.6286804304
    51511.5224991398
    45542.7135527106
    61045.8656204441
    57742.9631283000
    53314.6787594881
    48706.0817389119
    43262.4124539233
    58370.1861919290
    54353.3614301801
    50333.4570297319
    45390.8348831172
    40903.6672634661
    36421.4731672595
    49645.5515066408
    46869.0681786347
    43588.4728996121
    40093.9010554392
    36115.2768648767
    48211.4361828600
    44693.1294914020
    41492.5072116562
    38161.1728332292
    34054.7067192815
    30405.7859720556
    39212.7544992823
    36807.6182191163
    33165.8417154778
    30220.8089227081
    26495.2024093035
    33580.3518418548
    31328.9365300518
    27888.1537856572
    25485.8844877823
    22443.7445196379
    20298.2516668869
    26156.2507422210
    23456.1900445531
    21497.0532186545
    18904.2060929994
    17108.2710557210
    14985.7591066706
    18949.5711673726
    16993.8163756374
    15575.7021640531
    14444.5016590680
    12646.0100611542
    16331.7770319933
    14609.0400505331
    12894.3947199452
    11819.4245970172
    10429.1372733264
     9516.5020534732
    11592.3801143878
    10636.4874324376
     9512.0198492081
     8838.9181081482
     7914.1414632709
    10053.6118896161
     8986.1816407447
     8390.6170815282
     7442.4953848691
     6929.4569260836
     6193.8606707070
     7184.9285865008
     6872.5179183699
     6148.9988819122
     5739.1929015702
     5040.2892107875
     6276.0831853874
     5677.2038551445
     5013.8507534615
     4613.1439089172
     3936.3312264083
     3495.5434420662
     4105.3431726487
     3725.1123530086
     3268.0520662519
     2895.2981140663
     2611.7675020560
     3272.4581036779
     3034.1109595047
     2757.7384974365
     2543.3733674818
     2313.7748240505
     2158.4439523756
     2773.8828977856
     2622.2708037718
     2422.0097334490
     2283.8696854490
     2106.5677213709
     1973.5085457586
     2530.5414641964
     2335.8799464275
     2217.7064973264
     2135.7909214281
     1964.2664107008
     2493.7921905196
     2364.0141830831
     2225.9725127950
     2091.3981756596
     1964.2684023695
     1834.5901877093
     2381.7225865059
     2260.7216613140
     2135.5571502648
     2007.1310970082
     1874.9646410157
     2405.9348654705
     2250.6451352223
     2120.0915410315
     2005.2149555302
     1883.7468035624
     1762.0660253319
     2316.3865131564
     2194.7046411580
     2073.0243340565
     1951.3447197404
     1829.6628800106
     2386.9872208226
     2262.3016744353
     2140.6221876455
     2018.9430633465
     1897.2644076433
     1775.5832916433
     2329.9057952477
     2208.2238452183
     2086.5433037540
     1964.8633839924
     1843.1805949908
     2402.7614305615
     2275.8219532763
     2154.1417300966
     2032.4626619847
     1910.7840050800
     1789.1018771914
     2343.4271973046
     2221.7448626570
     2100.0639630158
     1978.3845974339
     1856.7059091672
     1735.0225532985
     2289.3483835202
     2167.6661020674
     2045.9845249516
     1924.3040717404
     1802.6184611541
     2356.9464988365
     2235.2639829503
     2113.5832547243
     1991.9055489581
     1870.2277108984
     1748.5404608037
     2302.8686217453
     2181.1843749238
     2059.5033888859
     1937.8252473583
     1816.1346912055
     2371.2168140932
     2248.7820949035
     2127.1035504634
     2005.4282885764
     1883.7507000530
     1762.0531500866
     2316.3855794282
     2194.7027125845
     2073.0272345857
     1951.3527689896
     1829.6763964984
     1707.9996353966
        0.0000000000
        0.0000000000
