!------------------------------------------------------------!
  Date: 20191111
  Simulation name: CVX7 
  Filename:PEbyx.txt                                                                                                                                             
  Produced in mod-subroutine:  massdist/energypotential                                                                                                                              
  Written by AK September 2019
  Description:Integrates by width potential energy necessary to overflow at each height                                                                             
  Data format: RMAX by t potential energy (J)                                                                                                                       
!------------------------------------------------------------!
        0.0000000000
  1459535.3993166953
     2262.2640456235
     2140.5885888287
     2018.9131320339
     1897.2376752391
     1775.5622184442
     2329.8614947598
     2208.1860379650
     2086.5105811702
     1964.8351243753
     1843.1596675805
     2402.7168402311
     2275.7834871013
     2154.1080303065
     2032.4325735116
     1910.7571167168
     1789.0816599220
     2343.3809362376
     2221.7054794427
     2100.0300226479
     1978.3545658531
     1856.6791090583
     1735.0036522635
     2289.3029285790
     2167.6274717842
     2045.9520149894
     1952.9971038393
     1802.6011013998
     2356.9003777153
     2235.2249209205
     2113.5494641257
     1991.8740073309
     1870.1985505361
     1748.5230937413
     2302.8223700568
     2181.1469132620
     2059.4714564672
     1937.7959996724
     1816.1205428776
     2371.1711947443
     2248.7443623983
     2127.0689056035
     2005.3934488087
     1883.7179920139
     1762.0425352191
     2316.3418115346
     2194.6663547398
     2072.9908979450
     1951.3154411502
     1829.6399843554
     2386.9438764683
     2262.2638038761
     2140.5883470813
     2018.9128902865
     1897.2374334916
     1775.5619766968
     2329.8612530124
     2208.1857962176
     2086.5103394228
     1964.8348826279
     1843.1594258331
     2402.7165581924
     2275.7832453539
     2154.1077885590
     2032.4323317642
     1910.7568749694
     1789.0814181746
     2343.3806944902
     2221.7052376953
     2100.0297809005
     1978.3543241057
     1856.6788673109
     1735.0034105161
     2289.3026868316
     2167.6272300368
     2045.9517732420
     1924.2763164472
     1802.6008596524
     2356.9001359679
     2235.2246791731
     2113.5492223783
     1991.8737655835
     1870.1983087887
     1748.5228519939
     2302.8221283094
     2181.1466715146
     2059.4712147198
     1937.7957579250
     1816.1203011302
     2371.1709127056
     2248.7441206509
     2127.0686638561
     2005.3932070613
     1883.7177502665
     1762.0422934717
     2316.3415697872
     2194.6661129924
     2072.9906561976
     1951.3151994028
     1829.6397426080
     2386.9435944297
     2262.2635621287
     2140.5881053339
     2018.9126485391
     1897.2371917442
     1775.5617349494
     2329.8610112650
     2208.1855544702
     2086.5100976754
     1964.8346408805
     1843.1591840857
     2402.7162761538
     2275.7830036065
     2154.1075468116
     2032.4320900168
     1910.7566332220
     1789.0811764272
     2343.3804527428
     2221.7049959479
     2100.0295391531
     1978.3540823583
     1856.6786255635
     1735.0031687687
     2289.3024450842
     2167.6269882894
     2045.9515314946
     1952.9966131282
     1802.6006179050
     2356.8998942205
     2235.2244374257
     2113.5489806309
     1991.8735238361
     1870.1980670413
     1748.5226102465
     2302.8218865620
     2181.1464297672
     2059.4709729724
     1937.7955161776
     1816.1200593828
     2371.1706306670
     2248.7438789035
     2127.0684221087
     2005.3929653139
     1883.7175085191
     1762.0420517243
     2316.3413280398
     2194.6658712450
     2072.9904144502
     1951.3149576554
     1829.6395008605
     2386.9433123911
     2262.2633203813
     2140.5878635865
     2018.9124067917
     1897.2369499968
     1775.5614932020
     2329.8607695176
     2208.1853127228
     2086.5098559279
     1964.8343991331
     1843.1589423383
     2402.7159941151
     2275.7827618591
     2154.1073050642
     2032.4318482694
     1910.7563914746
     1789.0809346798
     2343.3802109954
     2221.7047542005
     2100.0292974057
     1978.3538406109
     1856.6783838161
     1735.0029270213
     2289.3022033368
     2167.6267465420
     2045.9512897472
     1952.9963677726
     1802.6003761576
     2356.8996524731
     2235.2241956783
     2113.5487388835
     1991.8732820887
     1870.1978252939
     1748.5223684991
     2302.8216448146
     2181.1461880198
     2059.4707312250
     1937.7952744302
     1816.1198176354
     2371.1703486284
     2248.7436371561
     2127.0681803613
     2005.3927235665
     1883.7172667717
     1762.0418099768
     2316.3410862924
     2194.6656294976
     2072.9901727028
     1951.3147159080
     1829.6392591131
     2386.9430303524
     2262.2630786339
     2140.5876218391
     2018.9121650443
     1897.2367082494
     1775.5612514546
     2329.8605277702
     2208.1850709754
     2086.5096141805
     1964.8341573857
     1843.1587005909
     2402.7157120765
     2275.7825201117
     2154.1070633168
     2032.4316065220
     1910.7561497272
     1789.0806929324
     2343.3799692479
     2221.7045124531
     2100.0290556583
     1978.3535988635
     1856.6781420687
     1735.0026852739
     2289.3019615894
     2167.6265047946
     2045.9510479998
     1924.2755912050
     1802.6001344102
     2356.8994107257
     2235.2239539309
     2113.5484971361
     1991.8730403413
     1870.1975835465
     1748.5221267517
     2302.8214030672
     2181.1459462724
     2059.4704894776
     1937.7950326828
     1816.1195758880
     2371.1700665897
     2248.7433954087
     2127.0679386139
     2005.3924818191
     1883.7170250243
     1762.0415682294
     2316.3408445450
     2194.6653877502
     2072.9899309554
     1951.3144741606
     1829.6390173657
     2386.9427483138
     2262.2628368865
     2140.5873800917
     2018.9119232968
     1897.2364665020
     1775.5610097072
     2329.8602860228
     2208.1848292280
     2086.5093724331
     1964.8339156383
     1843.1584588435
     2402.7154300379
     2275.7822783642
     2154.1068215694
     2032.4313647746
     1910.7559079798
     1789.0804511850
     2343.3797275005
     2221.7042707057
     2100.0288139109
     1978.3533571161
     1856.6779003213
     1735.0024435265
     2289.3017198420
     2167.6262630472
     2045.9508062524
     1952.9958770614
     1802.5998926628
     2356.8991689783
     2235.2237121835
     2113.5482553887
     1991.8727985939
     1870.1973417991
     1748.5218850043
     2302.8211613198
     2181.1457045250
     2059.4702477302
     1937.7947909354
     1816.1193341406
     2371.1697845511
     2248.7431536613
     2127.0676968665
     2005.3922400717
     1883.7167832769
     1762.0413264820
     2316.3406027976
     2194.6651460028
     2072.9896892080
     1951.3142324131
     1829.6387756183
     2386.9424662752
     2262.2625951391
     2140.5871383443
     2018.9116815494
     1897.2362247546
     1775.5607679598
     2329.8600442754
     2208.1845874806
     2086.5091306857
     1964.8336738909
     1843.1582170961
     2402.7151479992
     2275.7820366168
     2154.1065798220
     2032.4311230272
     1910.7556662324
     1789.0802094376
     2343.3794857531
     2221.7040289583
     2100.0285721635
     1978.3531153687
     1856.6776585739
     1735.0022017791
     2289.3014780946
     2167.6260212998
     2045.9505645050
     1952.9956317059
     1802.5996509154
     2356.8989272309
     2235.2234704361
     2113.5480136413
     1991.8725568465
     1870.1971000517
     1748.5216432569
     2302.8209195724
     2181.1454627776
     2059.4700059828
     1937.7945491880
     1816.1190923932
     2371.1695025124
     2248.7429119139
     2127.0674551191
     2005.3919983243
     1883.7165415295
     1762.0410847346
     2316.3403610502
     2194.6649042554
     2072.9894474606
     1951.3139906657
     1829.6385338709
     2386.9421842365
     2262.2623533917
     2140.5868965969
     2018.9114398020
     1897.2359830072
     1775.5605262124
     2329.8598025280
     2208.1843457331
     2086.5088889383
     1964.8334321435
     1843.1579753487
     2402.7148659606
     2275.7817948694
     2154.1063380746
     2032.4308812798
     1910.7554244850
     1789.0799676902
     2343.3792440057
     2221.7037872109
     2100.0283304161
     1978.3528736213
     1856.6774168265
     1735.0019600317
     2289.3012363472
     2167.6257795524
     2045.9503227576
     1924.2748659628
     1802.5994091680
     2356.8986854835
     2235.2232286887
     2113.5477718939
     1991.8723150991
     1870.1968583043
     1748.5214015095
     2302.8206778250
     2181.1452210302
     2059.4697642354
     1937.7943074406
     1816.1188506458
     2371.1692204738
     2248.7426701665
     2127.0672133717
     2005.3917565769
     1883.7162997820
     1762.0408429872
     2316.3401193028
     2194.6646625080
     2072.9892057132
     1951.3137489183
     1829.6382921235
     1707.9628353287
        0.0000000000
        0.0000000000
        0.0000000000
  1459535.3993166953
  1410612.0871805476
  1335468.6371999802
  1261479.3528951579
  1178540.4047269120
  1099469.6744799719
  1437181.0962265278
  1348756.9472589702
  1244243.7061468717
  1139608.4118690968
  1039585.0512845817
  1352120.5917079118
  1241245.5312099226
  1116830.6099697028
  1004843.0967717887
   893719.4168681965
   800322.2561785923
  1015258.0654229204
   946952.5623310173
   841230.2875606741
   765970.8040580412
   666928.2438128734
   582611.1169728732
   616642.1474658434
   541063.1912989607
   484683.3780757110
   418864.2746186852
   316881.0616574314
   284014.4342977105
   208627.6928606330
   160967.4411664575
   108633.7527554680
    77393.1548320805
    49775.0725737695
    41594.8588523047
    29320.6930964015
    22457.9523442379
    17059.8926500792
    12643.9356586826
    11155.9284739999
     9008.0766953415
     8016.4911036305
     7065.1258486503
     5580.0644094472
     3813.1804699897
     2856.7233565951
     2185.8148521496
     2080.5177149147
     1949.5910899831
     1827.7100509224
     2386.9844649396
     2262.2700153966
     2140.5937865655
     2018.9179171653
     1897.2423493463
     1775.5656182496
     2329.8686251123
     2208.1917029774
     2086.5155279822
     1964.8398126790
     1843.1625838101
     2402.7236351249
     2275.7889370010
     2154.1129394887
     2032.4374072307
     1910.7620477960
     1789.0845122630
     2343.3878216564
     2221.7108620028
     2100.0348725409
     1978.3594099501
     1856.6840509540
     1735.0061247888
     2289.3096791816
     2167.6328301710
     2045.9568790283
     1924.2813888757
     1802.6031793448
     2356.9071359384
     2235.2303645959
     2113.5544825255
     1991.8791038564
     1870.2036302263
     1748.5251260029
     2302.8291136933
     2181.1521576714
     2059.4762612863
     1937.8007728064
     1816.1222686470
     2371.1779726459
     2248.7498470896
     2127.0738808678
     2005.3985138117
     1883.7229041997
     1762.0442682158
     2316.3485876194
     2194.6716087888
     2072.9957876811
     1951.3201579085
     1829.6415717222
     2386.9505071875
     2262.2691698330
     2140.5934840711
     2018.9179950791
     1897.2421617603
     1775.5635725266
     2329.8680465997
     2208.1910767083
     2086.5152464145
     1964.8393919852
     1843.1608316276
     2402.7233631957
     2275.7886146581
     2154.1128704634
     2032.4374394593
     1910.7615396976
     1789.0829295093
     2343.3873063761
     2221.7105283897
     2100.0347599365
     1978.3593837018
     1856.6833648203
     1735.0047640289
     2289.3091483829
     2167.6324410701
     2045.9566091142
     1953.0016172431
     1802.6021208281
     2356.9066810184
     2235.2297196600
     2113.5542752775
     1991.8788389188
     1870.2028456962
     1748.5242070712
     2302.8287957454
     2181.1518615427
     2059.4761383711
     1937.8002097652
     1816.1215589663
     2371.1774221293
     2248.7494448264
     2127.0737287472
     2005.3983540027
     1883.7222930262
     1762.0434209831
     2316.3482411785
     2194.6713064107
     2072.9956126655
     1951.3197037373
     1829.6409666448
     2386.9501186660
     2262.2686056661
     2140.5932151444
     2018.9178015358
     1897.2417928520
     1775.5630322566
     2329.8677192399
     2208.1907460582
     2086.5148165925
     1964.8392017660
     1843.1604282158
     2402.7230479611
     2275.7882932375
     2154.1126855797
     2032.4372749678
     1910.7612525660
     1789.0824575352
     2343.3872024589
     2221.7101945127
     2100.0345877549
     1978.3591836316
     1856.6831499593
     1735.0044178233
     2289.3088225632
     2167.6321346012
     2045.9563949163
     1953.0014040337
     1802.6017725148
     2356.9064771631
     2235.2296816812
     2113.5540232576
     1991.8786727256
     1870.2025375737
     1748.5238298945
     2302.8284006756
     2181.1516358218
     2059.4760346563
     1937.7999737981
     1816.1212630296
     2371.1772103903
     2248.7491999393
     2127.0736628075
     2005.3981380437
     1883.7219638748
     1762.0433420471
     2316.3481533814
     2194.6712489091
     2072.9955155467
     1951.3193689123
     1829.6407936100
     2386.9501513285
     2262.2686410261
     2140.5930655970
     2018.9177247575
     1897.2414769150
     1775.5628877355
     2329.8676529615
     2208.1907387788
     2086.5149985556
     1964.8388986807
     1843.1603273341
     2402.7229450717
     2275.7883173406
     2154.1126813621
     2032.4372342242
     1910.7608824075
     1789.0823681838
     2343.3871329235
     2221.7102339585
     2100.0345907635
     1978.3591244140
     1856.6827762206
     1735.0044315516
     2289.3090522971
     2167.6322051132
     2045.9564149563
     1924.2802107445
     1802.6018581130
     2356.9066038286
     2235.2297896839
     2113.5541275849
     1991.8786012856
     1870.2021946126
     1748.5238626803
     2302.8284445610
     2181.1515157200
     2059.4757412454
     1937.7995777390
     1816.1212575261
     2371.1772482408
     2248.7492108876
     2127.0734508622
     2005.3979119543
     1883.7215719018
     1762.0432590227
     2316.3478863318
     2194.6709798039
     2072.9952160968
     1951.3190371366
     1829.6406406079
     2386.9497245970
     2262.2685365056
     2140.5929864626
     2018.9173551285
     1897.2409484346
     1775.5626476540
     2329.8673158375
     2208.1904310125
     2086.5146214763
     1964.8383728435
     1843.1599513762
     2402.7225240749
     2275.7879788541
     2154.1123213052
     2032.4367768828
     1910.7604262023
     1789.0820264949
     2343.3865867966
     2221.7098341124
     2100.0342209567
     1978.3586788580
     1856.6823254150
     1735.0038679573
     2289.3084223934
     2167.6317245432
     2045.9559776849
     1953.0006679220
     1802.6012659579
     2356.9059580413
     2235.2290263651
     2113.5536539481
     1991.8781279948
     1870.2018013459
     1748.5234152728
     2302.8279805775
     2181.1511758225
     2059.4754052121
     1937.7992647803
     1816.1208145345
     2371.1765223131
     2248.7487196846
     2127.0731158865
     2005.3975039977
     1883.7212228062
     1762.0428026761
     2316.3473165434
     2194.6706400252
     2072.9947957762
     1951.3186395572
     1829.6404287479
     2386.9491043451
     2262.2679504892
     2140.5924949456
     2018.9169054916
     1897.2405572745
     1775.5626549929
     2329.8666632012
     2208.1900935927
     2086.5139770124
     1964.8379556388
     1843.1601491849
     2402.7218269305
     2275.7876912010
     2154.1119327624
     2032.4362917424
     1910.7599388433
     1789.0822602309
     2343.3860379668
     2221.7096013185
     2100.0338186246
     1978.3581574430
     1856.6818155610
     1735.0042845101
     2289.3076507587
     2167.6314087912
     2045.9554681250
     1953.0000774647
     1802.6016705452
     2356.9052850354
     2235.2289998370
     2113.5532901676
     1991.8775314930
     1870.2012633766
     1748.5237354593
     2302.8271397553
     2181.1508979349
     2059.4750298309
     1937.7987694767
     1816.1211860247
     2371.1758004612
     2248.7485038522
     2127.0728403069
     2005.3970879662
     1883.7206926859
     1762.0432997499
     2316.3467278729
     2194.6704946245
     2072.9945641224
     1951.3182690780
     1829.6406870654
     2386.9485721670
     2262.2680249353
     2140.5922813120
     2018.9166148574
     1897.2403159373
     1775.5628157458
     2329.8661488062
     2208.1899844981
     2086.5141278229
     1964.8378314831
     1843.1602128755
     2402.7212917853
     2275.7876041505
     2154.1119735727
     2032.4362436758
     1910.7598745217
     1789.0821402361
     2343.3855572643
     2221.7095281148
     2100.0339254114
     1978.3582159059
     1856.6818795974
     1735.0040298259
     2289.3074852575
     2167.6314917157
     2045.9557436470
     1924.2794542051
     1802.6013527173
     2356.9050183912
     2235.2291126484
     2113.5535288034
     1991.8778302114
     1870.2015232433
     1748.5231454069
     2302.8268501192
     2181.1508450378
     2059.4752020822
     1937.7991457024
     1816.1203630907
     2371.1755289449
     2248.7486644420
     2127.0728879663
     2005.3972449765
     1883.7213422816
     1762.0419742577
     2316.3463416334
     2194.6704225551
     2072.9948422138
     1951.3194199130
     1829.6437806118
     1707.9681212893
        0.0000000000
        0.0000000000
        0.0000000000
  1459535.3993166953
  1412944.3358421274
  1337916.9690299118
  1263437.2936808900
  1181468.5034760269
  1103915.9850153797
  1445077.9574881860
  1359130.3107625544
  1262506.0060552480
  1167714.2861845030
  1079535.5507089645
  1414138.8066363500
  1319414.1941943751
  1220543.1512668775
  1134414.9394051235
  1043107.3528669452
   962703.8043730356
  1295067.9624067841
  1210802.7858500921
  1117512.3379454061
  1036647.6325924053
   947451.8829347945
   871481.5611057667
  1192400.3067561283
  1101078.5496901884
  1024774.6964571516
   951550.3069953828
   852564.0265072002
  1172920.1792232112
  1081317.4365099480
  1002951.6202990930
   908409.7048816568
   832427.8530952920
   739557.1743096693
  1004867.5593340286
   921682.7227441764
   860992.6901131973
   788133.6459675503
   692906.2010678259
   928747.6384627502
   839865.9438055020
   778578.5780407584
   716145.3790064232
   634243.8758377722
   564177.4709171905
   635650.7346436733
   592549.2990986544
   561616.5600200092
   518266.4857307079
   447532.7706984845
   531512.3724925945
   492815.8569672254
   438907.7780163834
   398143.9862831954
   355515.2294529738
   310850.6083875263
   310862.4151519624
   286395.6146728735
   267097.0317768232
   239135.2020628656
   211146.2476906316
   212801.4784053207
   193551.1702320239
   176941.8665507775
   160335.2839895184
   140291.7516393173
   118357.7910594239
   115964.6247194518
    99285.1510424412
    87481.9931648153
    77086.5279096962
    66280.8884426607
    53301.0491869201
    53763.5222975407
    46526.1364925085
    40715.0240450697
    35119.4925951123
    29226.6330381034
    29259.8931365912
    26286.5760239340
    23420.2839820619
    20424.5661036723
    17615.0035023708
    14969.8115734667
    15700.7723950098
    14505.5694444325
    13407.5173149514
    12331.6392432161
    11165.9763052756
    11670.0258122004
    10818.6406062828
     9850.9830712317
     8690.7449866937
     7488.3831605517
     6313.6980726129
     6088.4868696168
     5331.4075304031
     4690.1424024514
     4208.5125507516
     3787.4241810571
     3992.9047622295
     3442.5977954211
     2805.3875978233
     2243.8992110699
     1908.4285739955
     1763.0948377664
     2327.5435554708
     2208.1897787876
     2086.5213577262
     1964.8446695537
     1843.1674491834
     2402.7303786413
     2275.7951751833
     2154.1179246921
     2032.4414205055
     1910.7651816518
     1789.0885045513
     2343.3943615232
     2221.7166826884
     2100.0397225816
     1978.3630824630
     1856.6870769198
     1735.0101648865
     2289.3158478454
     2167.6381678505
     2045.9610446683
     1953.0056351493
     1802.6072373002
     2356.9128608480
     2235.2349613922
     2113.5582960336
     1991.8822431372
     1870.2064735692
     1748.5294687413
     2302.8353898741
     2181.1574002882
     2059.4802582762
     1937.8039574790
     1816.1262480010
     2371.1835479781
     2248.7545515726
     2127.0778658189
     2005.4018532159
     1883.7262184847
     1762.0483633098
     2316.3546854824
     2194.6766148601
     2072.9996225610
     1951.3234158036
     1829.6453779123
     2386.9562903203
     2262.2736284878
     2140.5972269048
     2018.9214657734
     1897.2456863940
     1775.5678299952
     2329.8741979919
     2208.1960512378
     2086.5187461077
     1964.8427425660
     1843.1646846711
     2402.7292929638
     2275.7935772396
     2154.1168607249
     2032.4410960240
     1910.7651961389
     1789.0870622542
     2343.3936522827
     2221.7155924850
     2100.0387708651
     1978.3629909197
     1856.6870161027
     1735.0088470252
     2289.3149714742
     2167.6372621892
     2045.9603129096
     1953.0052503901
     1802.6057245428
     2356.9125778245
     2235.2348829121
     2113.5582860315
     1991.8824658767
     1870.2065117240
     1748.5280098777
     2302.8345678969
     2181.1568402526
     2059.4800432769
     1937.8037704903
     1816.1251112976
     2371.1833184280
     2248.7544746301
     2127.0779471284
     2005.4021856443
     1883.7259489757
     1762.0475388820
     2316.3544965251
     2194.6765287682
     2072.9996481460
     1951.3232909112
     1829.6446375954
     2386.9563213550
     2262.2740742352
     2140.5974654580
     2018.9216978067
     1897.2455994208
     1775.5671953383
     2329.8740715249
     2208.1960533158
     2086.5191786384
     1964.8428095249
     1843.1643804419
     2402.7293371100
     2275.7937321309
     2154.1171661560
     2032.4413893633
     1910.7652102061
     1789.0866984403
     2343.3936250086
     2221.7156565320
     2100.0390359711
     1978.3632391277
     1856.6870499765
     1735.0085225701
     2289.3153661717
     2167.6375423763
     2045.9607190084
     1924.2842841519
     1802.6057042106
     2356.9128853369
     2235.2352369601
     2113.5587198403
     1991.8828918929
     1870.2066113168
     1748.5279205012
     2302.8347018162
     2181.1569475679
     2059.4799831352
     1937.8036107953
     1816.1249708626
     2371.1834151406
     2248.7546028205
     2127.0781756362
     2005.4021584258
     1883.7259293340
     1762.0471779038
     2316.3540696153
     2194.6763756332
     2072.9994599993
     1951.3231271959
     1829.6443334527
     2386.9559763301
     2262.2737715512
     2140.5974756573
     2018.9217968476
     1897.2453367480
     1775.5664663150
     2329.8734903201
     2208.1957937427
     2086.5188287574
     1964.8425581503
     1843.1634734015
     2402.7286442248
     2275.7934041283
     2154.1167816074
     2032.4411699978
     1910.7648156254
     1789.0857722733
     2343.3928803792
     2221.7150122790
     2100.0387257316
     1978.3628929403
     1856.6867137740
     1735.0074350469
     2289.3145030811
     2167.6367427688
     2045.9601290152
     1953.0049986989
     1802.6046184344
     2356.9121199755
     2235.2340647653
     2113.5580229279
     1991.8824817544
     1870.2060655800
     1748.5269774023
     2302.8342376954
     2181.1563654741
     2059.4795749687
     1937.8033585434
     1816.1239581037
     2371.1828536725
     2248.7539286472
     2127.0776885390
     2005.4018265720
     1883.7255982056
     1762.0459289375
     2316.3537459567
     2194.6758539408
     2072.9990135972
     1951.3227485231
     1829.6433089760
     2386.9556958673
     2262.2730971783
     2140.5969759271
     2018.9213227097
     1897.2448225414
     1775.5656854568
     2329.8734550645
     2208.1953722744
     2086.5180682385
     1964.8419141041
     1843.1628794185
     2402.7288500209
     2275.7931793904
     2154.1164790795
     2032.4407228134
     1910.7641732330
     1789.0850494736
     2343.3932387310
     2221.7150779134
     2100.0382814780
     1978.3624758288
     1856.6859023788
     1735.0069171196
     2289.3146799006
     2167.6366173610
     2045.9595616726
     1953.0042581810
     1802.6039514346
     2356.9126019256
     2235.2344733336
     2113.5578125035
     1991.8817777323
     1870.2053504343
     1748.5261031965
     2302.8344686104
     2181.1562477304
     2059.4792273078
     1937.8026909673
     1816.1233408864
     2371.1833571475
     2248.7541110633
     2127.0774123834
     2005.4014845975
     1883.7247450193
     1762.0456497985
     2316.3544847418
     2194.6759845788
     2072.9987940176
     1951.3222704837
     1829.6427634297
     2386.9563763216
     2262.2737821264
     2140.5969454091
     2018.9210722078
     1897.2444863081
     1775.5651638205
     2329.8740787678
     2208.1955579575
     2086.5184307076
     1964.8418694912
     1843.1623836182
     2402.7293889226
     2275.7934156970
     2154.1168224696
     2032.4409715806
     1910.7642415802
     1789.0843170610
     2343.3935287790
     2221.7152417428
     2100.0388323682
     1978.3630843426
     1856.6863063349
     1735.0059684811
     2289.3151212005
     2167.6370487860
     2045.9605220256
     1924.2838650516
     1802.6031130718
     2356.9126387350
     2235.2348485603
     2113.5588622099
     1991.8830936468
     1870.2061417647
     1748.5247452989
     2302.8340352201
     2181.1562978711
     2059.4803513016
     1937.8038557470
     1816.1217392451
     2371.1826147028
     2248.7544577966
     2127.0784616357
     2005.4027215634
     1883.7263004132
     1762.0430479699
     2316.3529539103
     2194.6761070311
     2073.0004816396
     1951.3251153866
     1829.6492982785
     1707.9734376702
        0.0000000000
        0.0000000000
        0.0000000000
  1459535.3993166953
  1413312.9216810695
  1338366.4082014619
  1263713.2230027227
  1181896.4093664933
  1104487.1754978690
  1445965.0802313567
  1361445.4525685576
  1265950.1354231657
  1172940.5477662906
  1086637.2911401836
  1423319.7542926881
  1331943.9491874208
  1236053.0314706217
  1149522.0056436055
  1059657.9528280266
   981052.7214143876
  1317719.5482422255
  1232589.7299603440
  1143027.7629898963
  1064790.2787743590
   977948.8462736836
   900527.1652988031
  1228497.4108816814
  1140871.1351393464
  1063261.9821685853
   994493.1221444244
   898452.9408158078
  1241010.1028960585
  1150292.4534379018
  1073683.7799482758
   987204.2511611641
   912208.5115676009
   829102.7319006380
  1161911.4730227299
  1075554.2454769255
  1005396.5619936326
   933095.3786084800
   845243.4827557182
  1179069.0197198070
  1086661.3483811263
  1015404.1145894334
   942240.1352887946
   857128.6811228497
   780034.9897279434
  1055432.4298992681
   987912.1582894495
   932032.6726723125
   863789.2106345326
   772621.3764911769
  1060094.8405601252
   984839.5559755428
   905146.7382824140
   838260.8049198112
   769653.6233809281
   693342.7796819174
   909396.6028012609
   846073.1508077935
   799086.6878770483
   742138.8869156936
   676523.9940827163
   880288.4453573269
   818266.3660799871
   758286.7140146738
   695988.9984934457
   634950.3074182906
   571356.2207298395
   709323.8636812990
   663430.8463221058
   617283.2837326117
   574955.8165815228
   532690.8005200323
   482191.5955879043
   605434.5743269529
   581822.2693592636
   535396.6346408866
   490723.9350405863
   442523.8373162942
   573630.4363487095
   547186.9320841540
   507260.8570480883
   465999.2372992148
   426399.3673764769
   382077.2331754224
   462122.7347628811
   444515.0957369043
   410024.5970582026
   371824.6139069968
   334930.0901131635
   404960.2316535080
   398691.6757082797
   370210.2169426023
   338710.0292355905
   311614.2782871525
   273157.7707118486
   307213.5998636779
   276573.9561995623
   248970.5755082541
   224604.9032737977
   198051.3017049459
   224266.0060576545
   201854.8747091310
   180392.0383850213
   164516.2551316999
   146838.0981702392
   123886.7455436332
   132540.2876592792
   115452.7247093680
   108138.1148370084
    98776.3275275643
    85799.3579556283
    96990.3699420476
    86532.6977025698
    79874.5664140341
    71224.4090379891
    62580.9510138922
    52339.8061936897
    57036.9892157850
    53666.4593370923
    49839.5867653001
    44478.8827081917
    38999.5050360716
    33191.9783613648
    37376.8990174840
    34491.8083901687
    31337.7971446715
    27681.7587540159
    23748.8450194780
    27366.1763886714
    24919.7269331556
    22334.6250102004
    19873.5877437148
    17242.5762218205
    14968.8283025132
    17385.2590501354
    16018.3715955214
    14215.5010051078
    12523.8582328351
    10753.3899093122
    12147.2195363252
    11019.4880682872
     9995.8364601854
     8942.3639179185
     7973.1128824834
     7049.1798138917
     8092.9991359996
     7479.2987630233
     6871.4841783208
     6284.9559076089
     5780.3843661972
     6509.5598417596
     6389.9039693459
     6312.5187529282
     6187.7567595573
     5913.5451749093
     5532.2635156664
     5698.9971957098
     5260.9157504816
     4663.7880631349
     4064.4506922241
     3695.3514581013
     3936.9735515563
     3675.9805436658
     3278.6422939704
     2880.2015212453
     2382.8779325473
     2005.1477122157
     2475.9693960406
     2351.5778672046
     2201.1653596563
     2033.6797561704
     1870.4146574550
     1731.1693982990
     2288.5480689795
     2167.6451536772
     2045.9670257975
     1953.0106551652
     1802.6114966779
     2356.9196332444
     2235.2415467279
     2113.5636814493
     1991.8867390605
     1870.2100489888
     1748.5324058163
     2302.8412635454
     2181.1632777770
     2059.4853133532
     1937.8079211998
     1816.1294382285
     2371.1896057993
     2248.7604547223
     2127.0827602648
     2005.4059353258
     1883.7293646820
     1762.0513266933
     2316.3613805673
     2194.6827153663
     2073.0045760287
     1951.3270623682
     1829.6482309360
     2386.9626869748
     2262.2799814674
     2140.6023719635
     2018.9254265017
     1897.2488317466
     1775.5706901909
     2329.8811409376
     2208.2022937836
     2086.5239208126
     1964.8462255884
     1843.1675497735
     2402.7362640876
     2275.7999330396
     2154.1219741232
     2032.4450873384
     1910.7684543319
     1789.0900542893
     2343.4010626936
     2221.7220867803
     2100.0438895962
     1978.3669347195
     1856.6902003516
     1735.0116062767
     2289.3225087567
     2167.6437138723
     2045.9652734556
     1924.2875121258
     1802.6085041339
     2356.9200433573
     2235.2414888146
     2113.5635438232
     1991.8867294141
     1870.2098345120
     1748.5308760193
     2302.8419885342
     2181.1631220952
     2059.4844433408
     1937.8067511257
     1816.1275837588
     2371.1906661866
     2248.7607306049
     2127.0829898991
     2005.4060360276
     1883.7291344991
     1762.0499733326
     2316.3614429447
     2194.6824508704
     2073.0038098456
     1951.3261580401
     1829.6468124219
     2386.9634122653
     2262.2799265845
     2140.6021730994
     2018.9256709551
     1897.2485164836
     1775.5691861556
     2329.8809782900
     2208.2017824378
     2086.5230445801
     1964.8455307970
     1843.1658952837
     2402.7361869398
     2275.7995302273
     2154.1214494277
     2032.4450531154
     1910.7680195090
     1789.0884122116
     2343.4005104319
     2221.7210894351
     2100.0433414639
     1978.3667145244
     1856.6898174622
     1735.0099624838
     2289.3218921743
     2167.6425255553
     2045.9642216636
     1953.0081244819
     1802.6068902763
     2356.9195305141
     2235.2398879280
     2113.5626271815
     1991.8863492468
     1870.2092262258
     1748.5295223647
     2302.8417652641
     2181.1621449693
     2059.4837188110
     1937.8062920599
     1816.1262225184
     2371.1903180040
     2248.7599142455
     2127.0823021720
     2005.4057910482
     1883.7288426622
     1762.0483114207
     2316.3612486411
     2194.6816181384
     2073.0031821931
     1951.3257598853
     1829.6455444131
     2386.9631603388
     2262.2789066908
     2140.6015913728
     2018.9253105581
     1897.2481260156
     1775.5681914477
     2329.8809856715
     2208.2011644956
     2086.5220700260
     1964.8449720979
     1843.1651580139
     2402.7365037951
     2275.7992299672
     2154.1210762111
     2032.4447319136
     1910.7675352931
     1789.0875836133
     2343.4009064767
     2221.7211273707
     2100.0427840520
     1978.3663799592
     1856.6891833711
     1735.0093938821
     2289.3219321680
     2167.6424073694
     2045.9636153395
     1953.0075817732
     1802.6061356263
     2356.9200039228
     2235.2404798211
     2113.5622943431
     1991.8856535894
     1870.2086956996
     1748.5285318758
     2302.8417552844
     2181.1621268717
     2059.4833734149
     1937.8058459743
     1816.1255587157
     2371.1907891179
     2248.7602142513
     2127.0819217049
     2005.4054412405
     1883.7281470240
     1762.0482406664
     2316.3620774841
     2194.6819131078
     2073.0029580020
     1951.3254877423
     1829.6451039013
     2386.9639542517
     2262.2798856674
     2140.6015354943
     2018.9250923041
     1897.2480400929
     1775.5678955991
     2329.8818055971
     2208.2014701537
     2086.5225879484
     1964.8451901573
     1843.1649298542
     2402.7373084067
     2275.7995319268
     2154.1214176982
     2032.4452199574
     1910.7680345734
     1789.0870669034
     2343.4014062195
     2221.7212175634
     2100.0434464964
     1978.3674890451
     1856.6901930708
     1735.0084968067
     2289.3226346773
     2167.6427504656
     2045.9649698533
     1924.2876815578
     1802.6053932656
     2356.9201961786
     2235.2406505513
     2113.5638399036
     1991.8880272185
     1870.2104003217
     1748.5268609266
     2302.8412058062
     2181.1617355360
     2059.4851743850
     1937.8081757722
     1816.1235101284
     2371.1897153856
     2248.7601098334
     2127.0837933701
     2005.4080511993
     1883.7310293465
     1762.0444012625
     2316.3595713723
     2194.6816331824
     2073.0059891696
     1951.3307204794
     1829.6547464830
     1707.9786901636
        0.0000000000
        0.0000000000
        0.0000000000
      814.5446940905
   586559.3461987524
   568136.4357388931
   552924.7279971740
   515081.9812712843
   462069.2246007132
   773668.8736143152
   683966.5000273921
   606822.9711515119
   546302.5940907737
   488350.4485029466
   829171.0079396343
   748713.2300347395
   676358.1060589819
   620918.3188471333
   569247.5211800925
   524882.6513775715
   875270.2667578761
   809882.3958174590
   739880.4719057995
   684261.1088020125
   628302.2811661537
   583074.9426804415
   931517.0363094057
   861174.6903862651
   793988.0779132289
   741466.7417485628
   667209.0138117607
  1025564.8480329063
   953806.7560555572
   892657.9621684699
   825236.3878591694
   769742.5832919426
   704216.9622170475
  1055423.7189840609
   982694.9138617881
   921360.6428308669
   857293.9897666845
   783578.6458146179
  1138671.0596754013
  1056620.0750929269
   989684.8757148447
   923454.0598694345
   850017.4574834675
   785829.4763203990
  1121606.5200093864
  1045836.7558118626
   977076.9965276432
   910892.6584095967
   831937.7842717554
  1181440.8941455090
  1098812.6178861759
  1013833.6561602182
   944705.5999560973
   875606.6474830373
   801918.1884537644
  1112215.4730291241
  1032350.7837985068
   965532.7430375942
   897597.9078816943
   825674.4890567085
  1143590.0416924173
  1061540.7577246814
   985681.2937438816
   913520.1574020267
   842408.0284436406
   767928.0316098318
  1049701.7832152122
   975420.4066363520
   908403.3634773453
   848558.3661821828
   786932.4782329689
   714455.9752448930
   982748.0927113447
   910707.7850309162
   836857.0412061359
   771039.1521240885
   703832.6065489342
   986595.1333931283
   914560.0418836883
   840752.4848082884
   773458.9002560442
   710089.1324220403
   639994.8335227160
   854674.4583785897
   806318.3783512941
   731319.5628480065
   675194.5887726193
   620237.4987365803
   887446.1143215769
   828977.2102007411
   759102.6137826474
   692748.5809939979
   635708.6612984203
   573792.6255040676
   753103.4815033134
   722474.2332269896
   655371.4985755823
   601449.3344796477
   549311.0404561199
   789875.8133497062
   741772.7066726297
   675042.6515702868
   617865.7390981244
   562252.2952566796
   501987.5032922279
   641278.0377955749
   616376.0800009648
   554913.9240695226
   507710.6583794602
   456199.8178308874
   630332.1907464957
   608575.2253218531
   550095.8200189698
   502220.5011530502
   458914.1463406272
   404486.1294834509
   499982.0171975177
   459786.9723905390
   419342.9951624739
   388939.8599375797
   366310.9685364676
   324672.6527995977
   394387.3332935749
   358845.7682253504
   323175.7391508634
   295042.4627120797
   262777.6514244377
   331815.6669658282
   297609.7621711434
   260199.1674607142
   242779.9297808433
   212787.6124320664
   186810.4094565266
   209909.3441559983
   188028.5426471362
   169892.6878463574
   159515.9954650700
   136709.8639427283
   171862.5784140564
   149088.3977147710
   138034.1023397640
   119478.5553008833
   109501.4748645563
    92791.7762336088
   103428.1828962514
    96850.8760863295
    86781.4379762699
    81929.9252994724
    70011.4948780567
    87361.0731141228
    76972.8792528439
    65568.7988764889
    61289.4212059317
    52234.3711849162
    48200.2258348263
    54418.3914168958
    52055.8527400899
    44705.7698985442
    37013.5102031269
    33878.6801639187
    37403.9325071566
    35433.8203868857
    30696.6796186191
    28669.6135619242
    24906.1606644837
    23854.8625426118
    27861.7151629177
    26700.0848635820
    22900.6972463983
    21701.0019430950
    18229.3018555549
    16803.7630427342
    19340.2249675373
    16544.1040603677
    15414.5473801436
    14346.5557754507
    12189.0669042999
    15377.4896603077
    13451.6334444374
    12620.7504110272
    10874.3829961314
    10026.3336598636
     8507.7006274488
    10637.2062547368
     9308.4277292199
     8582.8100925590
     7895.6673679808
     6803.2323804067
     8547.1158125526
     7557.8744767957
     7002.1571364066
     6470.5141443355
     5601.2665320935
     5116.4283542682
     5923.3386177980
     5580.3940664614
     5185.6686102173
     4799.0703089172
     4162.5366583236
     5009.1045321962
     4714.3935502726
     4189.1355094028
     3889.0440656330
     3589.3455020635
     3279.1330166489
     3676.7197905248
     3455.6663796678
     3190.3130544315
     2891.7085704170
     2603.8344867267
     2932.6769524131
     2653.1121362255
     2409.9080675291
     2209.8741102833
     2044.0462996397
     1973.8232147574
     2486.8159274440
     2366.4304540523
     2271.3827370324
     2186.1079573841
     2094.7506577220
     1982.3010373097
     2518.4768999601
     2390.7627126752
     2292.3046151747
     2196.3010773988
     2100.3997298902
     2670.6353216059
     2565.2718172242
     2410.5636722516
     2212.6827072730
     1966.1831075213
     1747.5861529994
     2291.3313526171
     2181.1698770947
     2059.4910660588
     1937.8131176227
     1816.1337504635
     2371.1970461655
     2248.7664928797
     2127.0883988290
     2005.4105131914
     1883.7335521764
     1762.0547127633
     2316.3674465580
     2194.6882817125
     2073.0092374543
     1951.3313788132
     1829.6517195489
     2386.9692073817
     2262.2849448598
     2140.6067909744
     2018.9297692370
     1897.2525265039
     1775.5733370280
     2329.8868524792
     2208.2074415234
     2086.5282172076
     1964.8503403790
     1843.1698977342
     2402.7417615668
     2275.8047242225
     2154.1259426572
     2032.4488538232
     1910.7717941561
     1789.0921287682
     2343.4067918371
     2221.7267039569
     2100.0480933515
     1978.3704759017
     1856.6935387472
     1735.0133464197
     2289.3281589650
     2167.6480614988
     2045.9689125137
     1953.0121708804
     1802.6098311885
     2356.9255953901
     2235.2451108170
     2113.5669654691
     1991.8898596239
     1870.2126689115
     1748.5325859311
     2302.8485056872
     2181.1677249723
     2059.4882250039
     1937.8098416045
     1816.1287924590
     2371.1968149017
     2248.7653057019
     2127.0866470016
     2005.4093317392
     1883.7322043859
     1762.0510646799
     2316.3682066541
     2194.6871491448
     2073.0075528865
     1951.3290634661
     1829.6478872292
     2386.9698858814
     2262.2842845230
     2140.6059551039
     2018.9288422303
     1897.2513114840
     1775.5707967022
     2329.8881142544
     2208.2067429806
     2086.5262855948
     1964.8480908618
     1843.1673507551
     2402.7435510677
     2275.8048367911
     2154.1255532572
     2032.4482889936
     1910.7706028491
     1789.0901004833
     2343.4082558945
     2221.7268951481
     2100.0473105823
     1978.3698852558
     1856.6920999036
     1735.0117931441
     2289.3289251125
     2167.6479520049
     2045.9677855899
     1953.0106764061
     1802.6082675524
     2356.9269472259
     2235.2461046192
     2113.5667245572
     1991.8891595982
     1870.2114834461
     1748.5309333849
     2302.8487909047
     2181.1677335994
     2059.4875870245
     1937.8086940118
     1816.1277547329
     2371.1978641332
     2248.7659533685
     2127.0864265268
     2005.4089113284
     1883.7309928207
     1762.0507538938
     2316.3695359345
     2194.6875581161
     2073.0071183744
     1951.3283165061
     1829.6474203177
     2386.9712878337
     2262.2856374328
     2140.6061158688
     2018.9286099111
     1897.2509519606
     1775.5706082325
     2329.8894443116
     2208.2071750083
     2086.5266646084
     1964.8480210144
     1843.1674525382
     2402.7450834533
     2275.8054443969
     2154.1258631515
     2032.4488171379
     1910.7711959218
     1789.0899961212
     2343.4092910021
     2221.7271048078
     2100.0478595266
     1978.3712025514
     1856.6934476968
     1735.0113047151
     2289.3300954061
     2167.6483300761
     2045.9690756827
     1924.2908427644
     1802.6079811850
     2356.9276688476
     2235.2463446221
     2113.5684500351
     1991.8923554937
     1870.2141272718
     1748.5294679777
     2302.8482992846
     2181.1670638943
     2059.4895478889
     1937.8119044171
     1816.1257347255
     2371.1966984066
     2248.7655322129
     2127.0887671045
     2005.4130656363
     1883.7353464570
     1762.0461538485
     2316.3660488600
     2194.6869109689
     2073.0112470528
     1951.3361152904
     1829.6600207407
     1707.9837804978
        0.0000000000
        0.0000000000
        0.0000000000
      814.5446940905
   205507.5982781859
   194605.6837292141
   182338.3976701623
   161764.9090439850
   136454.8222514397
   326458.5881761553
   285172.7918957208
   260827.3566366775
   241999.0299236849
   220033.2948174517
   494408.7670115654
   433066.3656139250
   379478.8181827280
   347498.7875437457
   317050.9851042706
   289747.9377489960
   594343.5063902567
   531025.3653919770
   467275.7298137353
   422919.9493161853
   379387.3259862166
   344007.4878661268
   647351.6761437570
   575042.0960571803
   509786.9367313201
   459703.7055440241
   396822.7833172301
   714279.1477930842
   637387.4436666052
   568040.9263072466
   503804.8155208638
   453204.2900018426
   400372.0376076580
   725340.5255100647
   652942.4974398381
   580070.3606746153
   514134.3943273142
   447592.0782298522
   779382.4440531280
   702614.6538577171
   631902.2980438992
   567746.3755763101
   508920.7785848321
   454556.1137316055
   788903.2311666192
   715875.8669849036
   642147.4938033390
   572439.5166834347
   502277.5655359531
   839336.0037505473
   765155.4283270558
   696574.4132417407
   626063.0136499369
   564472.4266763815
   504252.6458327411
   833623.4994055179
   772188.0832097802
   709908.8345310101
   637275.8841895891
   562198.9852886192
   898894.8999957511
   818366.7239175396
   756519.1036459854
   690291.9691596878
   627058.3955175913
   558949.3342294454
   884866.3677564930
   813663.5445304891
   763928.7268110919
   711851.7995385727
   650083.2063890136
   572466.4868153721
   866177.9606444200
   793522.7971962165
   740591.7256628610
   689599.0157212723
   624020.3216291739
   942611.0852899699
   855031.3779087686
   786738.4944593013
   731815.5065133832
   675541.4676574828
   607364.2691893873
   876383.3466298319
   819379.9798288663
   737909.8732847855
   691921.0693574949
   640812.5688155056
   977025.4841854686
   894856.3637513454
   817369.5325862690
   736852.2368526305
   679687.7338151629
   618780.6189185895
   876060.0041128085
   831550.1428108319
   745497.4543582224
   692125.6437200175
   639044.3742592999
   961610.3131988624
   876142.0043995476
   805008.9307612049
   741803.9793951130
   665181.3997243348
   602232.8466099963
   828113.6265003670
   793571.6390331128
   714574.8390327587
   664639.8684852065
   593177.2775822101
   874546.6878527156
   821773.2553117020
   736061.1402100057
   678372.6037809564
   612508.8146111323
   551845.9602759315
   771082.7989788812
   708093.1423674583
   659673.2324446017
   598450.6774202195
   562075.3875094998
   499661.8119765352
   683082.2806618434
   638459.8661120812
   587599.9087119674
   549494.2163771954
   483466.0619242422
   695244.6897406005
   643284.4766838010
   579982.2643454440
   540866.9175335267
   480519.9490438494
   429693.0083009191
   552522.9264720812
   516260.2803060827
   462718.3022168593
   432515.8871400252
   385259.7720536736
   547848.0737706599
   495328.3718485275
   458267.1984139757
   399380.3934191844
   364739.4736412046
   308591.2571219857
   374602.3157438582
   353914.9120576761
   311100.2793013151
   294145.5295015172
   255589.7756375861
   355744.1510137740
   319053.5054839553
   277427.9739557139
   263135.7766260143
   227766.2266409008
   212228.1700406745
   262397.1403564420
   253854.9750215021
   225866.6099855156
   197617.3152243878
   185028.3295956284
   229665.6035841647
   220549.6979282952
   193443.5695130790
   183528.6841897538
   159386.4471435784
   145956.1870361512
   180700.6081068081
   171170.8398887891
   150084.9946772284
   141792.1082867729
   122077.1315599851
   110526.1987772937
   135079.2002556678
   115412.0705004700
   105482.5913691119
    98987.1875128090
    83718.6376008981
   112775.0683064766
    99285.5125193155
    93990.2043048609
    81464.7620974072
    75379.6985282285
    62207.9556257783
    82957.8575272762
    72998.1300388313
    68188.8706209276
    64043.2560607345
    54496.4019338267
    74196.5438505935
    65174.9332830875
    60685.7063675176
    56584.4991722001
    48372.1019182732
    43056.1778201619
    51752.4621596169
    47873.7085673108
    44787.4358468682
    41297.2165730184
    34826.0191878380
    45630.2735584038
    42458.0655196369
    37011.3155379429
    33848.4670150231
    30689.2696131320
    27217.2014517320
    32696.0903122505
    30491.9750790727
    28259.4180341493
    25736.2459017050
    22814.4577312514
    27340.7365017293
    25274.7039105254
    23225.9333298103
    21072.0508474245
    18837.1750024137
    16597.2248478295
    19916.3852309685
    18527.6450055966
    17047.8285317967
    15325.9501776076
    13610.8872387519
    11931.2570540879
    14753.7729887429
    13565.7078931091
    12253.4502878449
    10966.4442816086
     9728.1805663412
    11972.3879171210
    11064.5787312202
    10121.1636176670
     9179.1416431012
     8293.4711750277
     7421.7522652159
     9208.7882927715
     8568.9455138816
     7896.0171630566
     7214.4677153658
     6513.4205013776
     7945.7863544966
     7294.9430435800
     6541.4366694159
     5807.9023436370
     5143.7968805432
     4540.2871930312
     5619.3985685654
     5164.8118581251
     4696.0231832765
     4224.2830765814
     3778.0775808140
     4606.7544729199
     4261.2199903884
     3934.3042985639
     3614.6383306617
     3311.1414838403
     3016.9198146621
     3758.0093420429
     3494.6290721334
     3229.6766076565
     2966.9859625153
     2711.9996402788
     3339.8942546536
     3168.8091381846
     3028.2218212333
     2916.4306867284
     2800.5956406790
     2672.2232665690
     3207.8716011600
     3050.6687560645
     2887.2514045193
     2721.5488817656
     2546.0948370466
     2345.5069384609
     2833.8555622392
     2652.6181041214
     2467.1823152015
     2294.1081552263
     2060.2678890262
     2542.8838193071
     2380.4236654833
     2239.8160640450
     2101.6828183701
     1966.4468373514
     1832.2473012412
     2367.5051484279
     2228.6050640781
     2101.6289299711
     1987.7778804833
     1880.2263934336
     2443.3337660222
     2307.7469527533
     2153.3646034116
     1996.8885381033
     1878.2729067871
     1762.0597344132
     2316.3731930612
     2194.6934019566
     2073.0142197353
     1951.3360512644
     1829.6568831837
     2386.9743802468
     2262.2895568397
     2140.6108709440
     2018.9331890224
     1897.2560986700
     1775.5776797747
     2329.8921386418
     2208.2118795905
     2086.5323612988
     1964.8543560251
     1843.1746642298
     2402.7469169944
     2275.8090294783
     2154.1303233356
     2032.4528655878
     1910.7755252788
     1789.0960354096
     2343.4118431765
     2221.7316029995
     2100.0527375799
     1978.3749749719
     1856.6971571182
     1735.0171382772
     2289.3325420106
     2167.6525929955
     2045.9734894528
     1953.0166572841
     1802.6137076669
     2356.9301776767
     2235.2503582411
     2113.5718770503
     1991.8939063435
     1870.2160021751
     1748.5351698954
     2302.8525639459
     2181.1727199453
     2059.4933720084
     1937.8142537975
     1816.1320299622
     2371.2015823833
     2248.7707714952
     2127.0917567373
     2005.4135887744
     1883.7350644878
     1762.0542952886
     2316.3741536412
     2194.6932035603
     2073.0129070288
     1951.3332808385
     1829.6509196029
     2386.9757576435
     2262.2912243208
     2140.6115291903
     2018.9328900914
     1897.2546505132
     1775.5739703805
     2329.8950309565
     2208.2132986268
     2086.5321479519
     1964.8521554517
     1843.1706184908
     2402.7508364428
     2275.8115629067
     2154.1310702975
     2032.4527618569
     1910.7748468245
     1789.0935061253
     2343.4159464486
     2221.7334848226
     2100.0528782837
     1978.3750594226
     1856.6971818471
     1735.0146579685
     2289.3367774262
     2167.6544077212
     2045.9737454186
     1924.2946050433
     1802.6110031661
     2356.9345563903
     2235.2523585824
     2113.5731545310
     1991.8966523165
     1870.2184264817
     1748.5327245669
     2302.8553111176
     2181.1727341501
     2059.4939866149
     1937.8160503707
     1816.1283998751
     2371.2036688441
     2248.7711058960
     2127.0937494781
     2005.4181720463
     1883.7401331706
     1762.0482251556
     2316.3726877206
     2194.6922774675
     2073.0165960542
     1951.3416708347
     1829.6654759121
     1707.9890551146
        0.0000000000
        0.0000000000
        0.0000000000
      814.5446940905
    80914.3308583410
    75856.1243030763
    69670.7983303947
    61180.7993333489
    49397.3821048631
   112200.2186067428
    97123.5199842112
    94157.3595702086
    90097.7394511330
    80998.8227970001
   217118.1675178679
   190066.9167995550
   166878.5904230351
   158253.3337087427
   146878.8332741998
   133722.5366046003
   328256.7367530181
   288560.6020586145
   249816.6677776237
   226174.3269476726
   203476.6620480500
   183445.7122577158
   414258.9375393831
   360030.2005039962
   305209.7368852334
   267156.5657555183
   226745.4081207651
   484957.7285575207
   423986.1502642295
   366146.9532927335
   316936.2553978616
   281893.8058494423
   246525.1970328288
   521261.0086554218
   462980.8676796627
   396431.4350885695
   342347.6792338088
   293091.8300162114
   581110.3503968028
   518160.0476831530
   449802.9639855673
   392365.8807699573
   343774.9221292009
   304077.3836324500
   603623.8309929551
   541790.1724213432
   469246.9041619482
   406320.8252668827
   349082.7758933762
   648468.3132222681
   582222.8194221226
   516989.9020473232
   449811.5885218001
   395270.6852296424
   347869.4067906346
   651528.4677820274
   595103.6301347252
   527112.4283277664
   457811.9662548646
   393991.0556989428
   699718.1307648784
   635844.9414465084
   566216.5213397775
   495978.0671634283
   439882.4540970681
   386155.3946749203
   696409.8664849651
   642502.3659246531
   581125.6998502814
   511836.0579947716
   455009.1399611463
   392723.9116689380
   680761.1948289154
   627054.3975483446
   566814.9896293732
   496879.2959272891
   428007.8390868562
   717159.8113577007
   656234.0701213470
   593598.8191834990
   528047.1239077767
   472855.1579767195
   413050.9794917731
   698427.8693063355
   649771.9109149683
   577355.7617665631
   514031.8415618457
   450643.5428981091
   737049.3930251799
   675902.3208138226
   613322.0725841726
   530243.7108843973
   475859.3423264090
   421052.9585431628
   702233.8542725904
   652180.1570826479
   581741.6445147869
   519854.7830229393
   458868.9827281589
   744334.6335918262
   670116.1122341945
   611574.8749274842
   548829.7302062422
   478243.9612339876
   425249.7129266924
   695238.5983374804
   652499.6763130634
   589516.4308566470
   532605.6773610746
   458498.4436942628
   734138.0173035413
   684393.4924460715
   613191.5423348299
   556817.2385095959
   488883.6657191576
   439048.1004771871
   709291.9881199471
   648002.9869671717
   602094.8070682291
   531857.3299795176
   484560.3971380999
   416378.5215577672
   652016.1416063757
   588088.4871044784
   549188.4570060339
   504187.2650612307
   437643.4879035684
   671938.7115174299
   605334.4227799622
   541289.3902732250
   500092.4343419950
   442799.1622704460
   403134.2166914911
   614348.4522216766
   579961.7337172633
   523673.7158618032
   485611.0540567063
   428873.4280860108
   661803.3555914899
   603333.0912002407
   564221.5425923915
   507635.3309815974
   468557.7335807231
   406478.2911294400
   593184.1450722521
   556499.3899993579
   499596.3853147463
   463620.4866185426
   408358.5139307347
   626144.7551523205
   570660.5169769747
   511354.0874687583
   474808.3860950740
   414823.4633789812
   368434.3803816818
   526588.8717030486
   495712.4610343680
   445191.4228269060
   390581.5691951536
   349510.9877326307
   500178.1928340433
   466081.4017957449
   416211.2950879946
   386187.9318055576
   341829.6275253102
   303563.5746479632
   427317.7893727682
   401628.6342937931
   365299.5863937738
   343777.0887486693
   305277.6657135853
   269608.8409619677
   356518.5412377079
   315310.7793631838
   289618.7061356922
   269372.1444079970
   228134.1903826397
   323071.0693457951
   288875.3324827242
   270089.5991293810
   238808.3321300321
   221473.4020667442
   185749.2931067545
   252807.9300217832
   222364.7198246774
   204215.9630985272
   190448.8182834916
   164200.5063580881
   231222.8595742765
   206583.6309348180
   193647.5106227694
   182758.2223463771
   162263.6619756893
   144791.9165409917
   181069.1386609151
   167184.0375024437
   157589.6849735135
   146061.7365165172
   126783.4512441864
   172255.6930183595
   161377.6413616020
   145085.5813061879
   134998.0376373220
   123884.6415085825
   109950.1862881512
   134995.5260558440
   126016.0813222867
   118343.5179485380
   109563.2926572419
    99991.3942473758
   124511.1927304062
   116909.9707507078
   109212.2637168913
   100978.5782723085
    92240.5800809223
    82107.8108899961
   100180.0349499173
    93624.1865416652
    87563.7263927185
    81143.6349845740
    74779.1782345978
    66580.5324977303
    84806.0219744577
    79679.8825444627
    74865.6934178176
    69807.1525009335
    63280.7350567015
    80694.2447194511
    75788.9273610427
    71010.9094280696
    65908.2780247504
    59817.5433564171
    52613.4643113407
    64715.7704189005
    60558.3666438162
    56674.0051551033
    51724.0356266116
    45462.7647758761
    57081.1030793587
    53217.9219715310
    49597.7109423888
    45307.5203629462
    40965.5547672423
    36183.9538876040
    45023.7333226427
    42853.6798820246
    40269.0114175760
    36497.5647347522
    32260.1268806454
    39570.0943087918
    36934.2858798204
    33725.6082146839
    30167.6357701840
    26841.5754828048
    23416.4016943107
    29605.6477468949
    27296.0339729770
    24590.8718116263
    22104.6022356767
    19534.8062226493
    24915.3565590474
    23148.1753877233
    21043.1592059757
    19182.9559998622
    17165.0541266559
    15395.7673943176
    19688.6592946482
    18037.5648768556
    16537.2200763431
    14647.5347246338
    13286.8313495829
    11679.0788207954
    14805.9815769449
    13532.2112275017
    12278.8279024580
    11103.6708940482
     9742.8719996008
    12068.7624245699
    10991.3534172663
     9857.3515478187
     8915.9823519433
     7927.6398140223
     7081.2908464254
     8471.9661714667
     7784.3336164957
     7031.0948139376
     6321.4157909340
     5676.0395329698
     6597.3400161257
     6133.7281337247
     5713.5195267086
     5305.1740159046
     4911.8150840145
     4534.0071679195
     5140.5494304696
     4875.6264570317
     4590.7450898368
     4251.7072861760
     3858.0394115758
     4151.6949466086
     3909.8044042459
     3705.7654995415
     3523.1574993352
     3184.3402237548
     3015.5102400973
     3480.0017006166
     3394.7479292180
     3094.0068907576
     2761.0940751540
     2605.7522710127
     2983.5506415685
     2855.9736318484
     2626.1844574099
     2413.9271720049
     2204.0876725532
     2012.7171359757
     2476.8935168248
     2316.9569190083
     2173.4745547377
     2031.5552320958
     1901.4909951557
     1785.6921904624
     2338.8890619548
     2226.2919850817
     2115.3524183069
     2025.2821596326
     1873.8895940995
     2414.4501217141
     2281.9302569213
     2142.1313944813
     2019.5283132724
     1907.0332738900
     1788.2644740313
     2338.6573039199
     2219.6673471431
     2100.9057381973
     1977.3359667943
     1840.2154618202
     2368.2417686444
     2241.7491756975
     2127.0951374787
     2005.4197624307
     1883.7416177440
     1762.0620386316
     2316.3790462653
     2194.6982448239
     2073.0187195704
     1951.3399255591
     1829.6593046048
     2386.9801427315
     2262.2954876415
     2140.6165377455
     2018.9381027005
     1897.2600268960
     1775.5801248491
     2329.8985098677
     2208.2176253981
     2086.5380057937
     1964.8587803297
     1843.1774442023
     2402.7539972037
     2275.8156869524
     2154.1363825987
     2032.4578732862
     1910.7795763680
     1789.0988077487
     2343.4195708303
     2221.7385538898
     2100.0586189940
     1978.3798026099
     1856.7014647149
     1735.0197038562
     2289.3408440331
     2167.6598771836
     2045.9793493986
     1924.2995179776
     1802.6159570860
     2356.9388341112
     2235.2578103473
     2113.5780028307
     1991.9005393539
     1870.2228047238
     1748.5379724836
     2302.8608952096
     2181.1785138362
     2059.4983657088
     1937.8202587722
     1816.1328361144
     2371.2092475514
     2248.7763162147
     2127.0982700243
     2005.4227154880
     1883.7451466438
     1762.0518711719
     2316.3785261479
     2194.6972281532
     2073.0215560612
     1951.3469678000
     1829.6707603767
     1707.9941944124
        0.0000000000
        0.0000000000
        0.0000000000
      814.5446940905
    32921.3519913331
    31163.0556402168
    28831.7775250431
    25293.4889981160
    20110.1662224738
    42162.9256581297
    36528.5650452513
    35150.3001392016
    33444.9926589599
    29961.1151896927
    85392.3048678457
    75572.9282855035
    67882.0065562355
    65839.8345194678
    61655.1059463439
    55763.2868407355
   150141.1992186951
   131677.2641016875
   115139.7002422289
   105968.6237917981
    96508.5497348572
    86885.0320645861
   210326.0535625106
   182732.5683958318
   157091.2454324578
   139576.3402457228
   119622.7105311849
   277711.7632774208
   243633.1011013237
   212994.6484846723
   186806.3837447898
   168078.2052192619
   147463.5351387475
   332473.7851990963
   292341.6440704413
   248195.7733166168
   213939.8616961061
   183469.5162809294
   385153.9246257067
   341617.0457452984
   294907.6092176249
   258028.6381629338
   226813.5888596562
   201619.0060184770
   421306.7898898385
   373843.4240516031
   319523.4008250269
   275889.2656053745
   238719.9851124586
   464787.7188899075
   413291.1391549030
   363616.4158137596
   316429.7411430400
   277933.1604849056
   246214.2957070738
   482044.0423832190
   432964.4566996550
   375949.0439835105
   326065.7703849772
   282957.8895695203
   523672.8463486382
   469490.1392639231
   411774.2407709630
   360688.4919177509
   318741.2634914063
   282817.2037906792
   532049.3000508056
   482751.5306208088
   428827.9757710347
   376647.0666731528
   332636.0197830371
   291836.9807871985
   526036.2580057281
   477552.5980598730
   424638.3993071444
   371845.6577812150
   323751.2785072275
   560631.2462827786
   508378.1525100329
   454361.0867543222
   403649.0854024398
   360281.4209013671
   320193.1642846405
   558687.1273949636
   516212.8312823205
   451275.7702528088
   402374.9289529090
   355901.7877320991
   592542.3315108333
   542297.6098065396
   493058.3827855029
   427529.3632619957
   385331.7212397808
   345016.9040518597
   580212.4520246399
   538572.2213068922
   475137.9749016966
   428609.2980691837
   384211.1532349137
   621967.1930124894
   555808.8000010514
   507816.2333075199
   462983.9023370669
   404323.2038407252
   365306.8928820522
   600143.3805100096
   559616.3396632322
   498877.1090793022
   456286.2615289368
   398029.6176614098
   640826.1495233264
   596751.9779641218
   533685.7628704397
   493048.3204508438
   435933.7919316365
   397461.5167822657
   645164.2295305313
   584674.0662825842
   543868.1931417269
   487995.3220373720
   451009.2661034925
   394334.8679116162
   624259.9854228520
   566063.5919010092
   528664.1455746199
   494220.2513331873
   437807.0673466330
   673819.2678045912
   612368.1473843037
   549648.3200982679
   508909.7746520850
   450894.2785578471
   406786.9219591871
   608793.2341059338
   573337.4429402575
   517657.2214318239
   481403.4886162815
   425103.7641844763
   682916.8017105220
   624243.3193317361
   584346.8278539219
   525381.0561393420
   486201.2659657035
   422185.6421853279
   646706.3036095437
   605190.1765137307
   544812.2000332570
   500394.0563987835
   439071.9267361567
   706023.2425754670
   648050.3537128506
   586164.4793890147
   539536.3517567681
   483259.4514575670
   433131.9623313571
   648496.7075240468
   601592.8980928941
   543805.1241884627
   488399.9193347295
   439411.3632536327
   648948.8828659520
   608047.4053105980
   558223.7764238104
   516777.3586426849
   464064.9960508597
   410608.4696787129
   583888.3019901908
   541941.9194435875
   494879.1594775550
   456802.0828397403
   410549.4619493218
   361114.0305825872
   497699.0377648484
   449016.3063602861
   413053.4270897015
   385158.1722673293
   339480.6459983782
   499783.3348233647
   460726.1318116661
   423700.1777125186
   380743.5603045885
   343056.8507831914
   293444.6862888708
   414442.4173753831
   382046.4011606658
   353691.2476375218
   325491.2160508592
   289988.4377926547
   420357.5756424993
   392631.4486704306
   368947.8746604915
   344680.2217992035
   311785.8699965918
   274732.2145220829
   350626.6722047877
   326407.5005459013
   307331.1837394480
   285037.3742330489
   252578.4717212355
   340408.4229237891
   321526.5805476942
   295398.3326683750
   273654.4800893548
   249374.3020026080
   218889.6677275364
   277770.1205118349
   260661.0183510924
   244804.9857830235
   226814.4972100010
   205478.3249383339
   271763.7998458460
   257242.9755377389
   242008.8078691546
   224732.5294656713
   207057.1389788139
   183443.6479929189
   231699.1170442516
   217281.5590540807
   208192.7944317605
   198533.0163061514
   184778.5624181461
   162528.2707845444
   205453.4479491441
   192393.2062611985
   184856.0316902009
   171568.1131388147
   151957.6366291201
   199225.5614377482
   186082.4254260676
   176497.3101403635
   162217.6159926426
   147034.8322667603
   126710.9703340537
   160955.2222580256
   152548.2400235143
   146008.7941392955
   134743.7824481029
   119118.9850955807
   157526.4419075878
   148163.9525109800
   139434.3113858321
   126437.6718636104
   113926.2625593682
    98623.9365877365
   128178.3078434981
   121059.3214224822
   114040.7829263143
   103924.4451627291
    91661.1524925725
   120413.0246445266
   111510.0617131325
   103523.0315752551
    93925.0668285760
    84644.5633845060
    74070.7804200996
    97055.1129538780
    91175.8357972456
    84139.1408163466
    78229.3610028226
    68429.9352730368
    87400.1281720898
    81945.1923781857
    74457.0509397502
    68151.6845182825
    61314.3702946860
    54926.9012719115
    71606.9599220807
    66943.3036427989
    63412.9299573324
    56490.0857930335
    52835.7096168989
    45013.1099526046
    59440.1795118899
    52255.8639016291
    48043.5539062504
    45033.2971109201
    38743.2166189385
    52006.2912806573
    45688.3397137359
    39710.3450405789
    36442.0545452269
    31851.5378137420
    29179.8709775005
    37357.0565245139
    34474.9003861707
    30240.7572122413
    27464.0199130001
    24049.5060517025
    32746.9926734433
    29261.1136316173
    27383.2807053631
    24185.0113595113
    22213.3830192817
    19191.4355608943
    22872.6424503009
    21682.8126281617
    18978.9999067648
    17459.9126303985
    14971.1794580031
    18780.5069822665
    16609.6731667779
    14404.5648300329
    12971.3186754851
    11162.5583006820
     9915.4157741249
    11579.6604295261
    10789.3646190591
     9701.3332703184
     8688.3598702059
     7954.7544308866
     9722.5637774574
     8904.8711427059
     8017.5680791507
     7300.2450813966
     6433.3965709095
     5910.5473659341
     7637.7453710950
     7133.5668302450
     6469.8201477438
     6262.0734080913
     5771.8595425003
     5535.6957621479
     7170.4288383648
     6462.0628527502
     6000.7565095285
     5589.1862663081
     4880.0481963794
     6428.9148546995
     5737.1520912554
     5310.1773729305
     4679.3503016068
     4298.6474960672
     3758.6209586171
     4959.8795982358
     4446.5712495827
     4114.3892309261
     3821.7984714021
     3386.6899223125
     4334.4759886164
     3879.1059060162
     3544.8346176836
     3201.5649105077
     2777.4338555812
     2460.2235618006
     2867.6366710001
     2626.3070697940
     2427.1648601069
     2235.8459631226
     2068.7835025974
     2578.4575004301
     2415.8293037559
     2274.2067015141
     2131.3170552220
     1980.0586771984
     1832.0436400569
     2340.0892825133
     2202.8813632904
     2076.9472226239
     1970.6295012249
     1862.5361469696
     2390.5042948906
     2226.7368537068
     2074.2714182994
     1949.5388502068
     1837.2820172761
     1733.8411504939
     2304.1889826011
     2210.9749247089
     2113.8474060249
     2008.1372194313
     1886.3417266415
     1747.8966469625
     2283.1945874895
     2160.9917896718
     2043.1823549772
     1924.3088386541
     1802.6266095473
     2356.9473041370
     2235.2656086707
     2113.5851887639
     1991.9064158439
     1870.2284867027
     1748.5463526890
     2302.8691506141
     2181.1865425964
     2059.5054790658
     1937.8265085956
     1816.1415427996
     2371.2165690313
     2248.7824249249
     2127.1035210737
     2005.4273820118
     1883.7506802333
     1762.0605500378
     2316.3857994360
     2194.7029320280
     2073.0270020568
     1951.3528642005
     1829.6770799436
     1708.0005051030
        0.0000000000
        0.0000000000
