!------------------------------------------------------------!
  Date: 20191111
  Simulation name: CVY4 
  Filename:massinchannel.txt                                                                                                                                     
  Produced in mod-subroutine:  massdist/massinchannel                                                                                                                                
  Written by AK September 2019
  Description:Calculate mass distribution in different parts of the channel                                                                                         
  Data format: t Total Mass (m^3) Elutriated % Med Dense InChannel WidthChannel 0ScaleH ScaleH buoyant current                                                      
!------------------------------------------------------------!
   1       1235520.0000000000             0.0000000000             0.0000000000             0.0000000000             1.0000000000             1.0000000000             1.0000000000             1.0000000000             0.0000000000             0.0000000000             0.0000000000
   2      21272207.3991935775         22729.1951593436             0.0000033304             0.0200500239             0.9799489558             0.9989314142             0.9995959972             0.9999998748             0.0000001252             0.0000483068             0.0010201857
   3      41165269.1532254070         95691.9619907585             0.0000056663             0.0322927675             0.9677057128             0.9976249300             0.9991671442             0.9997476131             0.0002523869             0.0005346947             0.0017898853
   4      59983493.9325315282        168767.7402048597             0.0000116537             0.0397506181             0.9602467517             0.9970170778             0.9981791798             0.9995188385             0.0004811615             0.0011599497             0.0016536200
   5      59967723.9880439863        131021.7042107068             0.0000241295             0.0664475685             0.9335473405             0.9891348797             0.9809715578             0.9938146968             0.0061853032             0.0016897273             0.0004951431
   6      59963186.3104239702        460759.2722149384             0.0000451843             0.0972709149             0.9027200140             0.9490760733             0.9048059503             0.9731870621             0.0268129379             0.0019819839             0.0057020520
   7      59963081.2319601178       2020472.0909432508             0.0000755742             0.1446089410             0.8553765718             0.8834117623             0.8105091534             0.9785899291             0.0214100709             0.0032092831             0.0304859849
   8      59962932.6943603083       2283542.3130266406             0.0001181408             0.2010463845             0.7989313701             0.8820195307             0.7879456758             0.9882359837             0.0117640163             0.0046631855             0.0334193800
