!------------------------------------------------------------!
  Date: 20191203
  Simulation name: CVY4 
  Filename:transect.txt                                                                                                                                          
  Produced in mod-subroutine:  massdist/massinchannel                                                                                                                                
  Written by AK September 2019
  Description: Transects from channel sides to edges                                                                                                                
  Data format:300 EPP, 600 EPP, 900 EPP, 300 TG, 600 TG, 900 TG, 300 DPU, 600 DPU, 900 DPu                                                                          
!------------------------------------------------------------!
  -0.00000  -0.00000  -0.00000   0.00000   0.00000   0.00000             0.00000             0.00000             0.00000
  -0.00000  -0.00000  -0.00000 272.98929 272.99033 272.98993             0.00000             0.00000             0.00000
  14.00035  14.00035  14.00035 272.98929 272.99033 272.98993             0.00000             0.00000             0.00000
  14.00035  14.00035  14.00035 272.98928 272.99031 272.98993             0.00000             0.00000             0.00000
  14.00035  14.00035  14.00035 272.98928 272.99031 272.98993             0.00000             0.00000             0.00000
  14.00035  14.00035  14.00035 272.98928 272.99031 272.98993             0.00000             0.00000             0.00000
  14.00035  14.00035  14.00035 272.98928 272.99031 272.98993             0.00000             0.00000             0.00000
  14.00035  14.00035  14.00035 272.98928 272.99031 272.98993             0.00000             0.00000             0.00000
  14.00035  14.00035  14.00035 272.98928 272.99031 272.98993             0.00000             0.00000             0.00000
  14.00035  14.00035  14.00035 272.98928 272.99031 272.98993             0.00000             0.00000             0.00000
  14.00035  14.00035  14.00035 272.98928 272.99031 272.98993             0.00000             0.00000             0.00000
  14.00035  14.00035  14.00035 272.98928 272.99031 272.98993             0.00000             0.00000             0.00000
  14.00035  14.00035  14.00035 272.98928 272.99031 272.98993             0.00000             0.00000             0.00000
  14.00035  14.00035  14.00035 272.98928 272.99031 272.98993             0.00000             0.00000             0.00000
  14.00035  14.00035  14.00035 272.98928 272.99031 272.98993             0.00000             0.00000             0.00000
  14.00035  14.00035  14.00035 272.98928 272.99030 272.98993             0.00000             0.00000             0.00000
  14.00035  14.00035  14.00035 272.98928 272.99030 272.98993             0.00000             0.00000             0.00000
  14.00035  14.00035  14.00035 272.98927 272.99030 272.98993             0.00000             0.00000             0.00000
  14.00035  14.00035  14.00035 272.98927 272.99030 272.98993             0.00000             0.00000             0.00000
  14.00035  14.00035  14.00035 272.98927 272.99030 272.98993             0.00000             0.00000             0.00000
  14.00035  14.00035  14.00035 272.98927 272.99029 272.98994             0.00000             0.00000             0.00000
  14.00035  14.00035  14.00035 272.98927 272.99029 272.98994             0.00000             0.00000             0.00000
  14.00035  14.00035  14.00035 272.98927 272.99029 272.98994             0.00000             0.00000             0.00000
  14.00035  14.00035  14.00035 272.98927 272.99029 272.98994             0.00000             0.00000             0.00000
  14.00035  14.00035  14.00035 272.98927 272.99029 272.98994             0.00000             0.00000             0.00000
  14.00035  14.00035  14.00035 272.98926 272.99028 272.98994             0.00000             0.00000             0.00000
  14.00035  14.00035  14.00035 272.98926 272.99028 272.98994             0.00000             0.00000             0.00000
  14.00035  14.00035  14.00035 272.98926 272.99028 272.98995             0.00000             0.00000             0.00000
  14.00035  14.00035  14.00035 272.98926 272.99027 272.98995             0.00000             0.00000             0.00000
  14.00035  14.00035  14.00035 272.98926 272.99027 272.98995             0.00000             0.00000             0.00000
  14.00035  14.00035  14.00035 272.98926 272.99027 272.98995             0.00000             0.00000             0.00000
  14.00035  14.00035  14.00035 272.98925 272.99026 272.98996             0.00000             0.00000             0.00000
  14.00035  14.00035  14.00035 272.98925 272.99026 272.98996             0.00000             0.00000             0.00000
  14.00035  14.00035  14.00035 272.98925 272.99026 272.98996             0.00000             0.00000             0.00000
  14.00035  14.00035  14.00035 272.98925 272.99025 272.98996             0.00000             0.00000             0.00000
  14.00035  14.00035  14.00035 272.98925 272.99025 272.98997             0.00000             0.00000             0.00000
  14.00035  14.00035  14.00035 272.98924 272.99024 272.98997             0.00000             0.00000             0.00000
  14.00035  14.00035  14.00035 272.98924 272.99024 272.98997             0.00000             0.00000             0.00000
  14.00035  14.00035  14.00035 272.98924 272.99023 272.98998             0.00000             0.00000             0.00000
  14.00035  14.00035  14.00035 272.98924 272.99023 272.98998             0.00000             0.00000             0.00000
  14.00035  14.00035  14.00035 272.98924 272.99022 272.98998             0.00000             0.00000             0.00000
  14.00035  14.00035  14.00035 272.98923 272.99022 272.98999             0.00000             0.00000             0.00000
  14.00035  14.00035  14.00035 272.98923 272.99021 272.98999             0.00000             0.00000             0.00000
  14.00035  14.00035  14.00035 272.98923 272.99020 272.98999             0.00000             0.00000             0.00000
  14.00035  14.00035  14.00035 272.98923 272.99020 272.99000             0.00000             0.00000             0.00000
  14.00035  14.00035  14.00035 272.98923 272.99019 272.99000             0.00000             0.00000             0.00000
  14.00035  14.00035  14.00035 272.98922 272.99018 272.99001             0.00000             0.00000             0.00000
  14.00035  14.00035  14.00035 272.98922 272.99017 272.99001             0.00000             0.00000             0.00000
  14.00035  14.00035  14.00035 272.98922 272.99017 272.99001             0.00000             0.00000             0.00000
  14.00035  14.00035  14.00035 272.98922 272.99016 272.99002             0.00000             0.00000             0.00000
  14.00035  14.00035  14.00035 272.98922 272.99015 272.99002             0.00000             0.00000             0.00000
  14.00035  14.00035  14.00035 272.98921 272.99014 272.99003             0.00000             0.00000             0.00000
  14.00035  14.00035  14.00035 272.98921 272.99013 272.99003             0.00000             0.00000             0.00000
  14.00035  14.00035  14.00035 272.98921 272.99012 272.99004             0.00000             0.00000             0.00000
  14.00035  14.00035  14.00035 272.98921 272.99011 272.99005             0.00000             0.00000             0.00000
  14.00035  14.00035  14.00035 272.98921 272.99010 272.99005             0.00000             0.00000             0.00000
  14.00035  14.00035  14.00035 272.98920 272.99009 272.99006             0.00000             0.00000             0.00000
  14.00035  14.00035  14.00035 272.98920 272.99007 272.99006             0.00000             0.00000             0.00000
  14.00035  14.00035  14.00035 272.98920 272.99006 272.99007             0.00000             0.00000             0.00000
  14.00035  14.00035  14.00035 272.98920 272.99005 272.99007             0.00000             0.00000             0.00000
  14.00035  14.00035  14.00035 272.98920 272.99004 272.99008             0.00000             0.00000             0.00000
  14.00035  14.00035  14.00035 272.98920 272.99002 272.99009             0.00000             0.00000             0.00000
  14.00035  14.00035  14.00035 272.98919 272.99001 272.99009             0.00000             0.00000             0.00000
  14.00035  14.00035  14.00035 272.98919 272.99017 272.99010             0.00000             0.00000             0.00000
  14.00035  14.00035  14.00035 272.98919 272.99052 272.99011             0.00000             0.00000             0.00000
  14.00035  14.00035  14.00035 272.98919 272.99095 272.99011             0.00000             0.00000             0.00000
  14.00035  14.00035  14.00035 272.98919 272.99143 272.99012             0.00000             0.00000             0.00000
  14.00035  14.00035  14.00035 272.98919 272.99196 272.99013             0.00000             0.00000             0.00000
  14.00035  14.00035  14.00035 272.98919 272.99260 272.99014             0.00000             0.00000             0.00000
  14.00035  14.00035  14.00035 272.98919 272.99306 272.99014             0.00000             0.00000             0.00000
  14.00035  14.00035  14.00035 272.98918 272.99351 272.99015             0.00000             0.00000             0.00000
  14.00035  14.00035  14.00035 272.98918 272.99371 272.99016             0.00000             0.01323             0.00000
  14.00035  14.00035  14.00035 272.98918 273.75036 272.99017             0.00000             0.26489             0.00000
  14.00035  14.00035  14.00035 272.98918 276.09323 272.99017             0.00000             0.73632             0.00000
  14.00035  14.00035  14.00035 272.98918 277.47456 272.99018             0.00000             1.22046             0.00000
  14.00035  14.00035  14.00035 272.98918 278.70642 272.99019             0.00000             1.65942             0.00000
  14.00035  14.00035  14.00035 272.98918 279.59988 272.99020             0.00000             1.73686             0.00000
  14.00035  14.00035  14.00035 272.98918 278.97849 272.99020             0.00000             1.34836             0.00000
  14.00035  14.00035  14.00035 272.98918 277.15614 272.99021             0.00000             0.70847             0.00000
  14.00035  14.00035  14.00035 272.98918 274.30592 272.99022             0.00000             0.17702             0.00000
  14.00035  14.00035  14.00035 272.98918 274.20038 272.99023             0.00000             0.00334             0.00000
  14.00035  14.00035  14.00035 272.98918 754.65769 272.99024             0.00000            17.05138             0.00000
  14.00035  14.00035  14.00035 272.98918 785.81718 272.99025             0.00000           492.93946             0.00000
  14.00035  14.00035  14.00035 272.98918 790.05724 272.99025             0.00000           593.06692             0.00000
  14.00035  14.00035  14.00035 272.98918 780.45493 272.99026             0.00000           428.62677             0.00000
  14.00035  14.00035  14.00035 272.98919 629.03312 272.99027             0.00000            83.18930             0.00000
  14.00035  14.00035  14.00035 272.98919 417.10915 272.99028             0.00000            32.73923             0.00000
  14.00035  14.00035  14.00035 272.98919 351.34350 272.99029             0.00000            20.71381             0.00000
  14.00035  14.00035  14.00035 272.98919 342.69404 272.99030             0.00000            23.22475             0.00000
  14.00035  14.00035  14.00035 272.98919 375.12979 272.99031             0.00000            35.29712             0.00000
  14.00035  14.00035  14.00035 272.98919 506.46856 272.99031             0.00000           206.79317             0.00000
  14.00035  14.00035  14.00035 272.98920 634.12565 272.99032             0.00000           685.37042             0.00000
  14.00035  14.00035  14.00035 272.98920 689.23414 272.99033             0.00000          1339.72347             0.00000
  14.00035  14.00035  14.00035 272.98920 711.89232 272.99034             0.00000          1961.86315             0.00000
  14.00035  14.00035  14.00035 272.98921 720.45471 272.99035             0.00000          2170.83639             0.00000
  14.00035  14.00035  14.00035 272.98921 722.49775 272.99036             0.00000          2151.78826             0.00000
  14.00035   5.25419  14.00035 272.98921 712.82634 272.99037             0.00000          1625.30921             0.00000
  14.00035   4.10701  14.00035 272.98922 673.21403 272.99038             0.00000          1011.54553             0.00000
  14.00035   3.73973  14.00035 272.98922 648.57215 272.99039             0.00000           797.64833             0.00000
  14.00035   3.56238  14.00035 272.98923 644.28958 272.99040             0.00000           731.10473             0.00000
  14.00035   3.46673  14.00035 272.98923 647.04349 272.99041             0.00000           690.27339             0.00000
  14.00035   3.42818  14.00035 272.98924 653.45728 272.99042             0.00000           656.22753             0.00000
  14.00035   3.38973  14.00035 272.98924 654.14229 272.99044             0.00000           601.94286             0.00000
  14.00035   3.32959  14.00035 272.98925 683.24793 272.99045             0.00000           503.14248             0.00000
  14.00035   3.38516  14.00035 272.98925 702.53753 272.99047             0.00000           430.37047             0.00000
  14.00035   3.41154  14.00035 272.98926 702.84688 272.99050             0.00000           406.64814             0.00000
  14.00035   3.50209  14.00035 272.98927 613.31096 272.99053             0.00000           398.68945             0.00000
  14.00035   3.95959  14.00035 272.98928 612.89177 272.99059             0.00000           380.89518             0.00000
  14.00035   4.21282  14.00035 272.98929 612.67201 272.99070             0.00000           341.46437             0.00000
  14.00035   4.10764  14.00035 272.98930 610.40150 272.99091             0.00000           294.68821             0.00000
  14.00035   3.77526  14.00035 272.98931 594.62546 272.99123             0.00000           239.68931             0.00000
  14.00035   3.67572  14.00035 272.98932 569.17855 272.99164             0.00000           186.42778             0.00000
  14.00035   3.65792  14.00035 272.98933 543.61035 272.99218             0.00000           153.48029             0.00000
  14.00035   3.73894  14.00035 272.98934 510.17294 272.99274             0.00000           135.69875             0.00000
  14.00035   3.92311  14.00035 272.98935 490.81194 272.99401             0.00000           140.97186             0.00000
  14.00035   4.17997  14.00035 272.98937 481.57022 272.99892             0.00000           155.07530             0.00000
  14.00035   4.29507  14.00035 272.98938 473.64533 272.99993             0.00000           156.89219             0.00000
  14.00035   4.29007  14.00035 272.98940 469.49055 272.99995             0.00000           144.15694             0.00000
  14.00035   4.07219  14.00035 272.98942 467.74133 272.99997             0.00000           114.88868             0.00000
  14.00035   3.90358  14.00035 272.98943 458.85101 272.99999             0.00000            80.08792             0.00000
  14.00035   3.84936  14.00035 272.98945 450.41902 273.00000             0.00000            41.51566             0.00000
  14.00035   3.83712  14.00035 272.98948 447.68663 273.00000             0.00000            21.15432             0.00000
  14.00035   3.89995  14.00035 272.98950 433.57687 273.00000             0.00000            17.66005             0.00000
  14.00035   3.97941  14.00035 272.98952 411.62697 273.00000             0.00000            16.91941             0.00000
  14.00035   3.97993  14.00035 272.98955 395.97335 273.00000             0.00000            15.63279             0.00000
  14.00035   3.90826  14.00035 272.98958 456.96226 273.00000             0.00000            23.01439             0.00000
  14.00035   3.82046  14.00035 272.98962 487.67053 273.00000             0.00000            26.19676             0.00000
  14.00035   3.74231  14.00035 272.98965 644.50854 273.00000             0.00000           170.58887             0.00000
  14.00035   3.74169  14.00035 272.98969 687.16644 273.00000             0.00000           371.61685             0.00000
  14.00035   3.73800  14.00035 272.98974 670.91573 273.00000             0.00000           417.41834             0.00000
  14.00035   3.72272  14.00035 272.98978 618.87692 273.00000             0.00000           327.42366             0.00000
  14.00035   3.71527  14.00035 272.98983 598.93117 273.00000             0.00000           293.26949             0.00000
  14.00035   3.73374  14.00035 272.98989 621.72083 273.00000             0.00000           319.89071             0.00000
  14.00035   3.79817  14.00035 272.98995 662.63004 273.00000             0.00000           437.71183             0.00000
  14.00035   3.83525  14.00035 272.99002 668.99560 273.00000             0.00000           426.66139             0.00000
  14.00035   3.85615  14.00035 272.99010 622.94146 273.00000             0.00000           306.49877             0.00000
  14.00035   3.85842  14.00035 272.99017 579.21322 273.00000             0.00000           225.79689             0.00000
  14.00035   3.84831  14.00035 272.99026 564.13579 273.00000             0.00000           223.47701             0.00000
  14.00035   3.82491  14.00035 272.99034 560.51531 273.00000             0.00000           263.44978             0.00000
  14.00035   3.79142  14.00035 272.99043 564.96763 273.00000             0.00000           325.76835             0.00000
  14.00035   3.75495  14.00035 272.99052 595.52178 273.00000             0.00000           408.77022             0.00000
  14.00035   3.73066  14.00035 272.99062 645.66442 273.00000             0.00000           677.00144             0.00000
  14.00035   3.72028  14.00035 272.99072 710.65709 273.00000             0.00000          1105.36459             0.00000
  14.00035   3.71502  14.00035 272.99082 741.97886 273.00000             0.00000          1167.17386             0.00000
  14.00035   3.68758  14.00035 272.99093 730.40288 273.00000             0.00000           930.62713             0.00000
  14.00035   3.45122  14.00035 272.99104 709.31830 273.00000             0.00000           557.11623             0.00000
  14.00035   3.19346  14.00035 272.99115 678.15959 273.00000             0.00000           257.34815             0.00000
  14.00035   3.31082  14.00035 272.99126 745.89690 273.00000             0.00000           429.84246             0.00000
  14.00035   3.28311  14.00035 272.99138 772.48151 273.00000             0.00000           448.64640             0.00000
  14.00035   3.13678  14.00035 272.99149 777.46319 273.00000             0.00000           369.94168             0.00000
  14.00035   3.13748  14.00035 272.99161 778.98256 273.00000             0.00000           330.28898             0.00000
  14.00035   3.15240  14.00035 272.99174 781.23508 273.00000             0.00000           304.91298             0.00000
  14.00035   3.25380  14.00035 272.99187 783.71597 273.00000             0.00000           284.78957             0.00000
  14.00035   3.42826  14.00035 272.99201 786.24068 273.00000             0.00000           271.88001             0.00000
  14.00035   3.50841  14.00035 272.99216 787.56789 273.00000             0.00000           264.33456             0.00000
  14.00035   3.50850  14.00035 272.99233 787.94918 273.00000             0.00000           258.99136             0.00000
  14.00035   3.42277  14.00035 272.99253 787.98081 273.00000             0.00000           255.27706             0.00000
  14.00035   3.28775  14.00035 272.99275 787.48805 273.00000             0.00000           235.66916             0.00000
  14.00035   3.20673  14.00035 272.99300 785.44013 273.00000             0.00000           196.85602             0.00000
   6.10005   3.19256  14.00035 274.41473 783.26650 273.00000             0.03755           160.69526             0.00000
   5.73775   3.19857  14.00035 275.44887 782.16828 273.00000             0.09179           142.14963             0.00000
   5.58044   3.20344  14.00035 276.14656 781.94463 273.00000             0.16142           134.26418             0.00000
   5.64894   3.20250  14.00035 276.03716 782.08774 273.00000             0.14886           137.04364             0.00000
   5.93925   3.16819  14.00035 275.47741 782.83081 273.00000             0.09891           145.25259             0.00000
   6.08672   3.12844  14.00035 274.17601 783.64143 273.00000             0.03533           156.63385             0.00000
  14.00035   3.09930  14.00035 273.84267 784.28025 273.00000             0.02686           167.82274             0.00000
  14.00035   3.08802  14.00035 273.60591 784.58005 273.00000             0.01313           176.11161             0.00000
  14.00035   3.08602  14.00035 273.26995 784.63241 273.00000             0.00462           180.41501             0.00000
  14.00035   3.11351  14.00035 273.04522 784.53001 273.00000             0.00000           181.16406             0.00000
  14.00035   3.15454  14.00035 273.00375 784.10118 273.00000             0.00000           175.85460             0.00000
  14.00035   3.20631  14.00035 273.00327 783.51553 273.00000             0.00000           159.00964             0.00000
  14.00035   3.28272  14.00035 273.00267 782.98109 273.00000             0.00000           139.29912             0.00000
  14.00035   3.42870  14.00035 273.00204 782.83961 273.00000             0.00000           134.77380             0.00000
  14.00035   3.78228  14.00035 273.00146 782.90503 273.00000             0.00000           146.60567             0.00000
  14.00035   4.28740  14.00035 273.00097 782.96815 273.00000             0.00000           146.57547             0.00000
  14.00035   4.91173  14.00035 273.00088 782.89366 272.99999             0.00000           134.57855             0.00000
  14.00035   5.52817  14.00035 273.00098 782.62037 272.99996             0.00000           117.63378             0.00000
  14.00035   6.06743  14.00035 273.00119 782.57196 272.99984             0.00000           108.10034             0.00000
  14.00035  14.00035  14.00035 273.00145 782.68254 272.99956             0.00000           108.03829             0.00000
  14.00035  14.00035  14.00035 273.00159 782.85647 272.99938             0.00000           113.48766             0.00000
  14.00035   5.01438  14.00035 273.00147 783.08167 272.99944             0.00000           116.60693             0.00000
  14.00035   4.28393  14.00035 273.04656 783.14033 272.99952             0.00096           115.09548             0.00000
  14.00035   4.09930  14.00035 273.93114 783.12437 272.99938             0.01598           109.05015             0.00000
  14.00035   4.04759  14.00035 278.30540 782.99628 272.99730             0.10649           105.21207             0.00000
   5.60672   4.02847  14.00035 285.08885 782.68678 272.99339             0.32005           101.86123             0.00000
   5.01102   3.99011  14.00035 291.42394 782.20862 272.99263             0.61489            97.97769             0.00000
   4.92749   3.90491  14.00035 294.88487 781.55501 272.99206             0.87977            92.25858             0.00000
   4.98291   3.75938  14.00035 293.96350 780.97760 272.99165             0.94970            92.23230             0.00000
   5.05624   3.65135  14.00035 290.32194 780.57047 272.99132             1.02560            94.26824             0.00000
   5.30547   3.65884  14.00035 282.92860 780.28879 272.99106             0.70111            94.62950             0.00000
   5.69449   3.81794  14.00035 277.34156 779.92110 272.99087             0.33261            94.39590             0.00000
   5.87333   4.08733  14.00035 274.70574 779.32069 272.99073             0.53161            94.29136             0.00000
   5.88510   4.53681  14.00035 275.68997 778.62692 272.99062             0.98649            94.36869             0.00000
   5.80654   4.64207  14.00035 315.08056 777.50686 272.99054             1.85644            95.32785             0.00000
   5.72427   4.62142  14.00035 401.11120 776.21605 272.99048           166.10068            97.96534             0.00000
   5.42901   4.65661  14.00035 512.85222 774.92968 272.99042           932.36750           103.10546             0.00000
   5.14830   5.02730  14.00035 584.26631 773.67765 272.99038          2011.44377           106.12004             0.00000
   5.10985   6.38944  14.00035 608.83972 772.61247 272.99034          1569.28686           106.33812             0.00000
   5.28000   6.13786  14.00035 585.78999 771.87704 272.99031           916.75531           104.79070             0.00000
   5.73937   5.80469  14.00035 561.22445 771.78136 272.99028           518.61180           106.26280             0.00000
   6.80756   6.03282  14.00035 649.88133 771.94725 272.99025           257.60186           111.57292             0.00000
  14.00035  14.00035  14.00035 575.24646 772.57153 272.99023            74.15333           119.29085             0.00000
   7.75477  14.00035  14.00035 446.27337 773.52443 272.99021            11.03526           128.45689             0.00000
   5.51924  14.00035  14.00035 420.20069 774.46737 272.99019             2.71468           136.87118             0.00000
   4.84523  14.00035  14.00035 369.81650 774.97029 272.99017            11.63509           140.83005             0.00000
   4.66469  14.00035  14.00035 615.01430 775.09564 272.99015          1212.26195           138.17076             0.00000
   4.91815  14.00035  14.00035 750.17594 775.33197 272.99013          5755.32789           133.77195             0.00000
   5.00303  14.00035  14.00035 793.19570 775.57601 272.99012          8603.76917           127.94251             0.00000
   4.64985  14.00035  14.00035 797.60403 777.20742 272.99010          7353.29741           124.77738             0.00000
   3.89030  14.00035  14.00035 797.87561 777.63994 272.99009          5654.67299           115.75517             0.00000
   2.81250  14.00035  14.00035 797.97154 771.39513 272.99008          3913.73187            82.07600             0.00000
   2.38363  14.00035  14.00035 798.01638 710.18922 272.99006          2621.32970            22.32802             0.00000
   2.19874  14.00035  14.00035 798.05745 477.41539 272.99005          1755.80357             6.70606             0.00000
   2.08354  14.00035  14.00035 797.05658 402.45302 272.99004          1160.15140             2.11707             0.00000
   2.21484  14.00035  14.00035 793.64453 411.02250 272.99003           987.65444             7.31909             0.00000
   2.35594  14.00035  14.00035 794.25242 509.20408 272.99001           846.35597            19.15919             0.00000
   2.52594  14.00035  14.00035 792.02140 633.10582 272.99000           659.39144            26.55173             0.00000
   2.81854  14.00035  14.00035 788.88995 680.07893 272.98999           536.34226            25.17747             0.00000
   2.97041  14.00035  14.00035 775.16560 684.58187 272.98998           328.91373            23.22082             0.00000
   2.95129  14.00035  14.00035 756.99748 671.74053 272.98997           849.99747            22.04122             0.00000
   2.95822  14.00035  14.00035 791.59453 626.01081 272.98996          5594.96309            16.88850             0.00000
   3.22937  14.00035  14.00035 799.90278 539.39665 272.98995         10542.75924            10.48492             0.00000
   3.49325  14.00035  14.00035 799.91444 425.63633 272.98994          9230.15765             3.76024             0.00000
   3.61034  14.00035  14.00035 799.91634 362.03854 272.98994          4539.62117             0.87132             0.00000
   3.27485  14.00035  14.00035 799.91359 330.39166 272.98993          1745.62610             0.33035             0.00000
   2.69432  14.00035  14.00035 799.91339 301.43677 272.98992           516.78070             0.00000             0.00000
   2.29984  14.00035  14.00035 799.90750 280.82315 272.98991           869.00946             0.00000             0.00000
   2.11176  14.00035  14.00035 799.91678 273.18221 272.98990          2463.78885             0.00000             0.00000
   2.04876  14.00035  14.00035 799.90596 272.99146 272.98989          3156.14250             0.00000             0.00000
   1.99991  14.00035  14.00035 799.89811 272.99144 272.98989          3524.30605             0.00000             0.00000
   1.95723  14.00035  14.00035 799.89045 272.99143 272.98988          3334.17465             0.00000             0.00000
   1.92323  14.00035  14.00035 799.88277 272.99141 272.98987          2565.60080             0.00000             0.00000
   1.89864  14.00035  14.00035 799.87503 272.99924 272.98986          1741.31045             0.00000             0.00000
   1.88914  14.00035  14.00035 799.86707 272.99220 272.98986          1780.10253             0.00000             0.00000
   1.88899  14.00035  14.00035 799.85874 274.73177 272.98985          1972.86542             0.01600             0.00000
   1.89186  14.00035  14.00035 799.84985 319.78725 272.98984          2189.30927             0.51864             0.00000
   1.90081  14.00035  14.00035 799.84004 465.54772 272.98984          2337.82176             5.93078             0.00000
   1.91246  14.00035  14.00035 799.82890 516.95106 272.98983          2473.04106             9.76208             0.00000
   1.92604  14.00035  14.00035 799.81588 436.40749 272.98982          2600.76949             5.24614             0.00000
   1.94160  14.00035  14.00035 799.80036 342.51610 272.98982          2709.64919             1.47508             0.00000
   1.95844  14.00035  14.00035 799.77605 301.68668 272.98981          2711.38631             0.15100             0.00000
   1.97694  14.00035  14.00035 799.69624 289.34815 272.98981          2650.19111             0.10490             0.00000
   2.00052  14.00035  14.00035 799.59657 286.24679 272.98980          2559.92366             0.00000             0.00000
   2.04292  14.00035  14.00035 799.50185 281.76602 272.98980          2456.48727             0.00000             0.00000
   2.08411  14.00035  14.00035 799.41313 276.87315 272.98979          2357.33417             0.13834             0.00000
   2.12289  14.00035  14.00035 799.33005 275.90658 272.98978          2292.53927             0.42741             0.00000
   2.15647  14.00035  14.00035 799.25201 283.16582 272.98978          2264.22228             1.53471             0.00000
   2.18286  14.00035  14.00035 799.17858 324.29172 272.98977          2266.11682             6.65390             0.00000
   2.20020  14.00035  14.00035 799.10959 405.06347 272.98977          2282.61290            13.15512             0.00000
   2.21715  14.00035  14.00035 799.04498 510.46669 272.98976          2207.44007            25.39494             0.00000
   2.27623  14.00035  14.00035 798.98473 608.64625 272.98976          1901.02135            40.77052             0.00000
   2.43533  14.00035  14.00035 798.92886 623.24069 272.98976          1452.41553            50.69679             0.00000
   2.60854  14.00035  14.00035 798.87748 615.47131 272.98975          1061.25836            48.89225             0.00000
   2.61808  14.00035  14.00035 798.83090 574.75789 272.98975           994.24560            39.92314             0.00000
   2.65946  14.00035  14.00035 798.78986 455.57298 272.98974           926.21165            27.12868             0.00000
   2.97890  14.00035  14.00035 798.75005 300.96571 272.98974           919.39025            10.67462             0.00000
   4.25769  14.00035  14.00035 798.69695 273.57990 272.98973           916.16165             0.45074             0.00000
  14.00035  14.00035  14.00035 798.63434 273.14521 272.98973           911.92493             0.04131             0.00000
  14.00035  14.00035  14.00035 798.60146 272.99090 272.98973           907.16796             0.00000             0.00000
  14.00035  14.00035  14.00035 798.59285 272.99088 272.98972           901.72959             0.00000             0.00000
  14.00035  14.00035  14.00035 798.58186 272.99086 272.98972           894.97358             0.00000             0.00000
  14.00035  14.00035  14.00035 798.56919 272.99084 272.98972           886.92680             0.00000             0.00000
  14.00035  14.00035  14.00035 798.55414 272.99082 272.98971           877.71573             0.00000             0.00000
  14.00035  14.00035  14.00035 798.53711 272.99081 272.98971           866.83916             0.00000             0.00000
  14.00035  14.00035  14.00035 798.52255 272.99079 272.98971           845.86098             0.00000             0.00000
  14.00035  14.00035  14.00035 798.43963 272.99077 272.98970           819.75735             0.00000             0.00000
  14.00035  14.00035  14.00035 797.41659 272.99075 272.98970           797.49664             0.00000             0.00000
  14.00035  14.00035  14.00035 792.99631 272.99074 272.98970           773.73932             0.00000             0.00000
  14.00035  14.00035  14.00035 788.31828 272.99072 272.98969           803.56106             0.00000             0.00000
  14.00035  14.00035  14.00035 788.63551 272.99071 272.98969           853.24522             0.00000             0.00000
  14.00035  14.00035  14.00035 790.54181 272.99069 272.98969           854.18855             0.00000             0.00000
  14.00035  14.00035  14.00035 789.49409 272.99068 272.98969           798.05751             0.00000             0.00000
  14.00035  14.00035  14.00035 785.11941 272.99066 272.98968           699.70188             0.00000             0.00000
  14.00035  14.00035  14.00035 774.47470 272.99065 272.98968           591.14331             0.00000             0.00000
  14.00035  14.00035  14.00035 759.23469 272.99064 272.98968           447.49293             0.00000             0.00000
  14.00035  14.00035  14.00035 752.53372 272.99063 272.98968           416.42690             0.00000             0.00000
  14.00035  14.00035  14.00035 750.36156 272.99062 272.98967           364.65370             0.00000             0.00000
  14.00035  14.00035  14.00035 730.69980 272.99061 272.98967           186.54924             0.00000             0.00000
  14.00035  14.00035  14.00035 580.21231 272.99060 272.98967            47.37764             0.00000             0.00000
  14.00035  14.00035  14.00035 293.98916 272.99059 272.98967             0.20419             0.00000             0.00000
  14.00035  14.00035  14.00035 272.98962 272.99058 272.98967             0.00000             0.00000             0.00000
  14.00035  14.00035  14.00035 272.98965 272.99057 272.98966             0.00000             0.00000             0.00000
  14.00035  14.00035  14.00035 272.98969 272.99056 272.98966             0.00000             0.00000             0.00000
  14.00035  14.00035  14.00035 272.98971 272.99055 272.98966             0.00000             0.00000             0.00000
  14.00035  14.00035  14.00035 272.98973 272.99055 272.98966             0.00000             0.00000             0.00000
  14.00035  14.00035  14.00035 272.98974 272.99054 272.98966             0.00000             0.00000             0.00000
  14.00035  14.00035  14.00035 272.98972 272.99053 272.98966             0.00000             0.00000             0.00000
  14.00035  14.00035  14.00035 272.98967 272.99053 272.98966             0.00000             0.00000             0.00000
  14.00035  14.00035  14.00035 272.98960 272.99052 272.98966             0.00000             0.00000             0.00000
  14.00035  14.00035  14.00035 272.98957 272.99052 272.98965             0.00000             0.00000             0.00000
  14.00035  14.00035  14.00035 272.98957 272.99051 272.98965             0.00000             0.00000             0.00000
  14.00035  14.00035  14.00035 272.98956 272.99051 272.98965             0.00000             0.00000             0.00000
  14.00035  14.00035  14.00035 272.98956 272.99051 272.98965             0.00000             0.00000             0.00000
  14.00035  14.00035  14.00035 272.98956 272.99050 272.98965             0.00000             0.00000             0.00000
  14.00035  14.00035  14.00035 272.98956 272.99050 272.98965             0.00000             0.00000             0.00000
  14.00035  14.00035  14.00035 272.98956 272.99050 272.98965             0.00000             0.00000             0.00000
  14.00035  14.00035  14.00035 272.98955 272.99049 272.98965             0.00000             0.00000             0.00000
  14.00035  14.00035  14.00035 272.98955 272.99049 272.98965             0.00000             0.00000             0.00000
  14.00035  14.00035  14.00035 272.98955 272.99049 272.98965             0.00000             0.00000             0.00000
  14.00035  14.00035  14.00035 272.98955 272.99048 272.98965             0.00000             0.00000             0.00000
  14.00035  14.00035  14.00035 272.98956 272.99048 272.98964             0.00000             0.00000             0.00000
  14.00035  14.00035  14.00035 272.98951 272.99051 272.98965             0.00000             0.00000             0.00000
