!------------------------------------------------------------!
  Date: 20191011
  Simulation name: CVY4 
  Filename:perpvelbyx.txt                                                                                                                                        
  Produced in mod-subroutine:  massdist/energypotential                                                                                                                              
  Written by AK September 2019
  Description:integrates perpvel over width                                                                                                                         
  Data format: RMAX by t array of perpvel in channel                                                                                                                
!------------------------------------------------------------!
        0.0000000000
        2.2510528989
        0.0000000000
        0.0000000000
        0.0000000000
        0.0000000000
        0.0000000000
        0.0000000000
        0.0000000000
        0.0000000000
        0.0000000000
        0.0000000000
        0.0000000000
        0.0000000000
        0.0000000000
        0.0000000000
        0.0000000000
        0.0000000000
        0.0000000000
        0.0000000000
        0.0000000000
        0.0000000000
        0.0000000000
        0.0000000000
        0.0000000000
        0.0000000000
        0.0000000000
        0.0000000000
        0.0000000000
        0.0000000000
        0.0000000000
        0.0000000000
        0.0000000000
        0.0000000000
        0.0000000000
        0.0000000000
        0.0000000000
        0.0000000000
        0.0000000000
        0.0000000000
        0.0000000000
        0.0000000000
        0.0000000000
        0.0000000000
        0.0000000000
        0.0000000000
        0.0000000000
        0.0000000000
        0.0000000000
        0.0000000000
        0.0000000000
        0.0000000000
        0.0000000000
        0.0000000000
        0.0000000000
        0.0000000000
        0.0000000000
        0.0000000000
        0.0000000000
        0.0000000000
        0.0000000000
        0.0000000000
        0.0000000000
        0.0000000000
        0.0000000000
        0.0000000000
        0.0000000000
        0.0000000000
        0.0000000000
        0.0000000000
        0.0000000000
        0.0000000000
        0.0000000000
        0.0000000000
        0.0000000000
        0.0000000000
        0.0000000000
        0.0000000000
        0.0000000000
        0.0000000000
        0.0000000000
        0.0000000000
        0.0000000000
        0.0000000000
        0.0000000000
        0.0000000000
        0.0000000000
        0.0000000000
        0.0000000000
        0.0000000000
        0.0000000000
        0.0000000000
        0.0000000000
        0.0000000000
        0.0000000000
        0.0000000000
        0.0000000000
        0.0000000000
        0.0000000000
        0.0000000000
        0.0000000000
        0.0000000000
        0.0000000000
        0.0000000000
        0.0000000000
        0.0000000000
        0.0000000000
        0.0000000000
        0.0000000000
        0.0000000000
        0.0000000000
        0.0000000000
        0.0000000000
        0.0000000000
        0.0000000000
        0.0000000000
        0.0000000000
        0.0000000000
        0.0000000000
        0.0000000000
        0.0000000000
        0.0000000000
        0.0000000000
        0.0000000000
        0.0000000000
        0.0000000000
        0.0000000000
        0.0000000000
        0.0000000000
        0.0000000000
        0.0000000000
        0.0000000000
        0.0000000000
        0.0000000000
        0.0000000000
        0.0000000000
        0.0000000000
        0.0000000000
        0.0000000000
        0.0000000000
        0.0000000000
        0.0000000000
        0.0000000000
        0.0000000000
        0.0000000000
        0.0000000000
        0.0000000000
        0.0000000000
        0.0000000000
        0.0000000000
        0.0000000000
        0.0000000000
        0.0000000000
        0.0000000000
        0.0000000000
        0.0000000000
        0.0000000000
        0.0000000000
        0.0000000000
        0.0000000000
        0.0000000000
        0.0000000000
        0.0000000000
        0.0000000000
        0.0000000000
        0.0000000000
        0.0000000000
        0.0000000000
        0.0000000000
        0.0000000000
        0.0000000000
        0.0000000000
        0.0000000000
        0.0000000000
        0.0000000000
        0.0000000000
        0.0000000000
        0.0000000000
        0.0000000000
        0.0000000000
        0.0000000000
        0.0000000000
        0.0000000000
        0.0000000000
        0.0000000000
        0.0000000000
        0.0000000000
        0.0000000000
        0.0000000000
        0.0000000000
        0.0000000000
        0.0000000000
        0.0000000000
        0.0000000000
        0.0000000000
        0.0000000000
        0.0000000000
        0.0000000000
        0.0000000000
        0.0000000000
        0.0000000000
        0.0000000000
        0.0000000000
        0.0000000000
        0.0000000000
        0.0000000000
        0.0000000000
        0.0000000000
        0.0000000000
        0.0000000000
        0.0000000000
        0.0000000000
        0.0000000000
        0.0000000000
        0.0000000000
        0.0000000000
        0.0000000000
        0.0000000000
        0.0000000000
        0.0000000000
        0.0000000000
        0.0000000000
        0.0000000000
        0.0000000000
        0.0000000000
        0.0000000000
        0.0000000000
        0.0000000000
        0.0000000000
        0.0000000000
        0.0000000000
        0.0000000000
        0.0000000000
        0.0000000000
        0.0000000000
        0.0000000000
        0.0000000000
        0.0000000000
        0.0000000000
        0.0000000000
        0.0000000000
        0.0000000000
        0.0000000000
        0.0000000000
        0.0000000000
        0.0000000000
        0.0000000000
        0.0000000000
        0.0000000000
        0.0000000000
        0.0000000000
        0.0000000000
        0.0000000000
        0.0000000000
        0.0000000000
        0.0000000000
        0.0000000000
        0.0000000000
        0.0000000000
        0.0000000000
        0.0000000000
        0.0000000000
        0.0000000000
        0.0000000000
        0.0000000000
        0.0000000000
        0.0000000000
        0.0000000000
        0.0000000000
        0.0000000000
        0.0000000000
        0.0000000000
        0.0000000000
        0.0000000000
        0.0000000000
        0.0000000000
        0.0000000000
        0.0000000000
        0.0000000000
        0.0000000000
        0.0000000000
        0.0000000000
        0.0000000000
        0.0000000000
        0.0000000000
        0.0000000000
        0.0000000000
        0.0000000000
        0.0000000000
        0.0000000000
        0.0000000000
        0.0000000000
        0.0000000000
        0.0000000000
        0.0000000000
        0.0000000000
        0.0000000000
        0.0000000000
        0.0000000000
        0.0000000000
        0.0000000000
        0.0000000000
        0.0000000000
        0.0000000000
        0.0000000000
        0.0000000000
        0.0000000000
        0.0000000000
        0.0000000000
        0.0000000000
        0.0000000000
        0.0000000000
        0.0000000000
        0.0000000000
        0.0000000000
        0.0000000000
        0.0000000000
        0.0000000000
        0.0000000000
        0.0000000000
        0.0000000000
        0.0000000000
        0.0000000000
        0.0000000000
        0.0000000000
        0.0000000000
        0.0000000000
        0.0000000000
        0.0000000000
        0.0000000000
        0.0000000000
        0.0000000000
        0.0000000000
        0.0000000000
        0.0000000000
        0.0000000000
        0.0000000000
        0.0000000000
        0.0000000000
        0.0000000000
        0.0000000000
        0.0000000000
        0.0000000000
        0.0000000000
        0.0000000000
        0.0000000000
        0.0000000000
        0.0000000000
        0.0000000000
        0.0000000000
        0.0000000000
        0.0000000000
        0.0000000000
        0.0000000000
        0.0000000000
        0.0000000000
        0.0000000000
        0.0000000000
        0.0000000000
        0.0000000000
        0.0000000000
        0.0000000000
        0.0000000000
        0.0000000000
        0.0000000000
        0.0000000000
        0.0000000000
        0.0000000000
        0.0000000000
        0.0000000000
        0.0000000000
        0.0000000000
        0.0000000000
        0.0000000000
        0.0000000000
        0.0000000000
        0.0000000000
        0.0000000000
        0.0000000000
        0.0000000000
        0.0000000000
        0.0000000000
        0.0000000000
        0.0000000000
        0.0000000000
        0.0000000000
        0.0000000000
        0.0000000000
        0.0000000000
        0.0000000000
        0.0000000000
        0.0000000000
        0.0000000000
        0.0000000000
        0.0000000000
        0.0000000000
        0.0000000000
        0.0000000000
        0.0000000000
        0.0000000000
        0.0000000000
        0.0000000000
        0.0000000000
        0.0000000000
        0.0000000000
        2.2510528989
        2.9630275214
        3.0983806811
        3.2879799903
        3.4876102877
        3.6339020445
        3.3668969601
        3.3357550027
        3.0585391655
        2.9722048533
        2.9400959803
        2.8822386727
        2.7804967030
        2.7266978022
        2.8659083632
        3.1968722002
        3.0849865637
        3.0828072768
        3.3049627241
        3.4969158894
        3.8032578993
        3.7716288097
        4.0281661751
        4.2257581428
        4.6191201917
        4.9558477117
        5.6093325971
        5.9522504057
        6.1592895108
        6.5691718670
        6.7807523403
        7.2654459841
        7.0164930338
        6.5937214780
        5.4601733055
        5.1316013168
        4.6111957035
        4.1689862919
        3.4464916445
        2.9687417699
        1.8379386157
        1.5813698547
        1.4435761536
        1.0975665369
        1.0109264400
        0.7080094498
        0.6793418997
        0.5705189385
        0.6425685537
        0.5110162865
        0.5039279805
        0.3620604695
        0.3750178530
        0.3884767460
        0.3866168247
        0.3382080780
        0.2704669837
        0.2770913448
        0.2475879893
        0.2868937275
        0.2890923773
        0.2609989621
        0.2147885553
        0.2203924965
        0.1989799102
        0.2301671977
        0.2226920927
        0.1817561188
        0.1859623395
        0.1691166227
        0.1878580850
        0.1824504382
        0.1749257854
        0.1419877540
        0.1358484952
        0.1299173114
        0.1410101018
        0.1351841857
        0.1093352067
        0.1039016706
        0.0983612643
        0.1069714915
        0.1009749522
        0.0931498844
        0.0762469439
        0.0712493545
        0.0669817664
        0.0737018123
        0.0666680721
        0.0646843263
        0.0503108575
        0.0471565303
        0.0563893830
        0.0526099017
        0.0493911060
        0.0400686853
        0.0389209732
        0.0382657582
        0.0465025630
        0.0432313218
        0.0413919219
        0.0351514368
        0.0349144947
        0.0431881199
        0.0403412523
        0.0408796393
        0.0336894799
        0.0361548782
        0.0362730141
        0.0445359683
        0.0390229373
        0.0399888037
        0.0359841265
        0.0352159161
        0.0386925131
        0.0457175467
        0.0410552597
        0.0352904377
        0.0393723242
        0.0396765258
        0.0426479207
        0.0433008513
        0.0456016395
        0.0378408451
        0.0414887953
        0.0473098841
        0.0474734375
        0.0503893279
        0.0403706457
        0.0445226025
        0.0500099406
        0.0483596071
        0.0511081798
        0.0557265786
        0.0478948168
        0.0533116033
        0.0594018197
        0.0547875936
        0.0564695935
        0.0608721152
        0.0577255520
        0.0649354944
        0.0606119206
        0.0647937406
        0.0655164997
        0.0607358518
        0.0670060657
        0.0735132887
        0.0664090278
        0.0698044585
        0.0754066969
        0.0699030681
        0.0767796479
        0.0693294330
        0.0731283788
        0.0790973873
        0.0726499771
        0.0796067592
        0.0869403033
        0.0801179523
        0.0847002821
        0.0863198725
        0.0785616013
        0.0847362547
        0.0909510768
        0.0824758166
        0.0867142077
        0.0785174768
        0.0850074665
        0.0933579307
        0.0853688889
        0.0862409503
        0.0916905741
        0.0826760862
        0.0879877001
        0.0953336209
        0.0845119565
        0.0923205814
        0.0793505220
        0.0840626146
        0.0916321184
        0.0827246619
        0.0836301246
        0.0869792809
        0.0798212775
        0.0848989156
        0.0859630184
        0.0766296472
        0.0805833987
        0.0807397006
        0.0732381428
        0.0771133730
        0.0628005092
        0.0654730388
        0.0674931091
        0.0597096052
        0.0603911452
        0.0630219997
        0.0465548331
        0.0480910768
        0.0458437554
        0.0410572961
        0.0379113622
        0.0294113272
        0.0200987727
        0.0213764195
        0.0127895300
        0.0101635989
        0.0154812321
        0.0226760361
        0.0247802273
        0.0363981802
        0.0305631586
        0.0336617700
        0.0463834067
        0.0657332316
        0.0711937341
        0.0677062867
        0.0731486621
        0.0881303137
        0.1075976298
        0.1134745197
        0.1214633547
        0.1117044611
        0.1206350601
        0.1302282802
        0.1582413356
        0.1690712655
        0.1538454794
        0.1639931460
        0.1740698868
        0.2002374807
        0.2133741937
        0.2252099758
        0.2031756431
        0.2090515658
        0.2217581953
        0.2487679356
        0.2613476043
        0.2708335168
        0.2410748351
        0.2551924050
        0.2736237999
        0.2880569979
        0.3042627662
        0.2632243157
        0.2765368354
        0.2902917983
        0.3051371073
        0.3204333146
        0.3280573807
        0.2932881673
        0.2988297968
        0.3226117915
        0.3294180762
        0.3477580898
        0.2990395529
        0.3149392345
        0.3172743521
        0.3388107501
        0.3475409359
        0.3534487492
        0.3157967819
        0.3231605084
        0.3272948387
        0.3478089250
        0.3565141227
        0.3056526074
        0.3220728434
        0.3279792090
        0.3397408787
        0.3469546673
        0.3642518576
        0.3128787121
        0.3225292993
        0.3261604924
        0.3375372399
        0.3520889724
        0.3005155625
        0.3094370693
        0.3186403152
        0.3281084556
        0.3334798580
        0.3474936792
        0.2957911726
        0.3027369270
        0.3093449877
        0.3161042445
        0.3242946921
        0.3322247347
        0.2870531432
        0.2943148989
        0.2974996989
        0.3077721865
        0.3099749280
        0.2646838925
        0.2688287080
        0.2719411379
        0.2800619319
        0.2840477358
        0.2874568463
        0.2442563574
        0.2465281046
        0.2580558842
        0.2607963790
        0.2629006441
        0.2224578084
        0.2243340526
        0.2248892163
        0.2361986320
        0.2390253040
        0.2344491966
        0.1952218727
        0.1943221905
        0.1926504539
        0.2123397428
        0.2088834170
        0.1738538589
        0.1709547252
        0.1675493539
        0.1931956066
        0.1849148261
        0.1807859404
        0.1497557818
        0.1470213684
        0.1435189276
        0.1725981170
        0.1661298867
        0.1347785204
        0.1313244877
        0.1275967265
        0.1645745771
        0.1542268054
        0.1499004648
        0.1197137396
        0.1227155622
        0.1220385817
        0.1559885234
        0.1518658924
        0.1460050633
        0.1173034367
        0.1230510040
        0.1644444839
        0.1531215210
        0.1566745085
        0.1249990243
        0.1316005007
        0.1258422110
        0.1786226078
        0.1662990748
        0.1748313969
        0.1402945567
        0.1512022500
        0.1878087079
        0.1975382530
        0.1852455110
        0.1628343822
        0.1738675430
        0.1632947478
        0.2139377186
        0.2264980971
        0.2148374523
        0.1895517181
        0.2027430261
        0.1906624098
        0.2357749640
        0.2408079376
        0.2095587033
        0.2238603255
        0.2141732867
        0.2562558259
        0.2601303519
        0.2638397220
        0.2280049557
        0.2318960960
        0.2360006276
        0.2754541648
        0.2791555888
        0.2405856707
        0.2435255459
        0.2464402924
        0.2826505402
        0.2837917844
        0.2859488217
        0.2459003389
        0.2469589226
        0.2493317155
        0.2832141768
        0.2823207471
        0.2841533521
        0.2416648561
        0.2419723583
        0.2754994945
        0.2723447012
        0.2692487840
        0.2291243292
        0.2263442328
        0.2233483516
        0.2526245338
        0.2458315961
        0.2385623259
        0.0000000000
        0.0000000000
        0.0000000000
        2.2510528989
        3.4988031537
        3.4541253174
        3.6083569075
        3.7403935662
        3.7599648390
        3.3730464576
        3.2163257014
        3.1331958474
        3.2204718119
        3.1617583716
        3.2363036493
        3.2627430540
        3.4403015061
        3.4784963276
        3.7270868284
        3.6471631106
        3.4520584346
        3.3770247433
        3.3471357503
        3.9567070388
        4.0687178045
        4.1155895709
        3.7040694960
        3.7195743775
        3.6877663483
        4.2021741876
        4.0813649762
        3.6644230024
        3.7111521367
        3.7259651968
        4.3428825746
        4.1654031230
        4.0961143368
        3.5408499714
        3.6585924073
        3.6473882875
        3.9504944510
        3.9036438867
        3.8814068198
        3.2539522512
        3.2575227627
        3.8322769559
        3.5593247358
        3.5071084290
        2.8219870830
        2.8806794891
        2.7711833013
        3.4868702338
        3.2338797831
        3.1748649450
        2.5211150638
        2.5903574561
        3.3023288350
        3.3539492180
        3.1996180192
        2.6170625830
        2.6641207154
        2.5138757563
        3.2717603647
        3.3358465723
        3.2657007467
        2.9558523213
        3.1081856802
        2.9743158542
        3.7466242456
        3.7597916732
        3.2710334379
        3.4061853120
        3.2666632511
        4.0899010176
        4.0240916923
        3.9303126955
        3.4539869552
        3.3243838132
        3.1889307909
        3.7571014541
        3.6923513573
        3.3880080689
        3.6047542146
        3.9203568648
        4.8012357119
        5.1074277838
        5.3890515783
        4.8866570907
        5.0044393409
        5.0178332998
        5.2133353457
        4.8604599655
        4.4916932611
        3.4689780865
        3.0301347982
        2.9990221204
        2.7778834464
        2.5930906574
        2.1380571369
        2.0332808321
        1.9486466784
        1.9799371491
        1.8715411792
        1.8192077336
        1.4858142935
        1.4633295179
        1.4500664846
        1.4114494205
        1.3583153356
        1.1429642638
        1.1150616805
        1.1060119823
        1.0870950550
        1.0502942785
        1.0336414249
        0.8537085121
        0.8448347433
        0.8419625676
        0.8174369331
        0.7877808696
        0.6567894555
        0.6457725399
        0.6400565454
        0.6241144101
        0.6025981601
        0.5807759542
        0.4833837612
        0.4807120544
        0.4820435291
        0.4631159123
        0.4327767911
        0.3515363074
        0.3499625198
        0.3488153556
        0.3483810685
        0.3237005220
        0.3050624695
        0.2513198249
        0.2501309566
        0.2489175354
        0.2638935117
        0.2281434926
        0.2135365502
        0.1756578292
        0.1777886345
        0.2079017001
        0.1668716021
        0.1473106675
        0.1167599002
        0.1158473491
        0.1164709029
        0.1539656173
        0.1229059940
        0.1018995051
        0.0808179934
        0.0810951891
        0.1222664428
        0.0986195534
        0.0810652209
        0.0653164442
        0.0669039137
        0.0693982391
        0.1146469519
        0.0956455945
        0.0805059599
        0.0664378483
        0.0702751997
        0.0748421524
        0.1146524980
        0.1083399025
        0.0907560351
        0.0947560147
        0.1032491749
        0.1364299189
        0.1317934493
        0.1363548378
        0.1244002541
        0.1322113121
        0.1420822575
        0.1699369840
        0.1750607339
        0.1531719401
        0.1607475168
        0.1707189882
        0.1952927857
        0.1980535703
        0.2062557382
        0.1849804840
        0.1933174031
        0.1978971791
        0.2194547217
        0.2271589800
        0.2314691289
        0.2053842896
        0.2134429703
        0.2292559001
        0.2361918973
        0.2436897543
        0.2121179395
        0.2172264585
        0.2214466548
        0.2369991828
        0.2409513032
        0.2442622067
        0.2119704293
        0.2142686531
        0.2286913092
        0.2298500815
        0.2323019494
        0.1988465477
        0.1993623763
        0.1991250642
        0.2102318804
        0.2089631404
        0.2081635333
        0.1739340709
        0.1723723593
        0.1699057142
        0.1780914339
        0.1760434608
        0.1456832814
        0.1398942166
        0.1360682377
        0.1426801989
        0.1387720902
        0.1317566396
        0.1046890342
        0.0985180380
        0.0925646779
        0.1033935124
        0.0982087538
        0.0783759287
        0.0741330017
        0.0706122623
        0.0843662395
        0.0824884694
        0.0781437615
        0.0652887894
        0.0573178430
        0.0597441041
        0.0742371446
        0.0729990194
        0.0717577500
        0.0573725294
        0.0629071304
        0.0704582755
        0.0694421612
        0.0741876928
        0.0611282843
        0.0629946857
        0.0699365047
        0.0762371441
        0.0757439237
        0.0748168569
        0.0679206123
        0.0693537026
        0.0779478196
        0.0760860206
        0.0801060120
        0.0674477390
        0.0735239606
        0.0743930577
        0.0828867886
        0.0821029781
        0.0779612216
        0.0717005294
        0.0744855067
        0.0734699437
        0.0845856691
        0.0834012478
        0.0659155026
        0.0717926485
        0.0734557624
        0.0806778630
        0.0773418470
        0.0796738608
        0.0663533601
        0.0681165130
        0.0684594595
        0.0817657302
        0.0801739287
        0.0637560618
        0.0633133032
        0.0660345038
        0.0790270442
        0.0749560440
        0.0751323854
        0.0614801579
        0.0614252123
        0.0636820209
        0.0780857111
        0.0742556422
        0.0717446766
        0.0603716337
        0.0638113403
        0.0780497529
        0.0759671399
        0.0710666855
        0.0582933274
        0.0599250880
        0.0619448558
        0.0788551583
        0.0738279181
        0.0715466625
        0.0596164166
        0.0615435374
        0.0784671527
        0.0733794626
        0.0712527653
        0.0591360197
        0.0607461837
        0.0642512063
        0.0834345578
        0.0789530117
        0.0726242611
        0.0596966215
        0.0619772335
        0.0644271352
        0.0832168867
        0.0766799513
        0.0608958440
        0.0637961104
        0.0681061094
        0.0867832014
        0.0774294874
        0.0739131715
        0.0623222221
        0.0663024132
        0.0702011877
        0.0882294572
        0.0832524156
        0.0642481864
        0.0665330749
        0.0715460880
        0.0889377246
        0.0800479898
        0.0779626192
        0.0684639955
        0.0714683965
        0.0731860996
        0.0894728315
        0.0849049288
        0.0811078227
        0.0710030112
        0.0738551693
        0.0859781290
        0.0835928991
        0.0825094619
        0.0706113043
        0.0722254597
        0.0746720404
        0.0860550112
        0.0849643361
        0.0829239888
        0.0718299461
        0.0728594175
        0.0836379729
        0.0825472519
        0.0831613323
        0.0713399454
        0.0729863743
        0.0723094725
        0.0830703364
        0.0815316094
        0.0815492370
        0.0690184298
        0.0700308807
        0.0678145223
        0.0796048498
        0.0808299531
        0.0668528958
        0.0661718012
        0.0643290545
        0.0750215953
        0.0754198099
        0.0749158832
        0.0619873934
        0.0620029950
        0.0621161101
        0.0720012766
        0.0722853924
        0.0601412347
        0.0603961813
        0.0607153102
        0.0711572924
        0.0716701387
        0.0703240847
        0.0586485394
        0.0600628929
        0.0605465838
        0.0702826963
        0.0696557800
        0.0704317394
        0.0590976615
        0.0586771786
        0.0687505968
        0.0692251864
        0.0688021670
        0.0577564029
        0.0578687103
        0.0576940572
        0.0677024808
        0.0680154050
        0.0683733972
        0.0000000000
        0.0000000000
        0.0000000000
        0.0000000000
        3.9117247969
        3.7877297617
        3.7051681679
        3.4534253386
        3.3250263697
        3.0306497249
        3.0018062620
        3.0082235565
        3.1405196958
        3.1075822121
        3.1913817070
        3.0786606055
        3.2237744446
        3.3790231101
        3.8040326418
        3.7461879077
        3.3115274540
        3.2380771159
        3.1964352707
        3.8003632389
        3.7358802236
        3.7456269090
        3.4655665452
        3.5221162398
        3.6844598389
        4.4758128775
        4.3515938339
        3.6490572667
        3.5949115745
        3.5865177141
        4.4160082558
        4.3235010983
        4.2048976530
        3.4617424974
        3.5607065261
        3.6683275270
        4.4113128855
        4.3562760611
        4.2397911438
        3.4597534232
        3.5990486014
        4.5313360916
        4.3080263356
        4.3085849877
        3.4525746842
        3.5353928963
        3.4865305091
        4.5743129484
        4.4217765916
        4.2501361061
        3.3573892985
        3.2842569636
        4.1237980681
        3.9788956015
        3.6896339840
        3.2903885552
        3.3669582588
        3.2961106529
        4.4194984313
        4.5200622381
        4.5695969384
        4.3537033127
        4.6310307999
        4.6056680306
        5.7324001935
        5.9732188051
        5.6921931565
        6.0348923647
        6.2775258062
        7.7094204223
        8.0561805333
        8.4120808732
        7.5393963887
        7.9067468491
        8.3129004898
        9.7647672768
       10.1326192128
        8.8717188985
        9.2572084377
        9.6056709287
       11.1296173911
       11.4712950841
       11.9387090667
       10.3235831048
       10.7322428610
       11.0744946600
       12.3237614622
       12.2860842277
       12.3022924581
       10.7372861717
       10.5769818883
       11.5019658416
       11.3298314440
       11.0060457368
        9.8630945958
        9.4017985996
        8.9530946415
        9.2599851665
        9.0107822521
        8.9301670951
        8.3375327469
        8.5769412592
        9.4931035619
        9.9149975357
       10.2994119713
        9.6956394325
        9.9437556378
       10.3202669954
       11.1926405400
       11.6850187794
       12.1481888993
       10.8277414433
       11.1010248249
       11.3327365388
       11.8218992291
       11.8528993505
       10.3218568748
       10.4475074964
       10.6018264819
       11.0877459343
       11.2619113723
       11.3323938548
        9.8705004157
        9.7694492541
        9.6701574648
        9.8860027098
        9.5739767841
        8.3526218727
        8.4615927150
        8.4691325112
        8.4283827243
        8.0189725680
        7.3206100497
        5.8365891832
        5.3017454874
        5.1385764053
        5.4062165720
        5.5091417441
        5.5279701177
        4.7928015512
        4.5182506638
        4.3416662127
        3.7506722493
        3.2413608212
        2.3977496340
        2.0073128152
        1.7547540404
        1.5949501961
        1.3524148183
        1.1948837200
        0.9421778497
        0.9075579973
        0.8616826340
        0.7247715570
        0.6716685052
        0.5627967162
        0.5773329889
        0.6025437572
        0.6191162742
        0.5029729347
        0.4966506300
        0.4252544180
        0.4468694382
        0.4715497039
        0.4724789422
        0.4057556769
        0.3577554792
        0.3927536120
        0.4396225033
        0.4250249934
        0.3676980253
        0.3829842924
        0.3416372556
        0.3681567511
        0.4077706367
        0.3833834408
        0.3513733444
        0.3082634412
        0.3285274604
        0.3634177243
        0.3459223970
        0.3118692907
        0.3226119697
        0.2972399491
        0.3042979948
        0.3195085928
        0.3199065948
        0.2798350356
        0.2884055371
        0.2639868112
        0.2661839388
        0.2592503454
        0.2384187544
        0.2303379307
        0.2108487880
        0.2094763207
        0.2253081387
        0.2049669102
        0.1792614898
        0.1696553337
        0.1511357128
        0.1481029551
        0.1470960805
        0.1094349485
        0.1085738167
        0.0814686743
        0.0822828740
        0.0826102101
        0.0729256833
        0.0503301629
        0.0340275862
        0.0208004293
        0.0321923135
        0.0343581588
        0.0589734927
        0.0670121037
        0.0680368056
        0.0909273737
        0.0883555608
        0.1186924340
        0.1291603374
        0.1401238368
        0.1298114078
        0.1432225740
        0.1578702953
        0.1882208901
        0.2048175540
        0.1881810148
        0.2024824434
        0.2169968823
        0.2395449212
        0.2509896615
        0.2759792977
        0.2402216092
        0.2571504830
        0.2735477809
        0.2895334218
        0.3112205464
        0.3170190276
        0.2836776308
        0.3065395678
        0.3118845625
        0.3263188301
        0.3479122641
        0.3012566380
        0.3171844621
        0.3368522420
        0.3355822360
        0.3551933746
        0.3594569437
        0.3261571654
        0.3321593279
        0.3449012205
        0.3463823142
        0.3663686704
        0.3145734638
        0.3337261566
        0.3388656699
        0.3451800363
        0.3506632334
        0.3538815902
        0.3163499532
        0.3273706427
        0.3340536692
        0.3378925740
        0.3438493517
        0.2952235989
        0.3111339339
        0.3203766378
        0.3163715576
        0.3168546817
        0.3321138650
        0.2889720048
        0.2996406532
        0.3060385556
        0.3009463474
        0.3096228291
        0.2684795668
        0.2775201592
        0.2878083248
        0.2811614535
        0.2813155884
        0.2957182992
        0.2571242828
        0.2655151881
        0.2750743659
        0.2655978081
        0.2682089346
        0.2774825567
        0.2459792136
        0.2586867970
        0.2455066779
        0.2522837153
        0.2578939441
        0.2256424201
        0.2340765256
        0.2438339507
        0.2338137381
        0.2318123833
        0.2397921219
        0.2131324319
        0.2236419828
        0.2166870514
        0.2102868716
        0.2180992024
        0.1940140178
        0.2042871274
        0.2167474841
        0.2067298303
        0.2024408685
        0.2064247580
        0.1820944368
        0.1899920289
        0.1993728149
        0.1953396924
        0.1807503357
        0.1596312781
        0.1705633578
        0.1751570635
        0.1804808676
        0.1596792176
        0.1608629099
        0.1429708083
        0.1521902473
        0.1549658433
        0.1580570959
        0.1406604287
        0.1201410338
        0.1264066334
        0.1268692334
        0.1375268975
        0.1137297594
        0.1077245706
        0.0887900004
        0.1021168120
        0.1086807330
        0.1078714556
        0.0925648237
        0.0865183290
        0.0726618189
        0.0888999550
        0.0988810840
        0.0748540745
        0.0794503190
        0.0618125149
        0.0742302137
        0.0747132877
        0.1010217013
        0.0843664926
        0.0936505933
        0.0736715507
        0.0867612281
        0.1069385164
        0.1132336773
        0.1056399531
        0.0942224498
        0.1061536216
        0.1005499879
        0.1376658719
        0.1488660458
        0.1426627615
        0.1272541871
        0.1411511256
        0.1338846708
        0.1706838518
        0.1780642261
        0.1581179295
        0.1725349945
        0.1678023731
        0.2036122203
        0.2104523594
        0.2165784610
        0.1899598004
        0.1957485210
        0.2018163184
        0.2381662797
        0.2439363122
        0.2127533058
        0.2171661784
        0.2215581438
        0.2550770054
        0.2574712709
        0.2615817125
        0.2265696320
        0.2289869339
        0.2318084269
        0.2630270476
        0.2632357978
        0.2657414363
        0.2266736175
        0.2269998682
        0.2583977586
        0.2553131877
        0.2521427653
        0.2148451786
        0.2118664775
        0.2086016356
        0.2354252768
        0.2284132121
        0.2209078467
        0.0000000000
        0.0000000000
        0.0000000000
        0.0000000000
        2.2442656953
        1.9607562662
        1.9876884441
        2.0914910992
        2.1472863880
        1.8847372829
        1.8640459802
        1.9383379364
        2.1622527134
        2.2364093990
        2.2924847952
        2.2252087853
        2.2901529378
        2.3238770884
        2.5316079222
        2.3377856867
        2.0698290896
        2.0184429826
        2.0558934910
        2.6776100327
        2.6842162616
        2.6973711211
        2.6661976110
        2.7224759190
        2.6653878769
        3.2914439518
        3.1153511889
        2.9753343783
        2.9514091365
        2.9923444157
        4.0026589752
        4.0343756383
        4.0880024740
        3.4522992395
        3.3744122075
        3.2322513485
        4.0759028709
        3.9825265456
        3.7463637973
        2.9832624243
        2.7703283195
        3.6841705549
        3.5216667977
        3.5171425131
        3.1659899567
        3.3156423670
        3.2127495502
        4.2067263061
        3.8781773227
        3.7995456348
        3.0790814436
        3.1705253144
        4.2670081565
        4.2192503407
        4.1140368345
        3.5071878728
        3.5384952906
        3.4666377394
        4.7063956122
        4.8571357152
        4.8509459093
        4.3311268215
        4.3936321913
        4.3077061237
        5.5434903828
        5.5895578364
        5.0489889825
        5.0683873182
        5.0271524472
        6.2715520142
        6.1583293048
        6.0953993859
        5.7319102320
        5.8071964346
        5.9099947657
        7.1423920655
        7.2404312752
        6.9404546438
        7.0400084585
        7.1019067001
        8.3991683433
        8.5244619690
        8.6562645793
        8.1297923661
        8.3477165750
        8.7032417710
       10.0582912088
       10.1544869435
       10.0974276869
        8.9275740443
        9.0778285992
       10.3220991670
       10.4576139925
       10.4914330604
        9.4903542368
        9.6817366756
        9.9416838694
       10.9995232216
       10.9186919287
       10.6766642569
        9.7533378960
        9.6561761694
       10.2438053223
       10.0597311221
        9.8213508565
        9.2858148600
        9.1853612163
        9.2262826336
        9.8293824762
        9.5425062256
        9.4896542455
        9.0125855635
        8.9477375455
        9.0272650671
        9.6118034316
        9.3753997121
        8.7772353483
        8.6951815473
        8.7756292771
        9.5151401123
        9.4075898368
        9.1828883146
        8.4806929705
        8.6020644256
        8.8630727735
        9.6148959545
        9.4709554031
        8.2627340778
        8.3512027363
        8.6551381611
        9.7002295203
        9.8426312657
        9.6824224576
        8.2437151904
        8.0863951561
        7.8842106857
        8.5114796935
        8.1026918112
        7.7183862967
        6.5731074895
        6.1258297326
        7.3490890483
        6.7992737276
        6.4005888626
        5.5210772349
        5.0730359581
        4.7549004535
        5.9869182048
        5.7367615899
        5.6398590435
        4.8611545687
        4.8138975407
        5.9807948038
        5.6660954107
        5.1812875064
        3.8038940564
        3.3755048513
        3.1674083729
        4.2900859775
        4.1484355472
        4.0385137732
        3.4151115330
        3.0929098759
        2.8256685096
        3.6973846610
        3.7631080817
        3.2729423636
        3.2672524527
        3.2428835971
        3.6801280739
        3.3985570852
        3.1720296708
        2.7231220320
        2.5687696826
        2.4512414475
        2.7357542241
        2.5668028660
        2.1187298090
        2.0443366410
        1.9433900313
        2.0850129848
        1.8770977399
        1.7349435147
        1.4349251295
        1.3054284480
        1.1581336723
        1.2513091152
        1.0880402691
        0.9733264525
        0.7854526778
        0.6943781252
        0.7851702953
        0.7475579718
        0.6861509671
        0.5620610694
        0.5199936127
        0.5014355097
        0.5795875024
        0.5605746909
        0.5404264849
        0.4456025459
        0.4326772230
        0.4998297041
        0.4923543791
        0.4770181587
        0.4007402655
        0.3955888805
        0.3817083720
        0.4462701670
        0.4453152669
        0.4314995070
        0.3667494657
        0.3671548164
        0.3529026826
        0.4040118409
        0.4026307831
        0.3412189430
        0.3437499360
        0.3303359986
        0.3723233429
        0.3696293802
        0.3653346177
        0.3062881847
        0.3023369954
        0.2977810106
        0.3367883973
        0.3331208824
        0.2791757942
        0.2742201674
        0.2687425406
        0.3032096691
        0.2964675739
        0.2892507726
        0.2455983070
        0.2368656140
        0.2308420638
        0.2596299242
        0.2499564880
        0.2491892909
        0.2009516194
        0.1937741207
        0.2237309544
        0.2131848247
        0.2039258469
        0.1690864289
        0.1587738356
        0.1505203654
        0.1765992763
        0.1658581563
        0.1589580391
        0.1258951641
        0.1182402402
        0.1387440461
        0.1305134923
        0.1213156585
        0.0953043651
        0.0886910007
        0.0807617676
        0.1008775342
        0.0920957782
        0.0811757794
        0.0641453334
        0.0567915397
        0.0473350741
        0.0682429348
        0.0596335191
        0.0401853840
        0.0382167741
        0.0321721685
        0.0474330343
        0.0399937970
        0.0346354816
        0.0239797484
        0.0235464969
        0.0223110595
        0.0382564602
        0.0353800506
        0.0221603384
        0.0266436256
        0.0318795648
        0.0405325492
        0.0356214961
        0.0396528791
        0.0367083132
        0.0423489636
        0.0484906317
        0.0529537661
        0.0504997155
        0.0560800473
        0.0542384530
        0.0606110566
        0.0580148102
        0.0621291810
        0.0648679707
        0.0590235780
        0.0651195769
        0.0710292081
        0.0700479195
        0.0722228417
        0.0778416904
        0.0711804444
        0.0769687946
        0.0752137845
        0.0788299770
        0.0846210376
        0.0768291532
        0.0831647819
        0.0885509330
        0.0836691542
        0.0908307601
        0.0932908031
        0.0820870205
        0.0874276365
        0.0925916875
        0.0911392234
        0.0949146272
        0.0847273273
        0.0895198270
        0.0923817675
        0.0938454107
        0.0954772768
        0.0986422908
        0.0876868238
        0.0917747964
        0.0936429964
        0.0943726837
        0.0992665938
        0.0857745434
        0.0875986414
        0.0901821425
        0.0915535384
        0.0915037680
        0.0921705342
        0.0808917347
        0.0872495480
        0.0882907052
        0.0826412134
        0.0862605085
        0.0860772183
        0.0738315473
        0.0786815848
        0.0735261286
        0.0704460430
        0.0735825159
        0.0625301599
        0.0637587091
        0.0634989690
        0.0597205405
        0.0566287307
        0.0566176346
        0.0479389448
        0.0478250643
        0.0436222725
        0.0398125046
        0.0377403478
        0.0316477767
        0.0308457718
        0.0288478521
        0.0258682051
        0.0208088373
        0.0187131730
        0.0126197163
        0.0124154976
        0.0108075706
        0.0127347011
        0.0136437307
        0.0118882643
        0.0130359713
        0.0166416272
        0.0228311314
        0.0244785809
        0.0265176041
        0.0237767988
        0.0261682579
        0.0286764714
        0.0342774296
        0.0363973282
        0.0321787304
        0.0342841457
        0.0363505448
        0.0403311585
        0.0415204537
        0.0419933700
        0.0368009209
        0.0370437950
        0.0386544484
        0.0402590129
        0.0398657903
        0.0399086053
        0.0331811099
        0.0332922010
        0.0331461803
        0.0317265732
        0.0299948233
        0.0234036567
        0.0219327631
        0.0203449662
        0.0184852815
        0.0151874138
        0.0116422441
        0.0000000000
        0.0000000000
        0.0000000000
        0.0000000000
        1.8447650489
        1.7107656442
        2.0080703270
        1.9891625724
        1.9689815616
        1.7092346457
        1.6822591099
        1.7953908736
        2.0731128282
        2.1955802491
        2.2247332213
        1.9449177189
        1.8571240861
        1.8299841831
        1.8622455901
        1.7301345921
        1.5899085224
        1.6846062027
        1.8389305298
        2.1575831411
        2.0990535937
        2.1468590117
        1.9455242342
        1.9652787450
        2.0651415499
        2.6090455537
        2.5300945937
        2.1773158043
        2.0456011409
        2.0819152035
        2.9041916084
        3.0181924446
        2.9838362752
        2.5528551689
        2.6543964738
        2.6745235503
        3.3159445656
        3.1276692066
        2.9493105118
        2.4158000982
        2.3015662621
        3.0731316374
        2.8665062353
        2.8508392528
        2.4468656789
        2.4773338107
        2.3190002980
        3.1959338095
        3.0311398215
        2.9914986386
        2.6228142692
        2.5827241966
        3.6222105450
        3.6062642814
        3.5088174961
        3.0529388905
        3.0577173124
        2.9154104557
        4.0673364982
        4.1835656874
        4.1419253205
        3.6323863919
        3.6783159782
        3.6231718394
        4.7882199045
        4.7837976883
        4.3085468857
        4.3723328742
        4.3330376632
        5.5016256243
        5.4763927351
        5.4215082193
        4.9838548611
        5.0097587727
        5.0739547406
        6.3190724805
        6.3548034661
        6.0077457729
        5.9809427949
        6.0015192572
        7.1759049787
        7.1940081471
        7.1073471349
        6.6972473975
        6.7017321445
        6.8886592606
        8.1326997595
        8.2963101185
        8.3068410298
        7.7400388317
        7.7056502520
        8.6454430484
        8.7671758359
        8.6714157919
        8.0483866293
        8.1372808321
        8.3883172664
        9.2918989637
        9.3198778485
        9.1365218564
        8.2826645662
        8.2548616600
        8.8540824251
        8.7804595294
        8.4330304536
        7.9714554460
        8.0261551287
        8.2495354184
        8.7386769715
        8.6324255141
        8.5314390186
        8.0152580298
        7.9515086740
        8.0412573106
        8.6901794743
        8.4700637761
        8.1517783213
        8.0291483660
        8.0596869495
        8.8071547498
        8.8778140654
        8.6584150039
        7.8096488445
        7.9887023050
        8.4025287422
        9.9802492940
        9.5983046921
        8.0909713713
        7.8113830710
        7.6967005868
        9.1572336554
        9.1272653211
        8.7684083774
        7.5030072105
        7.1735393649
        6.8824539275
        8.6844672493
        8.2842151742
        7.7606666280
        6.5236377010
        6.1999861426
        8.0171954515
        7.6381269698
        7.3389535363
        6.3723596533
        6.0485510537
        5.6616107803
        7.1881445858
        6.4865336735
        5.9002253712
        5.1535743714
        4.7552822194
        6.3288685926
        5.7365002713
        5.2645894042
        4.6416655939
        4.4340811360
        4.2762077094
        5.7948982758
        5.2946568146
        4.8973184165
        4.2576587775
        4.1516422078
        4.0665103932
        5.6708606159
        5.4191442787
        4.8483363425
        4.8195777928
        4.9209864642
        6.2508331008
        5.7692274181
        5.4179457172
        4.5683954810
        4.4540331966
        4.3775398621
        5.3407291622
        5.0491184060
        4.1934738758
        4.0621550546
        4.0341807822
        4.9832876735
        4.8301220272
        4.6491306953
        3.7247029535
        3.5212620300
        3.2771267399
        3.7971830974
        3.2639564474
        3.0558584225
        2.7463402180
        2.8034392811
        3.5506649774
        3.5445359128
        3.4507474867
        2.9943861951
        2.8535534236
        2.7260236972
        2.9821027274
        2.8173905313
        2.6513595170
        2.1686561746
        2.0915463935
        2.3525052810
        2.3778307732
        2.4550743810
        2.1124474899
        2.0648174573
        1.9886642908
        2.0145945939
        1.8164625149
        1.6249280180
        1.2602039418
        1.1418742418
        1.0062110039
        1.0501845909
        0.9865926015
        0.7839473211
        0.7369851839
        0.6988052503
        0.7639689353
        0.7376176365
        0.7105843829
        0.5835594924
        0.5600659568
        0.5373041514
        0.5837678069
        0.5671084218
        0.4692430821
        0.4536330509
        0.4381157946
        0.4712871415
        0.4552614632
        0.4356843086
        0.3533159296
        0.3389828949
        0.3266217005
        0.3491483643
        0.3344060005
        0.3190126640
        0.2593636942
        0.2476062125
        0.2616350232
        0.2501795324
        0.2384440651
        0.1911909703
        0.1806687873
        0.1707967670
        0.1824531017
        0.1695711859
        0.1576017568
        0.1230706878
        0.1152930195
        0.1258347174
        0.1155696330
        0.1011537908
        0.0773295408
        0.0691520811
        0.0623331352
        0.0827801800
        0.0750264575
        0.0533705086
        0.0370812524
        0.0323607886
        0.0245266359
        0.0547993297
        0.0497559867
        0.0280113364
        0.0254082177
        0.0318969619
        0.0559208543
        0.0531397280
        0.0532483154
        0.0518805786
        0.0578517108
        0.0618115541
        0.0817532601
        0.0834458806
        0.0725954408
        0.0784640163
        0.0869121659
        0.0969367189
        0.0980203921
        0.1096241655
        0.0976207037
        0.1031215060
        0.1107404175
        0.1159999227
        0.1222881756
        0.1311592379
        0.1188844922
        0.1277901155
        0.1275327172
        0.1390693710
        0.1440971651
        0.1265889721
        0.1339804681
        0.1416236813
        0.1426859440
        0.1496441171
        0.1576500454
        0.1398923496
        0.1477986444
        0.1475933085
        0.1549942487
        0.1631548525
        0.1444444350
        0.1529363668
        0.1614922539
        0.1552973802
        0.1671557328
        0.1708874430
        0.1480657400
        0.1546434427
        0.1614366106
        0.1576540522
        0.1640329683
        0.1441741011
        0.1518940554
        0.1537902789
        0.1539169552
        0.1569271288
        0.1609807362
        0.1408070899
        0.1470541467
        0.1466795271
        0.1432661251
        0.1513091478
        0.1296550451
        0.1328054832
        0.1319034997
        0.1300879946
        0.1313276512
        0.1331140597
        0.1108292965
        0.1201492349
        0.1214522011
        0.1049223759
        0.1114151992
        0.1111792937
        0.0905182245
        0.0968932635
        0.0851815045
        0.0785756000
        0.0827510761
        0.0665865770
        0.0684135089
        0.0644060659
        0.0579711217
        0.0485024126
        0.0470041326
        0.0361344889
        0.0353001813
        0.0298319489
        0.0242072435
        0.0138133214
        0.0080281600
        0.0117641806
        0.0123176729
        0.0298449676
        0.0341520659
        0.0384390102
        0.0347528336
        0.0399627157
        0.0443597671
        0.0626012327
        0.0666826878
        0.0597156650
        0.0623102630
        0.0689732179
        0.0854928181
        0.0880632958
        0.0908991299
        0.0801712569
        0.0836190249
        0.0870298492
        0.1032388284
        0.1060764492
        0.0924099538
        0.0948362279
        0.0969797300
        0.1108802730
        0.1123575439
        0.1134572217
        0.0971699473
        0.0977742951
        0.0990035086
        0.1106513798
        0.1104724385
        0.1095720433
        0.0927037432
        0.0924630219
        0.1021222156
        0.1010698022
        0.0993823303
        0.0823016075
        0.0806363034
        0.0787674231
        0.0874316545
        0.0844392738
        0.0809926660
        0.0000000000
        0.0000000000
        0.0000000000
        0.0000000000
        1.4199067813
        1.3109907006
        1.6186007610
        1.6610168282
        1.7312246210
        1.5227262099
        1.4966532231
        1.4315433493
        1.7401686545
        1.7658796950
        1.8515223075
        1.5350747787
        1.3410098094
        1.2373340641
        1.4152943251
        1.2995768379
        1.0872044125
        1.1016690467
        1.1818141626
        1.5493395463
        1.6118091956
        1.6705609745
        1.5511668465
        1.6452279055
        1.6568675408
        1.9457051836
        1.7593269911
        1.5351225242
        1.5133929037
        1.6138984160
        2.1885788088
        2.1666915499
        2.0994063854
        1.7752142852
        1.7836819510
        1.8396378492
        2.4435173958
        2.3922097605
        2.2925111683
        1.9038822544
        1.7582636947
        2.3880156017
        2.3099552901
        2.3599241545
        2.0705048962
        2.0650385008
        1.8792673210
        2.5032016587
        2.2326355077
        2.1487129658
        1.9306120640
        1.8767336911
        2.5992970755
        2.4499905682
        2.2799446284
        2.0338128426
        2.0821613332
        2.0014141668
        2.9041733796
        2.9618707605
        2.8491650527
        2.4127916803
        2.4417843360
        2.4475034966
        3.5316819894
        3.5526025640
        3.0850153661
        3.0993090985
        3.0876342898
        4.1001076174
        4.0948347604
        4.0495232488
        3.6653781833
        3.6941304188
        3.7616052225
        4.7723857468
        4.7987243831
        4.5024102154
        4.5110526265
        4.5680624476
        5.4983713255
        5.4946177730
        5.5140112068
        5.2750131634
        5.3962577386
        5.6060815061
        6.5396642730
        6.5733212962
        6.5374994806
        6.1023262711
        6.1192916488
        6.7866819703
        6.7226348042
        6.6966966856
        6.2974493700
        6.3612044425
        6.4885590611
        7.1005705809
        7.0803228076
        7.0750338253
        6.6285433903
        6.8073171664
        7.2905243317
        7.4955152070
        7.6871843933
        7.1377480214
        7.2295100026
        7.4414266598
        7.9514012698
        8.3466311526
        8.4108915098
        7.1027370797
        7.5043163537
        7.9117606456
        8.3926175188
        8.2556557944
        7.1668235590
        7.1634112974
        7.1145768248
        8.3615031225
        8.4492018838
        8.4457508235
        7.2077050175
        7.1488359787
        7.1413284207
        8.5206293872
        8.3739593883
        6.8583915675
        6.9392510959
        7.1159515503
        9.0111448089
        9.1204946238
        9.0803630829
        7.4542031546
        7.3345070446
        7.2033783394
        8.9622241317
        8.7072671877
        8.7666075847
        7.1989573941
        7.1256112476
        9.0610331825
        8.8775597225
        8.5407534977
        6.5669785000
        6.3243766944
        6.3939749134
        8.3252127306
        8.2149713115
        8.0068147901
        6.1028503174
        5.8769319989
        7.5859293686
        7.2347581421
        6.9617611037
        5.3675227478
        5.0269456542
        4.6196509994
        6.0416441713
        5.5198826240
        5.1549953102
        4.2236067734
        4.1098186133
        3.8830889058
        5.4126115223
        4.9540100462
        3.9973557106
        3.6674378312
        3.2927360688
        4.6511592182
        4.1949597487
        3.9279403959
        3.3701025654
        3.6110905259
        4.0295904846
        6.0192519946
        5.8217305486
        4.6035649331
        4.6280047998
        4.8029866814
        6.7154373943
        6.7234238357
        6.7217225428
        5.6242907326
        5.5115534816
        5.5074327780
        7.2851903006
        7.1406660370
        7.1003074630
        5.5443697430
        5.2681742647
        6.9476297045
        7.0411305852
        7.0508681992
        5.9847052739
        6.0291296401
        6.1576558701
        7.6051412479
        7.5769404981
        7.3889762772
        5.9999240357
        5.7168062740
        6.7405377313
        6.5339391474
        6.3556263599
        5.4325790317
        5.2676745722
        5.1541218402
        5.9508593260
        5.9577849681
        6.1887738375
        5.7564850222
        5.9534341622
        5.9459738252
        6.2647973307
        6.0404111790
        4.8965522111
        4.7501829971
        4.5445490295
        4.7388215867
        4.6797763223
        4.5492295375
        3.4317222158
        3.1420293138
        2.8453687448
        2.8628773624
        2.7106639166
        2.0048400082
        1.8724021512
        1.8367909165
        2.0715039901
        2.0588477315
        1.9141765473
        1.4118132069
        1.3128248467
        1.2503135630
        1.3133318638
        1.2847925370
        1.2512010223
        1.0514905046
        1.0562657538
        1.1006032535
        1.0902574600
        1.0857631242
        0.9086535349
        0.9172160146
        0.9245211829
        0.9379641536
        0.9298713275
        0.9134335235
        0.7821466661
        0.7790855188
        0.7979683088
        0.7774924457
        0.7844522154
        0.6584809168
        0.6702123520
        0.6672219154
        0.6733755394
        0.6561012544
        0.6477403437
        0.5570750289
        0.5605094824
        0.5608308646
        0.5628924202
        0.5492631294
        0.4596055816
        0.4720897075
        0.4766023914
        0.4704381153
        0.4534608971
        0.4628728960
        0.3939473438
        0.3995463377
        0.4008868270
        0.3977912880
        0.3874936110
        0.3274973746
        0.3335060533
        0.3401015594
        0.3400184713
        0.3198146531
        0.3284561378
        0.2804338013
        0.2853929756
        0.2909713777
        0.2933083229
        0.2747032670
        0.2783514830
        0.2413383486
        0.2496663424
        0.2507996212
        0.2357943999
        0.2371230471
        0.2038089991
        0.2088814395
        0.2144670108
        0.2204435188
        0.2002370278
        0.2019314082
        0.1757260791
        0.1818363470
        0.1898339624
        0.1706283772
        0.1718777092
        0.1499217508
        0.1559198395
        0.1628336809
        0.1679654306
        0.1526034713
        0.1514260321
        0.1318942430
        0.1364893552
        0.1415073440
        0.1496738355
        0.1327267438
        0.1118967580
        0.1173781899
        0.1193780311
        0.1311073992
        0.1149390794
        0.1124565426
        0.0982408392
        0.1031077805
        0.1038339781
        0.1137490708
        0.1012835820
        0.0831531683
        0.0869669385
        0.0871518767
        0.0983932892
        0.0852175809
        0.0811570435
        0.0666072165
        0.0721065740
        0.0759129280
        0.0786504981
        0.0712124328
        0.0657742410
        0.0526610118
        0.0593215682
        0.0668465049
        0.0525232766
        0.0504792755
        0.0378293525
        0.0429576919
        0.0421595953
        0.0537726338
        0.0419682167
        0.0404958268
        0.0299032290
        0.0377812523
        0.0413577988
        0.0398285940
        0.0321058296
        0.0281456439
        0.0330543905
        0.0291101165
        0.0387316961
        0.0411416599
        0.0358151654
        0.0322541778
        0.0379858923
        0.0327981864
        0.0409501742
        0.0427107657
        0.0375033708
        0.0439841226
        0.0390349983
        0.0464326016
        0.0479134225
        0.0494618350
        0.0430107359
        0.0447415204
        0.0466155382
        0.0551819182
        0.0570619772
        0.0498284033
        0.0513661558
        0.0529846696
        0.0608730997
        0.0613165694
        0.0629151438
        0.0542621363
        0.0554935412
        0.0561350788
        0.0631159445
        0.0629860275
        0.0634375901
        0.0537214885
        0.0539477831
        0.0607463781
        0.0592012940
        0.0579163771
        0.0489626018
        0.0478999729
        0.0469327599
        0.0522033527
        0.0502139022
        0.0483996218
        0.0000000000
        0.0000000000
        0.0000000000
        0.0000000000
        1.2287168529
        1.2223488236
        1.4579872591
        1.3950886895
        1.4264626821
        1.2856798100
        1.3514463950
        1.3569766272
        1.7233936499
        1.7499367035
        1.6614197580
        1.3224774046
        1.1466321110
        1.0495843869
        1.3760076460
        1.3498560877
        1.1965695322
        1.2177883342
        1.3665393588
        1.8239963938
        1.7953383025
        1.8321967952
        1.6815256438
        1.7153225279
        1.6202642226
        1.9160266391
        1.7662623973
        1.4960773500
        1.4845570546
        1.5497499999
        2.0524625334
        1.9511048096
        1.8125502290
        1.5532960465
        1.5893392962
        1.6874755630
        2.1882308087
        2.0085333980
        1.8507946155
        1.4802867811
        1.3680666883
        2.0201419788
        1.9642019771
        1.9457138759
        1.6554559116
        1.6089286584
        1.4849003687
        2.1480704783
        1.9915296990
        1.9252380019
        1.6429553915
        1.5688515061
        2.1311770180
        1.9914884884
        1.8676553010
        1.6742226510
        1.6989561516
        1.6065227488
        2.3203496434
        2.2519041343
        2.1155238271
        1.8204055012
        1.8626022704
        1.8402636167
        2.6238967374
        2.6461406251
        2.3496934131
        2.3933683795
        2.3990668215
        3.2235823440
        3.2402704889
        3.2428070774
        2.9774264560
        2.9892341156
        3.0409014732
        3.8151245314
        3.8607782933
        3.7385927044
        3.7895407009
        3.8748138596
        4.5761112998
        4.5918855856
        4.6734825437
        4.5047340861
        4.6152763196
        4.7393365641
        5.4356598082
        5.5340933324
        5.7198314733
        5.3506972663
        5.4750053591
        6.0305342205
        6.1311513954
        6.1871652862
        5.6902246129
        5.7556808812
        5.8523247386
        6.1759407358
        6.1870427293
        6.2988669229
        6.0038915629
        6.1338625299
        6.3252620932
        7.3367127870
        7.8431620787
        6.5306960320
        6.7171270336
        6.9382309823
        7.0290895302
        6.6045353319
        6.6308852471
        5.9432900037
        5.9336601325
        5.9102203118
        6.1379215206
        5.9643146997
        5.3474295241
        5.2102171704
        5.2800722168
        6.5010330659
        6.5138947152
        6.3774845091
        5.3967586559
        5.3843416866
        5.4237638794
        7.1224128270
        7.0612243498
        5.5102690549
        5.4336767994
        5.3519434385
        6.6244780842
        6.3472810027
        6.0218688335
        4.5253130170
        4.5245483464
        4.5431464747
        5.8572580910
        5.4653949107
        4.9545691514
        3.8650431861
        3.8277523398
        5.1330375289
        4.9404530601
        4.8542407936
        3.8399153811
        3.9145416606
        3.9225076427
        5.2742825405
        5.1104366001
        4.9269334177
        3.8928571902
        3.7966713830
        5.1961052463
        4.9838608366
        4.7814479155
        3.8845229198
        3.8633133789
        3.7805127400
        5.1752977741
        4.8422577927
        4.4039282731
        3.4617395741
        3.1772918489
        2.8941585682
        4.3805774586
        4.2894839541
        3.2944896474
        3.2474677236
        3.2822399377
        4.9801604327
        4.8680710194
        4.7039455313
        3.8771140996
        3.7562597077
        3.7640319087
        5.6827552439
        5.7253641041
        4.7029143541
        4.8848814514
        5.1459281570
        7.2408157156
        7.4038811821
        7.5086987488
        6.5404522911
        6.4367868307
        6.2856302087
        8.2208417031
        8.0041303781
        7.9237042854
        7.1250859165
        7.0028662159
        9.0534315299
        9.0790254708
        8.9980161548
        8.1078818297
        8.1158374332
        8.2947934432
       10.4092066878
       10.5253393723
       10.4168508691
        9.2305968596
        8.9762500974
       11.0224769270
       10.6794632467
       10.4500564910
        9.4048642072
        9.1893588460
        9.1216839549
       11.0806125723
       10.9888459666
       11.1765062500
       10.3165921329
       10.3856725802
       10.5894730354
       12.6392749003
       12.6955262328
       11.2841720293
       11.3161511466
       11.4420635721
       13.2937980699
       13.3887774218
       13.5410043359
       12.1622033472
       12.3521401101
       12.5808349703
       14.3483272019
       14.6269290182
       12.9209759078
       12.9990437502
       13.0465511361
       13.9770010734
       14.1434080563
       14.2955518947
       12.6735843934
       13.0116441622
       13.3546719178
       14.0621346831
       14.1688454075
       13.9848372572
       11.1095824129
       10.5684394055
       10.3363137296
        9.4076991653
        8.5238345918
        6.0628035162
        5.0358376089
        4.0599431817
        3.5611963856
        3.4337158483
        3.4553299187
        2.8438899234
        2.8641249047
        2.9416101205
        2.4507057639
        2.1607049396
        1.5876087770
        1.5553270472
        1.4523310422
        1.5168060342
        1.3729618203
        1.2510582313
        1.0339576820
        1.0153783373
        0.9811272280
        1.0449667266
        0.9528299462
        0.7409202738
        0.7691636531
        0.7918468015
        0.8227872090
        0.7118705459
        0.7192555159
        0.6111763135
        0.6366442607
        0.6323321163
        0.6504799638
        0.5888433965
        0.4872072497
        0.5064137595
        0.5272766028
        0.5393488799
        0.4643108191
        0.4847902347
        0.4160381039
        0.4307795791
        0.4454367559
        0.4459134689
        0.4048435564
        0.4157794054
        0.3648301414
        0.3852323746
        0.3706520042
        0.3470066041
        0.3522817498
        0.3035290150
        0.3145926360
        0.3255094899
        0.3222976187
        0.2949315317
        0.3005281376
        0.2616291719
        0.2720856329
        0.2716622853
        0.2486086427
        0.2535035412
        0.2210174181
        0.2312431466
        0.2425389590
        0.2323553078
        0.2183249705
        0.2191563098
        0.1893246053
        0.1956460795
        0.2018749911
        0.2016177570
        0.1835190842
        0.1559411073
        0.1637065949
        0.1629824278
        0.1700486361
        0.1510102323
        0.1507094522
        0.1306380555
        0.1361459250
        0.1343400354
        0.1395330075
        0.1246591330
        0.1025958442
        0.1056743666
        0.1042887814
        0.1135742532
        0.0983443763
        0.0920079552
        0.0735390459
        0.0803048486
        0.0820431695
        0.0820993514
        0.0739643005
        0.0646976340
        0.0501795687
        0.0557723925
        0.0627699109
        0.0475546527
        0.0416455873
        0.0279937276
        0.0321593985
        0.0284536908
        0.0403510409
        0.0276642507
        0.0227688923
        0.0119513786
        0.0208993225
        0.0292953682
        0.0310465756
        0.0259527726
        0.0240648905
        0.0298721808
        0.0282965388
        0.0430905296
        0.0484920284
        0.0471923460
        0.0433996455
        0.0494063685
        0.0454476352
        0.0593332156
        0.0625561252
        0.0553295387
        0.0620017623
        0.0579425973
        0.0692734233
        0.0715225144
        0.0732582220
        0.0628276007
        0.0640522147
        0.0654185603
        0.0760021705
        0.0776566706
        0.0668300516
        0.0675622653
        0.0680922279
        0.0772057500
        0.0774423238
        0.0772867972
        0.0657907333
        0.0660843968
        0.0655048830
        0.0728963521
        0.0718639153
        0.0717799310
        0.0596896409
        0.0581697634
        0.0653560400
        0.0641034296
        0.0622485951
        0.0513888548
        0.0501200659
        0.0484116414
        0.0543498876
        0.0528367387
        0.0511950760
        0.0000000000
        0.0000000000
