!------------------------------------------------------------!
  Date: 20191120
  Simulation name: CVY4 
  Filename:edge_vel.txt                                                                                                                                          
  Produced in mod-subroutine:  massdist/edgevelocity                                                                                                                                 
  Written by AK September 2019
  Description:Velocity pointing out of curve edge1 depth average summed over time                                                                                   
  Data format:XXX perpvel1 perpvel2 minvel1 minvel2                                                                                                                 
!------------------------------------------------------------!
          3.0000000000          0.0000000000          0.0000000000          0.0000000000          0.0000000000
          6.0000000000         20.5664378486          8.1696833583         -5.5122076071        -20.5664378486
          9.0000000000         18.2385515322          7.2599385090        -13.1950323032        -19.0304153332
         12.0000000000         13.4184860459          6.2476431657        -21.2412350133        -22.6158982308
         15.0000000000         12.7757222398          8.8874308214        -24.9722479765        -21.5304891546
         18.0000000000          9.7780185544          8.0778479019        -24.3421741164        -21.0568182405
         21.0000000000          7.8488288773         11.2645461906        -25.7824691404        -14.8831670514
         24.0000000000          7.1056614663         11.7237903386        -25.9904769785        -14.5776647798
         27.0000000000          6.7206982386         11.9449112376        -24.9567978872        -21.1601474471
         30.0000000000          5.7873153681         13.4129282213        -24.5189969323        -19.3189236376
         33.0000000000          9.4457399012         17.4485575603        -26.5190015263        -18.6953875377
         36.0000000000          7.0161039144         18.8503496365        -22.3663748165        -21.9745697957
         39.0000000000          7.3046005232         17.2033938176        -19.7443043068        -18.8287158072
         42.0000000000          4.2370843522          3.5195127978        -16.7774944744        -18.3238060728
         45.0000000000          1.2378270904          2.7847312966        -17.2662299422        -11.5920730949
         48.0000000000          0.2314557275          3.5991667200        -21.6210280356         -9.9071895478
         51.0000000000          0.1940663375         18.5005313273        -22.0388965262        -11.2237461116
         54.0000000000          0.2213685401         10.7165370830        -20.6791718668        -12.7731676603
         57.0000000000          0.2371404950          8.3268332109        -32.1801991462        -13.1585141348
         60.0000000000          0.2647623993          4.0688458858        -36.0226009509        -13.4053318130
         63.0000000000          5.0170822628          3.4353421906        -19.4283080587        -14.6327735880
         66.0000000000          4.1078669976         17.6867732767        -25.2173987454        -16.4541191957
         69.0000000000          0.3424467825          7.9876643966        -25.9644131790        -15.4423974102
         72.0000000000          0.3665934942         10.1871005795        -26.2766809898        -13.2380263169
         75.0000000000          0.3898466189          8.9101820208        -23.6485715050         -8.4891615904
         78.0000000000          0.4096514483          9.7182457130        -41.5457927188        -10.3163009722
         81.0000000000          1.9437257492          8.4940566039        -26.0725135464         -8.4797521910
         84.0000000000          0.4533333011         21.8376438668        -24.8466199261         -9.1920788208
         87.0000000000          0.4737040502         14.2131414310        -24.1161784658        -13.6000941297
         90.0000000000          0.4927679127         16.3729732723        -38.5258433466        -17.7230910854
         93.0000000000          0.5115870161         22.0849550727        -47.2536109743        -15.2595004119
         96.0000000000          0.9133040108         22.8346242458        -21.3845849023        -14.6063638681
         99.0000000000          0.5458612095         24.1475311478        -30.9312178745        -13.5128061798
        102.0000000000          0.5620276487         28.5923422993        -39.5242227791        -18.5076421475
        105.0000000000          0.5763708289         28.7344301052        -49.8496299895        -17.6222830596
        108.0000000000          2.1646231184         24.3242991500        -21.5308930275        -11.7113315411
        111.0000000000          0.6020992353         21.8160168265        -36.1134226339        -15.0559561880
        114.0000000000          0.6122600452         17.1127773465        -57.9213839837        -15.6741928350
        117.0000000000          7.0643587772         29.2081915405        -20.2224893788        -14.5582637096
        120.0000000000          0.6292492602         24.7537680172        -44.5621547944        -19.2128547179
        123.0000000000          0.6346317330         23.5892371537        -62.9576121868        -16.8198423990
        126.0000000000          2.2927087720         26.5748465230        -15.4396579517        -15.2573477752
        129.0000000000          2.4326855960         22.9846862716        -38.0024705834        -17.3479478495
        132.0000000000         10.1824207533         43.4701840641        -67.2776559158        -13.9649456405
        135.0000000000          8.9954211706         37.8807544402        -32.8901565542        -19.6012589162
        138.0000000000          3.9472679015         29.6388861387        -18.7798275571        -19.9366352478
        141.0000000000          6.3896607295         29.1365361272        -20.4169778436        -22.7256134133
        144.0000000000          7.5946731019         35.7975591178        -23.6871594756        -17.0738054772
        147.0000000000         11.5826028472         35.9150465474        -25.7120517197        -20.3121106634
        150.0000000000          5.5137302329         43.7835915745        -32.8277609523        -21.0680904650
        153.0000000000          6.4953698432         38.5331162881        -31.2878943948        -20.6375751345
        156.0000000000          1.9764094895         32.4313327128        -32.9058798533        -23.5991699204
        159.0000000000          4.6053353758         35.9994867014        -33.7558438235        -23.5072177371
        162.0000000000          1.8300307408         40.9397987276        -33.1006049355        -23.9504184031
        165.0000000000          2.2028208318         53.4920214885        -33.9282780561        -25.2814022038
        168.0000000000          0.4861177253         48.4007398642        -46.3761318088        -28.4547210529
        171.0000000000          0.0000000000         44.7381385542          0.0000000000        -27.8937401381
        174.0000000000          0.0000000000         43.3549038143          0.0000000000        -27.6215147229
        177.0000000000          0.0000000000         42.7230423739          0.0000000000        -27.4166102543
        180.0000000000          0.3600692309         37.9362673345        -36.4801515426        -30.4996900314
        183.0000000000          0.3219929620         51.0646495764        -38.9228746512        -29.6882700685
        186.0000000000          0.2813620276         48.5460915202        -34.3703361461        -21.5749030596
        189.0000000000          1.0330657522         42.4558909858        -36.3354369118        -22.1035740728
        192.0000000000          1.9137553508         41.7231684254        -34.3823121681        -19.4960406171
        195.0000000000          1.5241966590         40.6027534430        -33.6228464668        -20.8266704867
        198.0000000000          0.9992971009         38.9144483708        -34.0402930476        -20.0362883616
        201.0000000000          1.7000639165         43.3493162237        -40.0804547147        -17.9661171104
        204.0000000000          1.6342109165         41.3706806196        -47.1406198210        -17.2285430678
        207.0000000000          2.1658905954         42.2449913421        -37.3989090538        -16.4947242288
        210.0000000000          2.5712692672         43.9663187416        -35.9446773365        -19.4421990817
        213.0000000000          1.7348438450         45.6026203978        -37.0727305580        -22.8712708734
        216.0000000000          0.4585834104         46.8377735643        -41.9535612905        -23.9456261454
        219.0000000000          0.5712498311         47.9419592166        -41.3452742735        -22.2214717602
        222.0000000000          0.7015686642         49.1921011100        -40.0411064935        -16.6469591819
        225.0000000000          0.8540053483         49.7187039259        -34.7803879795        -21.0430868801
        228.0000000000          1.0322243876         48.5724676255        -30.6289229181        -26.5661877854
        231.0000000000          1.2399261778         47.6741386687        -27.1300295534        -28.6188361063
        234.0000000000          1.4875678915         44.1264067996        -31.2109236894        -29.5810589716
        237.0000000000          1.7749289904         41.0471373355        -30.4973530061        -30.0763453599
        240.0000000000          2.1049525234         38.9901004469        -27.2009285318        -29.1031787009
        243.0000000000          2.4872730048         43.5057930608        -21.0514273750        -26.7494546201
        246.0000000000          2.9041702413         47.1502920047        -18.7787637536        -21.1678453260
        249.0000000000          2.8496504293         54.5224526315        -28.5529336292        -19.7726023938
        252.0000000000          3.1872474886         54.3878149979        -27.7370899534        -17.2568184801
        255.0000000000          3.5189099103         54.3482010814        -25.0608153919        -15.3955982663
        258.0000000000          3.8392272088         58.8291955359        -23.9120606583        -13.2006052381
        261.0000000000          4.1270681754         61.8246393532        -22.1546515559        -11.2149204582
        264.0000000000          3.7028369374         62.9403120849        -18.2422836329         -9.4492602233
        267.0000000000          3.8558887040         63.2747816395        -20.8633403867         -9.5755699848
        270.0000000000          3.9455620630         62.2532670417        -17.9159085884         -9.6169305263
        273.0000000000          0.0000000000         59.7075279390          0.0000000000         -7.7374740383
        276.0000000000          0.0000000000         57.9409278145          0.0000000000         -9.0027972459
        279.0000000000          0.0000000000         56.4838970221          0.0000000000        -10.3060681732
        282.0000000000          3.3118036126         55.7243301488        -13.8005009769        -10.5662745086
        285.0000000000          3.2136210015         54.1095552366        -13.0174871296         -8.5241325447
        288.0000000000          3.6358918036         57.6526451466        -13.1995237125         -6.9386207429
        291.0000000000          2.8235218447         64.1051088136        -13.6776844182         -6.2309217923
        294.0000000000          2.7517398074         65.5680694662        -14.5692352873         -8.0947695781
        297.0000000000          2.5609578715         68.1988146339        -11.7552668883        -10.5547233422
        300.0000000000          2.5090935773         69.7083074554        -12.1271796114        -20.7230987854
        303.0000000000          2.3854581576         69.6851433787         -9.5888974571        -11.8243510333
        306.0000000000          2.3491144429         68.3643473859        -10.2660700394        -11.2339749868
        309.0000000000          2.2748875541         69.9032889442         -9.6256123338        -14.1272073104
        312.0000000000          2.2648815601         67.8341460734        -10.1312950423        -13.8737934366
        315.0000000000          4.5130722060         68.5295616714        -19.4219967988        -14.5431268469
        318.0000000000          4.5360240989         69.4791559632        -20.7500469471        -11.9516037660
        321.0000000000          2.4097722198         75.8728902410         -9.1660713296         -9.5281210540
        324.0000000000          2.5005548122         75.7886140136        -11.1608418769         -9.5870032497
        327.0000000000          3.0404526981         77.6686081985        -11.1465007885         -7.5984800325
        330.0000000000          3.5346003787         78.4421886033        -11.5500993281         -3.6425839476
        333.0000000000          4.3793539563         74.9827405171        -13.6290446628        -46.2365460415
        336.0000000000          6.2095614815         79.6568157098        -13.8021616734        -27.3009664664
        339.0000000000          7.8455280368         89.5795024756        -14.2083902721        -14.7859559385
        342.0000000000          8.4189293479         89.0397097795        -16.5596143695        -15.0501487677
        345.0000000000          8.6486962244         90.7147981746        -16.3697640549        -17.7914948404
        348.0000000000          8.9944276878         89.9014874127        -16.5551609380        -15.2272977641
        351.0000000000         10.0712936215         89.9113887983        -18.2216521557        -61.5497761214
        354.0000000000         11.3565996269         90.0326177043        -17.4891225733        -51.7888407584
        357.0000000000          9.8614369968         86.5845242305        -17.3971688158        -45.2771287919
        360.0000000000          9.3303103714         82.3507230418        -17.2769000800        -37.5137428873
        363.0000000000          8.9257526750         76.9147892723        -20.1576807788        -26.1547212459
        366.0000000000          7.9277363906         80.3446194508        -19.9948756927        -66.0520174360
        369.0000000000          5.4606971928         91.7132265008        -19.2085358606        -64.6807112332
        372.0000000000          3.7341156512         97.2131755450        -18.7896821289        -56.6625878623
        375.0000000000          3.3265223444         98.5729665199        -20.0002084437        -45.7430023194
        378.0000000000          4.9271042376        102.3832142686        -18.9576957450        -34.6737617236
        381.0000000000          6.8331140926        108.3175880971        -17.6689603390        -31.5805448375
        384.0000000000          8.9598481142        114.4992812992        -15.4036641766        -84.0052160706
        387.0000000000         11.6478893333        113.7629214385        -15.3068078907        -83.2501376474
        390.0000000000         14.2377318407        110.8295061677        -14.2002396258        -74.8769971208
        393.0000000000         15.6550531955        104.3439294289        -13.3195602830        -62.2254226505
        396.0000000000         16.6194041164        101.4004040246        -10.0209273696        -50.5506075035
        399.0000000000         21.9461207137         97.3694351266        -14.1444123685        -79.8549912108
        402.0000000000         26.8990461606         96.5730754883        -13.1860778685        -83.4683577313
        405.0000000000         32.2771722372         91.7654655424         -4.7363519388        -79.1028317990
        408.0000000000         36.8032229583         88.8925398194         -2.7822358016        -62.8423684336
        411.0000000000         44.7737590129         84.3603585627         -3.1820559764        -44.1533741123
        414.0000000000         49.6287069199         81.7394977997         -2.6581150300        -29.0173198928
        417.0000000000         49.6320033729         78.8055203858         -5.8883874407        -74.1472612906
        420.0000000000         47.4396823763         71.5135584665         -7.2713129333        -74.5616788348
        423.0000000000         42.4366149743         67.2444577260         -3.6303055839        -71.3715449034
        426.0000000000         41.5891296125         67.6961721142         -2.3458400813        -64.2283079125
        429.0000000000         33.7961862162         68.2519101611         -3.4553591017        -57.3413629755
        432.0000000000         30.3937367296         77.4231096360         -4.0909201949        -70.0754343086
        435.0000000000         29.9126963373         83.7015018331         -8.4537932855        -70.2480996836
        438.0000000000         28.5293703435         79.2014418871        -13.0539364898        -59.2641814115
        441.0000000000         26.9375184989         72.5706602517        -11.1522669012        -41.2347653350
        444.0000000000         25.5484613635         68.7373359826         -6.0994810880        -23.4057675759
        447.0000000000         24.7174462569         66.8425239724         -3.8084659700        -14.0758463926
        450.0000000000         24.8739182347         65.5356015368         -3.5547366083        -72.4557038333
        453.0000000000         23.5610035143         61.1884404240         -3.1515702473        -66.8923704177
        456.0000000000         22.1220599858         59.6541108905         -3.1627371062        -58.8731286392
        459.0000000000         23.0289957600         60.3465787843         -1.9517723053        -48.4584275017
        462.0000000000         21.3810518049         60.3075389412         -2.8844472569        -35.0402856918
        465.0000000000         15.3121864543         64.1360943851         -7.0960125042        -75.4681783653
        468.0000000000          9.7140236015         61.2001014948         -9.8741381878        -73.6117500466
        471.0000000000          7.7185974802         52.6487788702        -10.8278385924        -65.9280229646
        474.0000000000          7.9187269758         45.8234006891         -8.9881870472        -57.0635307769
        477.0000000000         13.3004688333         41.3948904115         -6.3517414990        -44.8815755858
        480.0000000000         17.4893307212         37.8953767141         -2.8290991621        -39.5046034622
        483.0000000000         15.8779537109         34.7579751969         -1.9716187780        -66.2798275896
        486.0000000000         14.2619360290         32.9171903552         -2.6562951648        -62.4061257729
        489.0000000000         15.8600998254         27.8402914051         -4.1543239844        -56.9187704120
        492.0000000000         17.4784384414         24.8618450071         -3.8983189579        -49.7585104252
        495.0000000000         19.9078593749         26.6055516218         -2.0271878829        -38.2496135188
        498.0000000000         20.5979532841         34.1933615608         -2.0411780766        -22.7288702319
        501.0000000000         21.9406818423         39.9270721597         -2.0551479330        -66.8288834902
        504.0000000000         22.1350883137         41.6989740720         -2.0690824316        -56.6427361747
        507.0000000000         23.9925476516         42.8718225772         -2.0650456404        -43.6495668703
        510.0000000000         25.2907613330         43.5312312896         -2.0788997804        -28.2736106584
        513.0000000000         20.1515210905         39.4909006347         -2.0926862043        -15.2517731812
        516.0000000000         12.3683042476         39.0845036913         -2.1063767710        -65.6343923406
        519.0000000000         12.4697649772          0.0000000000         -2.1199430403          0.0000000000
        522.0000000000         11.3786422296         32.2755990399         -2.9639851748        -47.7812588525
        525.0000000000          9.1013565407         31.3602223155         -6.3758317966        -40.5841182401
        528.0000000000          9.0642010670         31.3454992732         -7.1913831182        -31.9227172203
        531.0000000000          9.4032038237         28.9432974243         -6.5485809431        -23.5325814346
        534.0000000000          9.7787911136         23.4601304585         -6.4856961873        -55.6876092975
        537.0000000000         11.4133276191         17.4208147969         -7.3883759609        -45.5735701772
        540.0000000000         10.1870508878         15.0662374602         -7.8184033227        -33.9440191232
        543.0000000000         10.1611502814         34.5482925380         -9.3913246933        -61.2158679496
        546.0000000000          9.0829120538         22.8650712740         -9.7126764357        -31.6265831488
        549.0000000000         11.9100140081         26.5122051846        -10.1361639316        -48.8469141729
        552.0000000000         13.2812564786         28.9024557111         -8.5666155668        -39.8840949812
        555.0000000000         15.7728872850         36.2384808984        -10.1203525917        -35.7862773866
        558.0000000000         14.5283581349         39.1492602594        -10.1474808669        -40.4672600594
        561.0000000000         13.6513932615         35.9368927400         -7.6408018940        -36.6683247801
        564.0000000000         13.3701972476         24.3179664536         -5.0862876424        -35.3462287906
        567.0000000000         14.3953868336         14.8425474353         -2.5821660569        -45.7239333926
        570.0000000000         17.0567360729         14.8006296730         -2.2307838043        -37.9381902870
        573.0000000000         17.2150786982         15.8903007855         -2.4696053746        -32.5258569973
        576.0000000000         16.8297076954         24.1837125733         -2.5452579853        -28.4722255194
        579.0000000000         19.5110708719         19.1818176986         -2.2385659677        -19.2517600622
        582.0000000000         21.7878592731          6.4155356918         -2.2459954289        -40.7831750978
        585.0000000000         21.7239801756          0.6594753882         -2.2355374657        -35.2021179171
        588.0000000000         20.5786097169          0.6450104030         -3.1900566137        -32.2908407050
        591.0000000000         19.7574326791          0.6107550207         -3.6253480098        -26.7624227062
        594.0000000000         18.1192131295          7.3724703336         -4.0549127450        -26.4726174399
        597.0000000000         17.5568568541         10.6599544899         -2.2230144624        -26.9669322044
        600.0000000000         18.3729414303         10.2638131991         -5.9750503462        -32.0727644588
        603.0000000000         18.6831520193          9.8613804106         -5.4225665637        -29.1220455910
        606.0000000000         19.4648160119          8.6863550222         -6.1324588841        -28.0760492849
        609.0000000000         19.4674469443          9.2131270414         -4.3388856492        -24.0645845908
        612.0000000000         17.9652852329          9.9656576406         -5.4951787899        -22.1572914599
        615.0000000000         15.3793014009          9.9177103259         -2.9652866198        -27.8163838109
        618.0000000000         12.7099188104          8.6978462379         -2.1688270523        -24.8801577746
        621.0000000000         15.9863189333          6.8564626940         -5.0289062075        -23.6598871800
        624.0000000000         19.4557366859          4.7902376857         -4.2360129584        -19.5283701783
        627.0000000000         21.4342211656          4.6525582520         -2.1307603473        -18.5997739577
        630.0000000000         23.0905512071          7.3289353364         -3.1886582357        -22.8500890534
        633.0000000000         21.4354373107          7.1342095720         -3.3716386920        -26.9057450792
        636.0000000000         19.4876510885         10.3607116971         -2.0866862837        -22.7138720300
        639.0000000000         21.6129793932          4.6666414222         -5.2767628782        -21.2025235265
        642.0000000000         21.8063073404          3.1569010257         -4.8788488288        -18.2613936091
        645.0000000000         22.3882591763          3.4990447294         -3.1688216226        -16.2889951337
        648.0000000000         22.7997392120          3.0340758741         -2.0136490909        -15.6128428268
        651.0000000000         23.9580873957          3.4386287695         -7.0044377704        -21.2571987422
        654.0000000000         28.5112982207          3.2843531263         -6.6142637803        -19.4642503231
        657.0000000000         32.0590517372          1.6463406254         -4.3167066555        -19.5447612476
        660.0000000000         33.8902308451          0.7730211986         -1.9329018840        -19.2999556745
        663.0000000000         32.7075094099          0.8914266846         -1.9076381365        -21.7119311640
        666.0000000000         31.5300256247          1.4293036477         -7.1477590225        -26.7830181522
        669.0000000000         31.0440596209          1.1634023884         -4.1849625403        -31.6940270727
        672.0000000000         32.8356264376          0.2468821438         -1.9120321182        -34.3917713428
        675.0000000000         31.4889465052          4.0012850328         -1.8053499844        -33.8863883323
        678.0000000000         31.7537137191          2.1904370260         -1.7798655874        -31.2374392100
        681.0000000000         30.5161664682          0.7996667606         -1.7545858289        -28.0546852800
        684.0000000000         28.7370504124          0.2795367731        -10.3870978393        -26.0731351018
        687.0000000000         28.7251564805          1.9681423303         -4.2678367836        -26.1478472752
        690.0000000000         29.1001851041          4.0596594665         -1.6808422650        -26.6216091355
        693.0000000000         28.1600087944          6.3975731458         -1.6572333074        -25.9657688145
        696.0000000000         26.6744293513          8.8512357134         -1.6342404429        -25.6232182104
        699.0000000000         23.8745344120         15.2133151570         -1.5954170238        -22.8743833224
        702.0000000000         24.5949529765         13.4797823381         -1.5741023854        -19.0727121433
        705.0000000000         24.1101953371          8.0953185372         -1.5536517117        -19.3532941082
        708.0000000000         24.0835435336          4.3347705598         -1.5341343720        -20.1971723149
        711.0000000000         25.1938238642          2.1035777769         -1.5156100346        -20.9794949583
        714.0000000000         21.9874126518          0.4752586340         -1.4817851740        -22.5902804206
        717.0000000000         23.4068279119          9.0514931461         -1.4656733197        -24.0250907576
        720.0000000000         25.1367420410         10.6965990919         -1.4507108508        -23.5734024555
        723.0000000000         23.2753131388          9.7084711028         -1.4205072579        -19.1664542298
        726.0000000000         24.1795353811          9.5812595869         -1.4082568575        -18.6388598094
        729.0000000000         26.0732189298          9.2368105403         -1.3972561442        -17.4704298640
        732.0000000000         18.1447394453          9.4059338745         -1.3710987307         -6.2453028548
        735.0000000000         23.8947832814          8.3252534598         -1.3629919977         -4.8354160169
        738.0000000000         26.8992272534          8.0137641057         -1.3561942000         -3.6001367108
        741.0000000000         21.2061540614          4.2979612129         -1.3344225728         -2.3140254996
        744.0000000000         24.4917464100          3.5200875115         -1.3305912045         -1.5718415969
        747.0000000000         18.6226636827          2.1204120206        -14.0737209897         -1.0126104253
        750.0000000000         20.5125866425          3.8281490868         -1.3106302504         -0.5929868323
        753.0000000000         18.0270215696          2.6969169564         -9.4139406297         -0.6034595076
        756.0000000000         19.5899111213          1.9134037971         -1.2962993828         -0.5602598432
        759.0000000000         16.7463143700          1.1066815645         -8.0080467223         -0.5969756973
        762.0000000000         17.0772955494          0.8962230870         -1.2874286190         -0.5756474844
        765.0000000000         15.9361721097          2.4236949408         -6.3817985310         -0.6139395752
        768.0000000000         16.8743855510          1.7704694760         -1.2838317244         -0.6040126540
        771.0000000000         14.5632636585          0.8947714607         -5.3090515543         -0.6431998029
        774.0000000000         15.7738609703          0.5400007701         -1.2852226741         -0.6402332123
        777.0000000000         13.2229448261          0.6048940105         -4.9256892548         -0.7124336092
        780.0000000000         11.8012740826          0.6805922243         -1.2737350872         -1.0390098952
        783.0000000000         12.6222026961          2.0569088762         -3.4003532851         -0.9546190498
        786.0000000000         11.4616587299          1.1490690070         -4.3504767763         -1.2598333148
        789.0000000000         10.0323168102          0.9130015906         -1.2818552178         -1.4043030200
        792.0000000000         10.7661127778          0.6921478187         -3.1141651671         -1.2344243023
        795.0000000000          9.9787231099          0.8802919349         -4.1799667934         -1.3633288699
        798.0000000000          9.0926957404          0.8819645369         -1.2984907603         -1.7294919543
        801.0000000000          9.7919137505          1.5860341532         -2.6996841501         -1.5130711617
        804.0000000000          8.8360491704          0.8405355064         -3.3117517831         -1.8408916513
        807.0000000000          7.7039359454          2.2585890050         -1.3226444901         -3.9153792450
        810.0000000000          7.0835449966          1.7248450293         -1.3257879645         -2.3482705912
        813.0000000000          7.9965753634          1.0785231690         -3.3099392906         -2.2673313638
        816.0000000000          7.2086880386          1.2959998691         -3.0082383709         -2.7554995431
        819.0000000000          6.3044571096          1.5010358189         -1.3582645996         -2.8088430333
        822.0000000000          5.8097480741          1.7505779324         -1.3637421882         -2.0366806605
        825.0000000000          6.3714761805          1.2314475192         -2.2194760882         -2.0178208076
        828.0000000000          6.0056038277          1.5353584918         -2.7477380211         -2.5583819285
        831.0000000000          5.5000398085          0.0000000000         -1.4028271980          0.0000000000
        834.0000000000          4.8752052748          1.2019179459         -1.4101014435         -2.6175985670
        837.0000000000          4.5560317703          1.3708769035         -1.4177076591         -2.7492754125
        840.0000000000          4.3434119162          1.2068620527         -1.4256055897         -2.3060124602
        843.0000000000          4.1314549145          1.5205793789         -1.4337793069         -2.1588945057
        846.0000000000          4.9645948187          1.2419748609         -2.5063787236         -1.7698551471
        849.0000000000          4.4043469216          1.2043135225         -2.0735841285         -2.2583031776
        852.0000000000          3.7810368209          1.2109938685         -1.4803710284         -2.5911238144
        855.0000000000          3.4926262877          1.3641483437         -1.4895560760         -2.3312588595
        858.0000000000          3.2869931567          1.2570900069         -1.4988049867         -2.0802936912
        861.0000000000          3.1175690640          1.5801697310         -1.5080239567         -2.5077801677
        864.0000000000          2.9412120750          1.7689002426         -1.5172042053         -3.1650471096
        867.0000000000          2.7736246990          1.6758046747         -1.5263561231         -3.3632384985
        870.0000000000          2.6413763950          1.5068923377         -1.5354882105         -3.0286376458
        873.0000000000          2.5155596699          1.7167447648         -1.5445592028         -2.4670386459
        876.0000000000          2.9367397451          1.2968626763         -1.5736126401         -1.9613176862
        879.0000000000          2.9277802683          1.3559663041         -2.0548667968         -1.8750637049
        882.0000000000          2.3188937998          1.2218076300         -1.5906725862         -2.3934528382
        885.0000000000          2.1230254149          1.2857085317         -1.5987697282         -2.5884348086
        888.0000000000          2.0223958861          1.2257912281         -1.6064884971         -2.1443322984
        891.0000000000          2.0537923068          1.5812914986         -1.6137744352         -1.9637002361
        894.0000000000          1.8054494772          1.8531534782         -1.6206103771         -2.6911556363
        897.0000000000          1.7630273297          1.8712787035         -1.6269349343         -3.2919400811
        900.0000000000          1.7533707847          1.7555767799         -1.6326884752         -3.3959489635
        903.0000000000          1.7538164658          1.5079357908         -1.6377840177         -3.0652084229
        906.0000000000          1.7893866688          1.7454809700         -1.6422208375         -2.5275886656
        909.0000000000          1.7547003154          1.9278801129         -1.6459079637         -2.4454034870
        912.0000000000          1.7540970750          1.9427823613         -1.6487864891         -3.0015781871
        915.0000000000          1.7526635633          1.8102513866         -1.6508394736         -3.3043070092
        918.0000000000          1.7503293774          1.5248024706         -1.6519816974         -3.0898640866
        921.0000000000          1.7471484842          1.7958754166         -1.6521395428         -2.5736014789
        924.0000000000          1.7429521654          2.0139334387         -1.6513028851         -2.4451581939
        927.0000000000          1.7540389685          1.5131637884         -1.6658682580         -1.8095788720
        930.0000000000          1.7474769115          1.5408868332         -1.7987060389         -2.3454543075
        933.0000000000          1.7398083881          1.5202950686         -1.6578439354         -2.8896875792
        936.0000000000          1.7309928322          1.5542549692         -1.6520550118         -2.7545536496
        939.0000000000          1.7209681248          1.5872664063         -1.6449877263         -2.1891308558
        942.0000000000          1.7097590999          1.7542664952         -1.6366418672         -1.9978518106
        945.0000000000          1.6972464757          2.0521241604         -1.6269387853         -2.8974487371
        948.0000000000          1.6834861137          2.0744926907         -1.6159000115         -3.6125808989
        951.0000000000          1.6683951828          1.9536032269         -1.6034496407         -3.6625236187
        954.0000000000          1.6519571926          1.7373819367         -1.5895719096         -3.4046988822
        957.0000000000          1.6461814031          1.7503188893         -1.9625386611         -2.4324502534
        960.0000000000          1.6264434835          1.7759448260         -1.5691514850         -2.1196964856
        963.0000000000          1.6052823018          1.8004334508         -1.5503209229         -2.4498834894
        966.0000000000          1.5826635824          1.8238986283         -1.5299478038         -2.8622865979
        969.0000000000          1.5586114162          1.8464057335         -1.5081107153         -2.3057138015
        972.0000000000          1.5331182257          1.8678058167         -1.4847863124         -2.2160810489
        975.0000000000          1.5062591754          2.1343266076         -1.4599567732         -2.3822312985
        978.0000000000          1.4861085392          1.8913022466         -1.6865067942         -1.9503576531
        981.0000000000          1.4557007569          1.9092744628         -1.4133961749         -2.7922460005
        984.0000000000          1.4238749619          1.9261857365         -1.6172502639         -3.4123407488
        987.0000000000          1.3906912556          1.9420820453         -1.3521264086         -3.1774940485
        990.0000000000          1.3619142569          1.9394963061         -2.3897427178         -2.1883592336
        993.0000000000          1.3254700630          1.9531591258         -1.8247152520         -1.9981611144
        996.0000000000          1.2876513269          1.9657176238         -1.2540758774         -2.4182269411
        999.0000000000          1.2485913226          1.9772136188         -1.7357503728         -2.9875098670
       1002.0000000000          1.2112915838          1.9690183817         -2.9268748277         -2.1165162000
       1005.0000000000          1.1690949562          1.9783812505         -2.2775583379         -2.0153141626
       1008.0000000000          1.1454299269          1.9867316098         -1.2777964198         -2.1599106639
       1011.0000000000          1.0823612283          1.9743684292         -2.2581424556         -2.0073164409
       1014.0000000000          1.0362054760          1.9805327448         -2.5787000606         -2.2585826794
       1017.0000000000          1.1340276259          1.9857068128         -1.8955958911         -2.5529038269
       1020.0000000000          0.9399840385          1.9692264942         -3.0845523683         -2.0981355466
       1023.0000000000          0.8905049966          1.9722420844         -2.5244295746         -1.9977904936
       1026.0000000000          1.3775098708          1.9743026765         -1.4880333045         -2.0391694868
       1029.0000000000          0.7859849828          1.9538631260         -2.2268745458         -1.9759011124
       1032.0000000000          1.4725746622          1.9538679987         -4.1596538036         -2.1402559645
       1035.0000000000          1.3574506734          1.9307258899         -5.4150190547         -1.9494319814
       1038.0000000000          0.6286443480          1.9287407167         -1.6286296468         -1.9458764790
       1041.0000000000          1.3098358222          1.9029926945         -2.1174973441         -1.9186094523
       1044.0000000000          0.5144163985          1.8991435430         -1.6295210160         -1.9133578297
       1047.0000000000          1.1980613557          1.8709455318         -1.7954540749         -1.8838470250
       1050.0000000000          0.3968041170          1.8653714801         -1.8285756421         -1.8769919299
       1053.0000000000          1.2638392881          1.8349389143         -2.5478444485         -1.8453719458
       1056.0000000000          0.2767566724          1.8278331618         -2.1320494306         -1.8370726097
       1059.0000000000          1.3443421643          1.7953740064         -2.3810697270         -1.8035506790
       1062.0000000000          0.1604928998          1.7869260799         -1.5968981438         -1.7940238236
       1065.0000000000          1.2587243139          1.7527246600         -2.6064736352         -1.7588950424
       1068.0000000000          0.0195180704          1.7174901874         -3.6564988230         -1.7228125182
       1071.0000000000          0.0000000000          1.7075578546          0.0000000000         -1.7119916160
       1074.0000000000          0.0000000000          1.6711021200          0.0000000000         -1.6748162500
       1077.0000000000          0.0000000000          1.6339155430          0.0000000000         -1.6369698793
       1080.0000000000          0.2488719597          1.6232478113         -3.9901626454         -1.6255645205
       1083.0000000000          0.3165402278          1.5854197083         -5.4244059018         -1.5872003356
       1086.0000000000          0.3836969590          1.5472068081         -5.3985480571         -1.5485129547
       1089.0000000000          0.4337745577          1.5367441251         -4.8364549030         -1.5374830317
       1092.0000000000          0.4991847085          1.4986260490         -5.2146766469         -1.4990099486
       1095.0000000000          0.5635218469          1.4605119591         -5.3533637142         -1.4605853342
       1098.0000000000          0.6265852602          1.4225370246         -4.4588309765         -1.4225370246
       1101.0000000000          0.6881784466          1.3848434696         -5.0206005514         -1.3848434696
       1104.0000000000          0.7301239435          1.3771031500         -5.6560425246         -1.3771031500
       1107.0000000000          0.7881437193          1.3408407127         -5.9487162442         -1.3408407127
       1110.0000000000          0.8441450190          1.3052868321         -5.9289095007         -1.3052868321
       1113.0000000000          0.8979388918          1.2705880364         -4.8038516581         -1.2705880364
       1116.0000000000          0.9493538927          1.2368922458         -5.2900907223         -1.2368922458
       1119.0000000000          0.9982562053          1.2043418457         -5.1227037365         -1.2043418457
       1122.0000000000          1.0444700579          1.1730775004         -5.2379563428         -1.1730775004
       1125.0000000000          1.0878284377          1.1432331732         -5.2917061008         -1.1432331732
       1128.0000000000          1.1281939916          1.1149374112         -5.2129802457         -1.1149374112
       1131.0000000000          1.1654579114          1.0883132993         -4.9874417734         -1.0883132993
       1134.0000000000          1.1995249844          1.0634578750         -5.6804315965         -1.0634578750
       1137.0000000000          1.2303003057          1.0404847519         -5.4292045638         -1.0404847519
       1140.0000000000          1.2577097042          1.0194961284         -5.3996754389         -1.0194961284
       1143.0000000000          1.2816919938          1.0005648208         -5.3292482661         -1.0005648208
       1146.0000000000          1.3021953358          0.9837609948         -5.1258866193         -0.9837609948
       1149.0000000000          1.3365063463          0.9356753775         -4.1195152706         -0.9359893330
       1152.0000000000          1.3498535714          0.9232575713         -3.9477143532         -0.9237575390
       1155.0000000000          1.3596739559          0.9131670006         -4.2976300863         -0.9138594738
       1158.0000000000          1.3659777861          0.9054243590         -5.3183001440         -0.9063196319
       1161.0000000000          1.3687844395          0.9000411603         -5.5038374066         -0.9011475114
       1164.0000000000          1.3837182262          0.8626746607         -3.7075177570         -0.8641188536
       1167.0000000000          1.3795611250          0.8621181847         -4.3531882067         -0.8637684887
       1170.0000000000          1.3720728678          0.8639577044         -4.4220809320         -0.8658153973
       1173.0000000000          0.0000000000          0.8332941592          0.0000000000         -0.8354624916
       1176.0000000000          0.0000000000          0.8399801545          0.0000000000         -0.8423479774
       1179.0000000000          0.0000000000          0.8489819005          0.0000000000         -0.8515456064
       1182.0000000000          1.3241841056          0.8251151369         -5.9741820513         -0.8279610695
       1185.0000000000          1.3012150743          0.8388142524         -5.8434458215         -0.8418473617
       1188.0000000000          1.2754763499          0.8546917716         -6.4304639260         -0.8579039504
       1191.0000000000          1.2595799309          0.8375081805         -5.5174413676         -0.8409527788
       1194.0000000000          1.2286139746          0.8577807945         -5.7951525068         -0.8613752662
       1197.0000000000          1.2065133445          0.8447133029         -4.3519079143         -0.8484973875
       1200.0000000000          1.1708293483          0.8690444008         -6.2011722686         -0.8729287243
       1203.0000000000          1.1433081550          0.8596039729         -3.8971677639         -0.8637775753
       1206.0000000000          1.1120126847          0.8812200610         -3.8779231155         -0.8870061644
       1209.0000000000          2.9136714295          0.8457092720         -1.1137747021         -0.8398469148
       1212.0000000000          0.0000000000          0.0000000000          0.0000000000          0.0000000000
