!------------------------------------------------------------!
  Date: 20191205
  Simulation name: CVY7 
  Filename:sideplume.txt                                                                                                                                         
  Produced in mod-subroutine:  massdist/trnsectsfromchannel                                                                                                                          
  Written by AK September 2019
  Description:Time averaged amount of buoyant material from 1 to zmax                                                                                               
  Data format:buoyant                                                                                                                                               
!------------------------------------------------------------!
        0.0000000000
        0.0000000000
        0.0000000000
        0.0000000000
        0.0000000000
        0.0000000000
        0.0000000000
        0.0000000000
        0.0000000000
        0.0000000000
        0.0000000000
        0.0000000000
        0.0000000000
        0.0000000000
        0.1026068349
        1.9625041108
        7.5502327613
        7.7654172887
       14.1125186060
       16.5487155841
       19.8814303674
       23.2447914325
       26.3027050385
       26.9816907019
       30.3073658192
       32.9125792805
       36.0376048094
       39.3210519871
       37.4628227177
       37.4665668775
       48.3736124826
       51.9724560820
       61.0589030310
       64.1268621568
       71.0765992278
       75.9856733638
       79.7604498211
       81.4989072027
       86.9513948318
       89.1670248437
       95.7323385844
      100.3807531716
       95.5459859845
       95.6626743634
       95.0271771482
       98.4525344009
       98.5245461147
      100.9036207261
      109.1483738967
      141.7021133817
      183.7795547059
      211.6042217054
      249.5109940243
      303.3995983568
      319.1811835470
      326.5443649561
      338.2719003700
      356.8308118643
      366.1168427356
      372.2681091760
      369.0614902715
      364.9898638509
      347.9495179414
      342.3705498995
      334.9405157168
      343.8394973361
      353.5932183289
      369.0972415195
      379.1583219445
      420.8221176014
      432.5630649488
      469.5509216662
      501.4087068303
      542.0414841910
      554.5165143817
      595.3262199604
      642.7582297501
      709.1991206868
      787.6100326722
      859.2590669388
      920.7560157146
      980.6253358310
     1002.3728832267
     1008.7017652219
     1022.1345188911
     1035.2757800398
     1026.2330558989
     1039.4265798538
     1019.8639458603
     1009.7073588456
     1016.7684891847
     1001.4927978545
     1005.5348122332
     1020.6861026240
     1034.8606037995
     1034.7250199375
      995.8162464448
      966.3342856007
      972.7677218151
      939.3033165983
      909.3785828394
      888.3118237872
      858.8150573077
      850.0643547586
      862.2817102796
      915.3287008993
      937.7300609100
      962.3721304374
     1001.5218341021
     1022.6219795087
     1100.7100801808
     1179.7315976327
     1221.6748967236
     1272.1928518062
     1264.7868170087
     1218.2709517759
     1180.2909346167
     1156.6663584525
     1126.4096886093
     1073.9453632889
     1051.4955656499
     1083.0577090771
     1112.5078194130
     1164.7208323113
     1189.8922285918
     1157.9066724920
     1108.4086762788
     1100.2451013884
     1076.1896467237
     1122.5190808897
     1144.5008304444
     1181.8045956163
     1241.7366124056
     1315.2301779843
     1360.7162792473
     1415.9282380059
     1451.1011182584
     1486.6530012640
     1499.6781916179
     1464.0065104713
     1399.3357083555
     1375.5244312560
     1369.1065296460
     1329.0362691389
     1344.8419803293
     1410.4347567777
     1452.1800056195
     1495.5301125978
     1586.4880753180
     1672.4731526994
     1753.8495027266
     1807.3672432340
     1874.1372579096
     1872.6828361580
     1835.7378920030
     1814.9493119269
     1830.0646827803
     1849.7477240059
     1833.4638816611
     1786.9483932710
     1748.3194911364
     1756.6025164886
     1776.4612456973
     1775.6366367621
     1806.4958345347
     1814.9317843756
     1828.4183312473
     1909.4503932358
     1993.4688057799
     2078.5400873814
     2045.5185048982
     2014.0535925203
     2065.7523107986
     2122.4754489763
     2165.2667642311
     2171.1829771364
     2210.6371888206
     2209.7387533517
     2235.1936704707
     2321.4716619666
     2320.1286501740
     2317.3874979764
     2315.7043592631
     2291.3865730808
     2295.4100122617
     2353.7159388637
     2395.8489846415
     2401.8282102159
     2397.4885433195
     2470.0375322222
     2545.9216542907
     2592.8276179722
     2680.4608495917
     2784.6293940923
     2859.8461122214
     2855.0296821019
     2865.8435753056
     2924.4010396845
     2997.2778646886
     3029.8993476981
     3009.9078239784
     3023.9750710284
     3022.0483215082
     3057.7539533166
     3101.9011234353
     3138.9206444832
     3229.6047281738
     3287.5481136738
     3316.6013521891
     3331.4057797874
     3361.0514094836
     3437.2973777151
     3505.3256780010
     3501.0577915357
     3534.8631743672
     3508.3397888080
     3434.3532359323
     3383.6343472145
     3371.4500392749
     3359.6132988261
     3414.0846277855
     3424.5326486794
     3396.3484912266
     3358.2497517539
     3366.2431491798
     3377.5719200500
     3332.2954641368
     3310.6508849634
     3264.0320973418
     3214.7608350229
     3104.6072457384
     3016.7152631353
     2902.7223580864
     2834.2064118795
     2862.6150431611
     2850.8287507029
     2802.2803584055
     2741.0003077715
     2663.5942430188
     2468.4904899082
     2269.5330780909
     2057.7445239579
     1881.7284620234
     1684.8746397817
     1503.1383588731
     1343.8822289135
     1234.1016307850
     1127.1580261241
     1024.6900753839
      912.0174107041
      829.0632760172
      783.3008655916
      708.1423903549
      674.0585006342
      651.5374059047
      602.4655366313
      576.6513362883
      568.1751536439
      539.4687564993
      492.4786503808
      459.5784160960
      426.0146282597
      396.9784992771
      387.5782778089
      374.4106728273
      374.9746962950
      362.1763213221
      335.0235146595
      327.3656229921
      301.3542613893
      280.7738846454
      256.0139775915
      231.1970869474
      222.9270582616
      219.1229544909
      236.9870773624
      240.2662030014
      230.4546251103
      211.6940026528
      198.4313140614
      179.0956314521
      172.3082075127
      180.2227572117
      194.7124846996
      198.6798590941
      197.4278979210
      194.4480276326
      198.3994679339
      210.1045770794
      222.0598349292
      215.7487665044
      212.9435152362
      212.0601154632
      197.7941408316
      181.1617112023
      246.6550797578
      319.0058834656
      315.4673703897
      360.3772452229
      334.0351015536
      247.7162245906
       81.1825520289
