!------------------------------------------------------------!
  Date: 20191112
  Simulation name: CVY7 
  Filename:massinchannel.txt                                                                                                                                     
  Produced in mod-subroutine:  massdist/massinchannel                                                                                                                                
  Written by AK September 2019
  Description:Calculate mass distribution in different parts of the channel                                                                                         
  Data format: t Total Mass (m^3) Elutriated % Med Dense InChannel WidthChannel 0ScaleH ScaleH buoyant current                                                      
!------------------------------------------------------------!
   1       2508480.0000000000             0.0000000000             0.0000000000             0.0000000000             1.0000000000             1.0000000000             1.0000000000             1.0000000000             0.0000000000             0.0000000000             0.0000000000
   2      42638750.8049682900       1521728.3588053691             0.0000044461             0.0119588647             0.9880401754             0.9633657372             0.9982744597             1.0000000000             0.0000000000             0.0000389913             0.0356498675
   3      82544016.1833086610       4631040.2678305889             0.0000057280             0.0205668951             0.9794313417             0.9397677690             0.9947529840             1.0000000000             0.0000000000             0.0003945029             0.0557093855
   4     119851017.8344009817       6223636.3703801092             0.0000098301             0.0294558684             0.9705416595             0.9394315645             0.9878947301             1.0000000000             0.0000000000             0.0007366679             0.0511914382
   5     119819487.9659746885        423766.4636587537             0.0000206149             0.0513081244             0.9486873604             0.9669675596             0.9398733150             1.0000000000             0.0000000000             0.0009867492             0.0025499582
   6     119780295.0895731598       3064616.7874274161             0.0000359406             0.0818584052             0.9181343167             0.8789907753             0.8058530505             1.0000000000             0.0000000000             0.0014074112             0.0241779055
   7     119763737.3343246430       6013879.6015595673             0.0000602635             0.1186415652             0.8813465534             0.8308907816             0.7630644720             1.0000000000             0.0000000000             0.0023359636             0.0478785649
   8     119761663.2616429478       5395888.3109196946             0.0000963877             0.1566508612             0.8433308776             0.8606513252             0.7840629032             1.0000000000             0.0000000000             0.0032799031             0.0417753187
