!------------------------------------------------------------!
  Date: 20191115
  Simulation name: CWX4 
  Filename:massinchannel.txt                                                                                                                                     
  Produced in mod-subroutine:  massdist/massinchannel                                                                                                                                
  Written by AK September 2019
  Description:Calculate mass distribution in different parts of the channel                                                                                         
  Data format: t Total Mass (m^3) Elutriated % Med Dense InChannel WidthChannel 0ScaleH ScaleH buoyant current                                                      
!------------------------------------------------------------!
   1       2496000.0000000000             0.0000000000             0.0000000000             0.0000000000             1.0000000000             1.0000000000             0.9900000000             1.0000000000             0.0000000000             0.0000000000             0.0000000000
   2      45856443.3301925510            38.4109352579             0.0000048811             0.0148085251             0.9851903473             0.9999911304             0.9314035950             1.0000000000             0.0000000000             0.0000008375             0.0000000001
   3      88626810.4279471040         51714.5037865720             0.0000056184             0.0262921693             0.9737058129             0.9993025685             0.8567415208             1.0000000000             0.0000000000             0.0001979364             0.0003855722
   4     126602299.7937144339        241762.3609224064             0.0000094592             0.0360844331             0.9639130390             0.9980303991             0.8461376982             1.0000000000             0.0000000000             0.0007556241             0.0011539965
   5     106651659.4859790951        377449.6797860828             0.0000224252             0.0724608602             0.9275342123             0.9910777469             0.8309944472             1.0000000000             0.0000000000             0.0017603548             0.0017787339
   6      95280410.5464657992        815691.8819519910             0.0000499186             0.1123766941             0.8876132632             0.9665646539             0.8449670511             1.0000000000             0.0000000000             0.0031438254             0.0054171356
   7      95438333.5884084404       1307301.6839097373             0.0000900658             0.1473535732             0.8526297436             0.9414762631             0.7440175719             1.0000000000             0.0000000000             0.0060089363             0.0076889316
   8     100511422.8100590110       1764022.9205910906             0.0001351950             0.2014432541             0.7985329990             0.9520011577             0.7528693106             1.0000000000             0.0000000000             0.0078267980             0.0097236741
