!------------------------------------------------------------!
  Date: 20191120
  Simulation name: CWX7 
  Filename:edge_vel.txt                                                                                                                                          
  Produced in mod-subroutine:  massdist/edgevelocity                                                                                                                                 
  Written by AK September 2019
  Description:Velocity pointing out of curve edge1 depth average summed over time                                                                                   
  Data format:XXX perpvel1 perpvel2 minvel1 minvel2                                                                                                                 
!------------------------------------------------------------!
          3.0000000000          0.0000000000          0.0000000000          0.0000000000          0.0000000000
          6.0000000000         20.5664378486          4.2991004055         -8.0246676021        -20.5664378486
          9.0000000000         19.2444314182          6.8710502078        -15.1487422117        -19.9504302803
         12.0000000000         16.3252493164          4.2573506158        -22.1275918926        -20.2931652704
         15.0000000000         21.1125795665          6.3574691181        -26.1939006644        -22.0905461928
         18.0000000000         26.8415012021          7.2277937409        -28.9629247839        -21.9096606493
         21.0000000000         31.8203351850          5.3697122132        -32.1536118308        -19.4615701323
         24.0000000000         34.7126812504         10.6781095460        -33.8320490728        -25.8484320158
         27.0000000000         34.4615041666          7.3318624756        -35.1331842290        -19.5167816322
         30.0000000000         33.7617768205          3.2478345014        -38.3634471242        -17.5387421661
         33.0000000000         34.6507257586          3.2094462533        -34.3497437699        -15.4542399259
         36.0000000000         30.0194980536          3.1577662045        -29.6924193253        -13.3200125925
         39.0000000000         29.5016808433          3.0992117303        -30.9679296489        -11.7654234979
         42.0000000000         30.3822329484          3.0388083174        -29.2390637841         -9.9034775658
         45.0000000000         29.1261838361          3.0570284457        -27.5553504316        -10.9626380379
         48.0000000000         32.0697513911          2.9885978416        -25.6105078658         -9.2894801233
         51.0000000000         33.7431078566          2.9287976048        -26.3992675146         -7.7721156447
         54.0000000000         35.3948612233          2.8800390825        -27.1315939361         -6.5864982931
         57.0000000000         36.8790898126          2.8438837262        -23.8222031654         -5.6402637552
         60.0000000000         39.1293625258          2.8207749449        -18.6120792370         -4.8006382179
         63.0000000000         41.7566228680          2.8104630748        -16.2627978890         -4.1522908594
         66.0000000000         44.2346431361          2.8122639474        -14.8740322365         -3.2576290533
         69.0000000000         44.2824804074          2.8034442242        -14.7273993006         -3.5413517808
         72.0000000000         47.0737036355          2.8187104434        -13.4830181703         -2.9398771248
         75.0000000000         49.3605888766          2.8438050805        -12.3139018015         -2.7800246442
         78.0000000000         52.0602679553          2.8772002717        -13.6849916086         -2.8151978409
         81.0000000000         54.1370457585          2.9176333122        -19.1062757816         -2.8567116802
         84.0000000000         53.6646947431          2.9180344804        -19.5326431163         -2.8558965858
         87.0000000000         52.7806210776          2.9664645457        -16.6118816816         -2.9043232151
         90.0000000000         52.0339589135          3.0191468274        -14.6576458633         -2.9564759168
         93.0000000000         54.2324254047          3.0751394863        -15.0408985705         -3.0114580959
         96.0000000000         54.5110978434          3.0802805066        -18.4150208577         -3.0144583252
         99.0000000000         55.3793482632          3.1396781685        -11.6875469241         -3.0722581666
        102.0000000000         58.3697276722          3.2004270068        -11.7381693677         -3.1310755558
        105.0000000000         60.2165428800          3.2618794849        -16.8756440248         -3.1902878109
        108.0000000000         61.2022426078          3.2679328223        -12.0412318413         -3.1938609817
        111.0000000000         62.6646136775          3.3294229133        -12.1969382462         -3.2528481471
        114.0000000000         63.6155597104          3.3902378868        -16.5518115404         -3.3110249655
        117.0000000000         64.5921610679          3.3945785748        -18.1556594829         -3.3129071183
        120.0000000000         66.0899688087          3.4535564175        -21.5945184957         -3.3692108837
        123.0000000000         64.2341842284          3.5107602111        -23.8527883274         -3.4237016575
        126.0000000000         60.2456356384          3.5119210791        -21.2216230306         -3.4225864980
        129.0000000000         56.9988296880          3.5657783486        -23.2538607376         -3.4738460806
        132.0000000000         54.6292472421          3.5639148317        -21.9142116032         -3.4699426802
        135.0000000000         54.7898370919          3.6136082704        -15.6040362384         -3.5172412405
        138.0000000000         54.3089927418          3.6082935268        -18.4553029384         -3.5101845864
        141.0000000000         53.2585485097          3.6530707746        -16.8184754345         -3.5528403257
        144.0000000000         50.6289502657          3.6438329328        -11.7244854840         -3.5422257128
        147.0000000000         46.7638666868          3.6829631388        -14.3103472656         -3.5796302985
        150.0000000000         42.2715004475          3.6693718124        -10.4062682861         -3.5651027990
        153.0000000000         40.0691181966          3.7021683384         -6.2812539657         -3.5966656540
        156.0000000000         37.0785515956          3.6838018108         -7.7187929723         -3.5778772933
        159.0000000000         35.3339711101          3.7096741659         -8.8999917491         -3.6030120852
        162.0000000000         32.2067123994          3.6861482451        -10.0661130859         -3.5796544523
        165.0000000000         31.2086449322          3.7044867071        -12.1917133231         -3.5978414179
        168.0000000000         28.3904664455          3.6754650502        -11.8868148756         -3.5696223654
        171.0000000000         24.9782614386          3.6436082741        -11.0460317387         -3.5389105652
        174.0000000000         23.9779744974          3.6509243254        -10.4333849640         -3.5470937955
        177.0000000000         22.3194649017          3.6131221724        -10.1755116314         -3.5111625360
        180.0000000000         20.2973633823          3.5723473834         -9.8299164093         -3.4726303812
        183.0000000000         19.1236865747          3.5678087971        -15.1029369618         -3.4700896816
        186.0000000000         15.5635399965          3.5207813929        -16.9257300001         -3.4261089813
        189.0000000000         12.6025597825          3.4707136908        -17.4988323332         -3.3794944376
        192.0000000000         10.1334438248          3.4175947225        -15.3162838987         -3.3302572406
        195.0000000000          8.6970579488          3.3973074823        -18.7675675096         -3.3136334913
        198.0000000000          6.0103228322          3.3377654619        -21.4253681554         -3.2588522265
        201.0000000000          2.9694163636          3.2751781387        -23.0382604081         -3.2014701004
        204.0000000000          0.7749229286          3.2095728416        -22.2343729420         -3.1415204715
        207.0000000000          0.4139764456          3.1409650795        -22.0032556599         -3.0790168931
        210.0000000000          0.4691914045          3.0694273423        -23.5337217390         -3.0140281504
        213.0000000000          0.5313260683          2.9950090552        -23.9106753672         -2.9465990515
        216.0000000000          0.5985964197          2.9177920375        -25.4406469102         -2.8768077529
        219.0000000000          0.6704285273          2.8378404927        -27.3480587286         -2.8047129798
        222.0000000000          0.7466043171          2.7552458896        -29.5420636374         -2.7304056140
        225.0000000000          0.8502470508          2.6999707040        -36.2569831001         -2.6830358317
        228.0000000000          0.9110646815          2.5824468159        -39.3357558971         -2.5754543496
        231.0000000000          0.9988457487          2.4949439252        -41.6884756096         -2.4949439252
        234.0000000000          1.0899874013          2.4125774409        -44.3454036435         -2.4125774409
        237.0000000000          1.1842156515          2.3284326464        -47.0717873029         -2.3284326464
        240.0000000000          1.2812592103          2.2425725807        -51.2234305125         -2.2425725807
        243.0000000000          1.3808393131          2.1551046208        -53.8399746971         -2.1551046208
        246.0000000000          1.4826969150          2.0661411097        -56.6386783410         -2.0661411097
        249.0000000000          1.5865734959          1.9757928390        -60.0436499286         -1.9757928390
        252.0000000000          2.3071122516          1.8841502921        -64.2851715777         -1.8841502921
        255.0000000000          4.3327613520          1.7913161490        -68.5014845858         -1.7913161490
        258.0000000000          4.7907974981          1.6709000009        -71.4680166216         -1.6709000009
        261.0000000000          6.1641050328          1.5763758728        -74.0807577188         -1.5763758728
        264.0000000000          8.1094583279          1.4810084040        -76.0486554574         -1.5520967293
        267.0000000000          8.5448791589          1.3848912168        -79.2998419066         -1.4946525587
        270.0000000000          8.5864824175          1.2606331831        -82.3108148540         -1.8628412932
        273.0000000000          8.6514614494          1.1635761012        -87.3339304377         -2.2038405553
        276.0000000000          8.4641199833          1.0661175401        -90.9889803063         -2.4624437283
        279.0000000000          9.6049162517          0.9391264916        -91.4042980284         -3.5191654831
        282.0000000000          9.9635669660          0.8412681584        -93.4000205876         -3.3677932165
        285.0000000000          9.5256485308          0.7433751815        -95.8445846014         -4.0160570486
        288.0000000000         10.5655223343          0.6140257990       -100.3634500612         -4.8901986636
        291.0000000000         11.3747514546          0.5163195011       -102.5098629857         -5.5139213559
        294.0000000000         13.5022975311          0.3847860223       -105.3750396703         -7.0094971291
        297.0000000000         12.6287171541          0.2876998358       -107.6326517392         -7.6148669424
        300.0000000000          9.4280727139          0.1540442177       -110.4783932321         -8.4265753367
        303.0000000000          5.9531847256          0.0580689999       -110.3063509373         -8.7316108836
        306.0000000000          4.4654522377          0.0775871071       -109.3416887851        -10.6043943214
        309.0000000000          4.0315129072          0.1718022326       -109.7843597767        -11.2458705463
        312.0000000000          3.7955816767          0.3092069832       -110.3179084600        -11.7847636192
        315.0000000000          3.7553119044          1.6211551940       -112.7936011880        -11.2072077515
        318.0000000000          3.8253171459          5.6472520453       -109.2294561277        -11.1230293759
        321.0000000000          5.3866339637          6.9618833221       -107.5856943935         -9.5099330547
        324.0000000000          4.3648255617          8.2345047161       -105.9673475508         -9.0076793541
        327.0000000000          5.6722669349          6.7339783344       -109.8370435544         -8.1965166977
        330.0000000000          9.0248918241          7.1877186352       -110.0776969820        -12.3189730583
        333.0000000000         15.3587045882          5.8027281554       -101.7283514083        -16.5282246201
        336.0000000000         16.1949226450          5.6848837524       -101.4462112152        -16.6069733532
        339.0000000000         11.0554713120          4.4685617133       -104.2237248542        -17.0305892479
        342.0000000000          8.4501893649          2.2775747627       -104.3623484393         -8.8606661024
        345.0000000000          7.7928932794          3.4265267042       -104.3012226558         -8.0860719874
        348.0000000000         10.8210932988          6.4438810615        -82.2863628392        -10.0002736340
        351.0000000000         20.3868627036          7.9733964117        -71.3208588001        -11.7895786026
        354.0000000000         23.2454296618          9.2231523599        -73.6989172072        -11.7892643149
        357.0000000000         21.6131261047         11.8299561875        -75.6856716742        -11.4762720153
        360.0000000000         21.7340200890         25.8851735665        -70.6445164122         -8.0923573770
        363.0000000000         22.3928179384         33.1694513227        -69.0381745983        -10.6153492314
        366.0000000000         24.7403696302         40.5803439182        -66.8845255513        -13.5517611526
        369.0000000000         19.2757128239         39.2685945592        -68.6993742810        -15.5864184540
        372.0000000000         14.4884108743         40.9185935126        -65.4080985270        -18.8707305309
        375.0000000000         14.3251416670         41.0581100533        -60.9682152908        -24.6758631582
        378.0000000000         12.7513575411         42.5822359460        -56.8236127975        -33.4689439040
        381.0000000000         12.6633037832         50.0216248861        -52.0312360225        -32.1280206326
        384.0000000000          8.2259134824         44.6937207852        -53.7199507124        -31.0103445268
        387.0000000000          5.4360578488         57.8072191887        -49.5581758630        -29.5976744435
        390.0000000000          5.4726480206         63.7527404218        -46.5056789516        -16.9587696882
        393.0000000000          9.6478148377         71.6486955633        -45.1406700099         -7.1678905213
        396.0000000000         14.1967899011         71.5557051701        -40.3643752132         -9.2899377710
        399.0000000000         12.0766244814         71.9783321144        -36.4073244237        -11.9808248905
        402.0000000000          8.2520300039         75.8488792452        -33.1521702415         -9.1308636208
        405.0000000000          5.6204464357         79.2727967157        -27.1569150618        -15.7736799755
        408.0000000000          5.6921975081         82.4896448158        -32.2934310514        -14.0523645656
        411.0000000000          5.7121209421         86.7104422800        -28.0556858794        -17.1254188860
        414.0000000000         10.5919256962         79.5301671777        -22.0190755500        -15.8147843842
        417.0000000000          9.6768086633         77.8466895279        -14.1626769219        -12.0704186137
        420.0000000000         11.7919419650         77.8015582217        -10.2440744748        -15.4983063944
        423.0000000000          9.8867748576         88.0054502126         -8.4376299434        -17.1996199626
        426.0000000000          5.7802528722         92.8560106464         -5.0432023029        -15.7738237312
        429.0000000000          5.7882274222         98.3775711702         -7.8537560418        -13.6222257004
        432.0000000000          5.7945622268        100.7837442478        -10.4566744587        -14.9201358026
        435.0000000000          5.7993686533         98.5481100438        -10.5700884541        -14.7597015484
        438.0000000000          5.8027648356         95.6732566737         -9.5089929922        -15.5894617557
        441.0000000000          5.8048399291         98.2674390114         -8.6479447849        -22.1450264455
        444.0000000000          5.8058239043         99.8656982217         -8.9912098494        -21.4087477873
        447.0000000000          5.8063297815        100.9392852818        -10.4082497894        -12.2890471735
        450.0000000000          5.8433694057         96.3748742022        -11.5188490638        -14.8124306401
        453.0000000000          5.8428691948         94.2988817556        -11.1693204579        -18.4747076403
        456.0000000000          5.8430740690         91.7042033379         -9.6149905087        -16.4570724121
        459.0000000000          5.8443775014         94.5032601717         -8.9799615688        -13.1265973721
        462.0000000000          5.8473376477         93.1350005397         -9.3952970946        -12.8566797916
        465.0000000000          5.8523381972        103.1628483716         -8.0221917863        -12.6170511842
        468.0000000000          5.8601083722        114.2140331278         -6.9461890985        -15.9398028234
        471.0000000000          5.8711775731        113.8499234715         -5.8623822662        -14.3246474986
        474.0000000000          5.8860911519        110.9878618114         -5.0178956381        -11.9366778705
        477.0000000000          5.9055666634        109.4727770601         -5.0114008064        -17.8811184967
        480.0000000000          5.9298727991        113.8172773277         -5.0053222632        -15.4374890733
        483.0000000000          5.9604062182        125.4841346251         -4.9997679818        -11.0498982641
        486.0000000000          5.9978905034        127.5229685828         -4.9948267895         -8.3690905642
        489.0000000000          6.0451119321        127.8100552020         -4.9905180675        -10.2593553085
        492.0000000000          6.1092521110        128.0325459192         -4.9869063233        -13.3570362903
        495.0000000000          6.1736883732        124.7480145212         -4.9992398991        -13.6094517131
        498.0000000000          6.2918666246        123.2820284595         -4.9960836356        -14.6643078141
        501.0000000000          6.4669194319        118.7929214505         -4.9936684780        -12.6599493867
        504.0000000000          6.7138358906        113.4215205355         -4.9919490696        -12.9556849926
        507.0000000000          7.0416435077        114.2816803022         -4.9908714458        -13.7494890462
        510.0000000000          7.4801097811        118.1479656713         -4.9903775040        -16.1352030962
        513.0000000000          8.0063334757        123.4805059055         -4.9903701500        -18.6244262173
        516.0000000000          8.5518629835        126.7513486268         -4.9907431826        -19.1982136822
        519.0000000000          9.3246575988        128.7357435274         -5.0006885093        -16.1821685723
        522.0000000000          9.6842983495        129.4986691013         -5.0008349769        -16.0923885739
        525.0000000000          9.8810125805        128.8835797461         -5.0010252122        -20.2977766141
        528.0000000000          9.9623096330        129.6514024888         -5.0011196863        -17.3938943247
        531.0000000000          9.8848731708        125.5398831667         -5.0009764337         -9.8993463145
        534.0000000000         10.5320195831        118.8171360878         -5.0074983324         -6.5364709578
        537.0000000000          9.9269144249        114.0815238697         -5.0059516623         -7.1024234779
        540.0000000000          9.1361826319        111.2809295780         -5.0037633721         -5.7300892018
        543.0000000000          8.5978533133        106.1510731394         -5.0007913527         -9.7420642078
        546.0000000000          8.4843447810        104.1373799020         -5.0026691181         -6.6011540873
        549.0000000000          8.2061726779        101.7475125637         -4.9972393618         -8.4081762793
        552.0000000000          8.1451841950        108.7617655308         -4.9906171973        -14.1204602072
        555.0000000000          8.3495332203        115.1607644401         -4.9827204568        -18.9473006838
        558.0000000000          8.6043924994        115.6018226513         -4.9781067434        -19.8164639622
        561.0000000000          8.7230174032        115.2525969649         -4.9668717530        -16.2182069135
        564.0000000000          8.8037733668        117.8920476110         -4.9539939401        -13.5774964033
        567.0000000000          9.0232977780        116.3377749423         -4.9433464289        -11.2816425039
        570.0000000000          9.0632083709        115.0290507044         -4.9265369486        -11.8074224164
        573.0000000000          9.0887641256        109.9681421323         -4.9078321291        -12.9307023556
        576.0000000000          9.2850212394        107.1740825286         -4.8902491664        -14.6033701325
        579.0000000000          9.2886613849         96.2950273574         -4.8670096666        -15.1489524946
        582.0000000000          9.4842799359         88.3472940240         -4.8442857005        -20.4379760709
        585.0000000000          9.4714143198         72.9919054398         -4.8161871686        -23.8010592298
        588.0000000000          9.6653499787         67.2993586266         -4.7879048716        -20.6926322759
        591.0000000000          9.6228701361          0.0000000000         -4.7545749515          0.0000000000
        594.0000000000          9.8154909214          0.0000000000         -4.7202699495          0.0000000000
        597.0000000000          9.7150735364         57.4774987774         -4.6813122127        -27.5497594573
        600.0000000000          9.8834971428         56.2986231399         -4.6406052318        -33.2500023310
        603.0000000000          9.7203491104         51.9781928011         -4.5956835339        -35.6924278293
        606.0000000000          9.8599003696         47.7982781334         -4.5481684950        -34.7336151470
        609.0000000000          9.6323559931         45.2232451029         -4.4968615460        -33.3609031472
        612.0000000000          9.7211330796         42.1661507847         -4.4421053034        -26.7688818103
        615.0000000000          9.4268438423         38.1765839003         -4.3839218247        -21.8509962473
        618.0000000000          9.4529307450         32.7460648598         -4.3214869408        -18.1188110439
        621.0000000000          9.4538925992         28.2506517389         -4.2549305289        -16.7637674924
        624.0000000000          9.1053349453         26.1997117959         -4.1853789904        -24.3842433255
        627.0000000000          9.0646394145         23.0228391632         -4.1105650098        -22.6851144883
        630.0000000000          9.0124041595         18.7351485084         -4.0313732562        -21.3518221242
        633.0000000000          8.6803775256         50.4671116284         -3.9494222348        -55.0644533147
        636.0000000000          8.6178722150         65.9919833080         -3.8615127787        -56.3349158515
        639.0000000000          8.5506899566         78.7020814708         -3.7690366369        -58.6860409839
        642.0000000000          8.4781845051         89.2719126158         -3.6720305035        -72.6342079055
        645.0000000000          8.1320590797         51.1227629202         -3.5722382202        -46.9050333511
        648.0000000000          8.0314836795         47.7756470028         -3.4662190684        -52.7951647036
        651.0000000000          7.9199159068         41.7389137991         -3.3556910354        -56.6144224066
        654.0000000000          7.8278408054         37.1811501082         -3.2407269116        -60.6712767878
        657.0000000000          7.7437970445         37.7144112784         -3.1214394484        -64.7198063502
        660.0000000000          7.6535925724         36.9290944428         -2.9979449310        -65.3228737640
        663.0000000000          7.5516759829         37.1571503872         -2.8703879928        -67.5625361931
        666.0000000000          7.4381739774         37.8174860925         -2.7389480314        -72.6151811913
        669.0000000000          7.3122914348         38.7859442899         -2.6038354442        -74.7886587780
        672.0000000000          7.1706223869         38.7886412444         -2.4652838292        -78.7092417705
        675.0000000000          6.7832047756         40.0547107750         -2.3223746691        -85.4423692926
        678.0000000000          6.8552952304         27.5669844294         -2.1788643199        -82.0658402497
        681.0000000000          6.6814396164         15.9643709807         -2.0315395298        -85.6074511196
        684.0000000000          6.5010367656         10.6132643984         -1.8819350946        -90.4852683311
        687.0000000000          6.3155899811         11.2772854268         -1.7303304230        -93.9446297531
        690.0000000000          6.1220213856          9.2418299296         -1.5770804954        -95.2678273384
        693.0000000000          5.9264785287          9.4563940467         -1.4225284909        -96.0528771383
        696.0000000000          5.9544658752          9.5437613884         -1.2670237170        -96.9803175739
        699.0000000000          5.7919476482          9.3812880355         -1.1109494128        -98.7414398333
        702.0000000000          5.7065707958          8.9300917299         -0.9546507669       -103.4406750092
        705.0000000000          5.5482580135         14.7834243706         -0.7984950478       -107.6458066301
        708.0000000000          5.3610346793         42.0070927227         -0.6499550917       -199.2824490828
        711.0000000000          4.8534404586         43.7343717418         -0.4959192220       -207.4144282049
        714.0000000000          5.0930521097         35.5575782214         -0.3430476934       -208.3642897904
        717.0000000000          4.8928510230         23.1971658092         -0.1916515080       -209.1200744276
        720.0000000000          4.7608383325          3.9615671721         -0.0504113303        -99.1286842517
        723.0000000000          4.4253196265          5.2211171776         -0.1177165051        -99.0222476943
        726.0000000000          3.8304076630          8.9358359723         -0.2738468654       -101.5056500956
        729.0000000000          4.1792957148         10.9563345220         -0.4172763636       -101.7274864842
        732.0000000000          3.9825322988         12.2953898661         -0.5667146070       -104.2600091369
        735.0000000000          3.8913787477         12.8128370783         -0.7128299060       -108.7722022142
        738.0000000000          3.6050253451         12.2151529310         -0.8462310748       -106.3041798140
        741.0000000000          3.2561639550         12.4657057507         -0.9847586679       -108.8173361335
        744.0000000000          6.1875835959         10.8537545826         -1.1310135167       -105.8817452385
        747.0000000000          6.1978160544          9.8465221561         -2.0700240334       -109.9481047572
        750.0000000000          8.4373677163          5.6705598067         -2.2921806025       -109.5952244109
        753.0000000000         10.8223144554          5.4406623352         -1.6879875966       -114.7516834102
        756.0000000000         15.9328534939          0.0000000000         -1.5993733575          0.0000000000
        759.0000000000         16.6556887351          0.0000000000         -1.7139804207          0.0000000000
        762.0000000000         19.5861513912          4.6462080553         -1.8219546305       -119.1242310423
        765.0000000000         19.8852572603          4.7123939541         -1.9286654895       -121.4725076754
        768.0000000000         22.9876828852          5.5156161837         -2.0309005465       -121.3933006859
        771.0000000000         23.8369798164          6.8095448075         -2.1298535962       -124.1945603466
        774.0000000000         22.9616120936          8.6712140952         -2.2266283780       -126.1546621261
        777.0000000000         19.9068459999         12.7439217307         -2.3181155346       -126.9274225763
        780.0000000000         17.8438369488          8.0466492933         -2.4100099677       -127.0536562504
        783.0000000000         16.0209100456          8.7210640501         -2.5006753767       -126.7216310793
        786.0000000000         17.1624539395          9.3764011082         -2.5817303536       -127.6214533349
        789.0000000000         14.2131177026         11.1103335349         -2.6680574012       -128.8786574450
        792.0000000000         13.3856238655         13.6441723439         -2.7533627040       -132.9336832613
        795.0000000000         13.4808930361         15.4200769088         -2.8246291670       -134.8910813233
        798.0000000000         12.4588597190         16.8181272154         -4.8563447871       -132.3464391183
        801.0000000000         19.4822097641         21.1463083226         -7.4820578190       -126.5321949713
        804.0000000000         29.3968304969         20.3449420394         -4.3481022408       -126.4019878657
        807.0000000000         29.2181075276         19.0046616535         -4.9435877986       -128.6318542800
        810.0000000000         40.4842677079         15.6899097039         -7.5099871355       -129.4364000099
        813.0000000000         48.3757962714         22.2973441529         -9.1957620659       -128.0392067633
        816.0000000000         48.4926262359         31.4819779311         -9.3884802024       -121.7043535986
        819.0000000000         47.5471792150         28.6273089938        -11.6798770468       -123.5745099490
        822.0000000000         42.8143432485         29.8337652677         -9.6420934796       -120.8874244510
        825.0000000000         35.2215537220         22.7627096292         -7.2217270006       -117.3752463740
        828.0000000000         28.5959264779         19.9966594739         -4.9849258683       -112.5379984323
        831.0000000000         30.3222574045         22.8911078496         -4.9892065460       -104.8865331544
        834.0000000000         28.7255578734         24.2168831330         -4.6673546179       -106.0286165077
        837.0000000000         30.0153254221         25.0175709269         -9.2092645768       -101.5565688354
        840.0000000000         35.0139594941         20.5191432121        -10.4256686898        -97.3868119997
        843.0000000000         41.0669790547         18.4289575771         -9.5334890096        -87.1064686739
        846.0000000000         48.9013341595         17.9124204900        -10.1474094445        -68.2786283868
        849.0000000000         54.0993464888         14.9761659302        -10.6759738837        -60.4987939905
        852.0000000000         57.1498497181         11.2905863611        -10.2067052653        -63.5101390821
        855.0000000000         48.5931016986         13.5402990856        -10.1547046590        -62.3650897637
        858.0000000000         46.8131993263         13.4159517183         -9.9971324757        -60.6597733129
        861.0000000000         46.3233052288         12.5392325966        -10.5009087659        -56.3879963123
        864.0000000000         49.6226315287         11.7045626507        -15.4295730094        -53.5139819646
        867.0000000000         50.8653389476         12.1495073276        -14.8396012885        -53.9551424730
        870.0000000000         55.8621176463         12.9032829065        -13.4370039655        -55.6117860370
        873.0000000000         65.7006093836         12.2288675475        -13.5641659337        -52.9559350732
        876.0000000000         83.8184724548         10.9049142750        -12.7874821078        -48.0961266058
        879.0000000000         91.2497670886         11.0562499777        -14.3874499425        -46.9750690148
        882.0000000000         93.0911752384         10.7391893144         -8.2527565142        -46.9140664494
        885.0000000000        105.6808046115          9.5552828877        -10.2599755899        -48.6757910782
        888.0000000000        108.6124397571          8.5551478696        -11.7764293748        -44.6108967602
        891.0000000000        103.5777782592         13.3867101217        -12.8625079069        -50.2664575384
        894.0000000000         92.2966282650         13.5570013009        -13.0678498871        -52.9675635867
        897.0000000000         93.5024152403         12.6463449088        -21.7234587046        -42.6250764441
        900.0000000000         94.7210891059          7.3261635053         -9.3189410469        -39.4927190880
        903.0000000000         94.3412438889         12.2981348039        -13.6854709299        -40.5260914701
        906.0000000000         91.7686512469          6.3021792859         -5.5212925893        -41.7958340201
        909.0000000000         85.2611566585          6.2432761705         -5.2396386514        -36.3684634105
        912.0000000000         75.6813871577          6.1869647549        -11.0659373836        -36.7277182250
        915.0000000000         67.3208432183          6.1333828757        -21.7265951584        -37.9138961229
        918.0000000000         64.2691457108          6.0826708952        -32.8725954640        -36.3886767024
        921.0000000000         65.2140666986          6.0350876639        -31.3539119842        -32.8431505328
        924.0000000000         66.9202232360          5.9917220426        -49.4224912081        -40.4867581873
        927.0000000000         92.9983825845          5.9523937032        -44.9818372602        -34.1137850556
        930.0000000000        113.3838675841          5.9191384467        -24.0718382923        -39.9426158992
        933.0000000000        115.7334205187          5.8939321757        -16.7269305009        -39.0815222387
        936.0000000000        110.1792397148          5.8797545351        -13.2079075742        -42.2986372043
        939.0000000000        106.9975068171          5.8857771196        -11.7397918976        -40.2334640898
        942.0000000000        112.2503298194          5.9496858803        -12.6913750839        -36.7540606597
        945.0000000000        104.6766320025          6.1790948310        -11.4759997408        -38.5433513468
        948.0000000000        107.6747700105          6.7614885185        -12.9988058283        -32.8818865369
        951.0000000000        109.5495813365          9.4659466750        -14.8133345955        -26.7873564658
        954.0000000000        111.0476837940         14.7155922138        -15.2039480461        -25.4349860592
        957.0000000000        112.0000624791         16.7210660734        -11.7234885097        -27.3129906425
        960.0000000000        107.8493013059         14.4964093068        -12.5714120519        -26.3646399306
        963.0000000000        100.4960225988         12.3365206989        -13.4681471885        -22.5163719079
        966.0000000000         95.8579679651          9.8248446363        -13.3731978870        -21.7405072846
        969.0000000000         91.5191879589          9.9715048342        -12.6823263356        -25.5904252385
        972.0000000000         94.3161311639          8.5548696755        -12.6111534893        -25.0105610332
        975.0000000000        128.4694229571         10.3369427497        -12.4564500117        -22.7793131501
        978.0000000000        144.2787281781         12.3913428148        -13.8481004386        -20.8326574068
        981.0000000000        144.9726990631         12.1893191475        -16.8758961211        -17.1727270560
        984.0000000000        141.1031140659         12.6504179414        -16.1898306678        -18.7110634447
        987.0000000000        135.8756422529         11.5988253286        -15.3811124955        -17.0831775870
        990.0000000000        128.3584890909         10.7033345649        -15.2682467163        -14.9407026701
        993.0000000000        121.0685026062         10.2636094494        -14.9619353652        -12.8639104862
        996.0000000000        119.7465270174         10.9853763596        -14.8670942710        -14.2775805012
        999.0000000000        120.1582143579         10.3226822377        -21.4623172884        -11.4195136881
       1002.0000000000        124.0059826812          9.8277735809        -27.9169467440         -8.1376481474
       1005.0000000000        123.9088338295          9.5585682911        -29.2644715968         -5.1136355697
       1008.0000000000        125.4953615422         10.6134741911        -29.3860587208         -6.6168017036
       1011.0000000000        124.1751198371         10.1773208803        -27.7902431598         -4.5879292940
       1014.0000000000        121.8865188242         10.2549559334        -27.2354849490         -3.3001514258
       1017.0000000000        121.2586160056         10.7647929533        -22.7687970264         -3.9705933898
       1020.0000000000        120.3373198922         10.7096858625        -22.1836365839         -2.1128723643
       1023.0000000000        124.4920413061         10.6587919419        -24.3452923696         -1.2155899067
       1026.0000000000        127.2067080919         11.2127303309        -22.4014986867         -2.1978467191
       1029.0000000000        125.4738440159         11.3163688965        -28.6203406500         -1.7300253340
       1032.0000000000        120.7680773271         11.9655488043        -26.3973619875         -2.3876147923
       1035.0000000000        109.0309972714         12.2910800023        -26.9577424017         -0.7850502558
       1038.0000000000        101.3978236292         12.7755727286        -25.5834722733         -1.4015868771
       1041.0000000000         83.4900325502         13.0303127004        -25.0386179073         -0.5725163308
       1044.0000000000         71.5653679301         13.0242601678        -24.2843924305         -0.4912863988
       1047.0000000000         67.2931068477         12.9693673144        -24.1332140371         -0.3636635819
       1050.0000000000         66.7462515257         12.9266361439        -23.3334569795         -0.2846582564
       1053.0000000000         65.4876531851         12.9059961343        -24.4533933574         -0.1600861415
       1056.0000000000         64.4156608120         13.2639466166        -24.2279077008         -0.0843748843
       1059.0000000000         61.5147467014         13.0176327389        -23.6993862548         -0.0361349607
       1062.0000000000         59.0037071296         13.3494262376        -20.8620556421         -0.1078917704
       1065.0000000000         60.8835528382         12.4827876742        -25.9558237264         -0.2235254930
       1068.0000000000         59.0809715954         12.6415837171        -23.8468598155         -0.2906967058
       1071.0000000000         58.2829827486         12.7337300943        -22.6851936728         -0.3550543030
       1074.0000000000         55.5650750533         12.1927727276        -18.3190754015         -0.4624604045
       1077.0000000000         52.7215203034         12.3876215763        -20.4913695557         -0.5213068274
       1080.0000000000         49.7158234879         12.6489649365        -20.1899220904         -0.5769907786
       1083.0000000000         46.4515908037         12.3107948473        -17.3437968612         -0.6745850411
       1086.0000000000         43.8741005148         12.6508138124        -19.8959747214         -0.7240627269
       1089.0000000000         41.4394759302         13.0083149807        -25.8170183711         -0.7701431116
       1092.0000000000         40.1091791317         13.2715257947        -32.4201031347         -0.8127990500
       1095.0000000000         38.4463645120         12.5887051448        -33.8779728623         -0.8960276311
       1098.0000000000         36.9330518170         17.6097318739        -38.4171014288         -0.9319011162
       1101.0000000000         35.4303701920         20.2939934372        -50.0935883899         -0.9642822113
       1104.0000000000         33.7884168537         19.5306100963        -60.2577719050         -0.9931974185
       1107.0000000000         32.8921520562         16.8894095832        -59.8449422112         -1.0186966406
       1110.0000000000         30.9949947101         14.4796835453        -57.8471419768         -1.0408274801
       1113.0000000000         29.3562656164         14.2951202675        -59.0937398583         -1.0596451887
       1116.0000000000         26.5014033732         14.8773260531        -53.9498037544         -1.0752608433
       1119.0000000000         23.4279668637         15.5517263356        -47.7259815508         -1.0877672762
       1122.0000000000         19.9946091376         16.3283291572        -40.7767546569         -1.0972394834
       1125.0000000000         18.8970788975         15.8452388965        -36.3690967404         -1.1455299891
       1128.0000000000         17.2848694781         18.2066512553        -26.3089460733         -1.1076604221
       1131.0000000000         16.9242431150         19.2997939019        -28.1829319900         -1.4004371810
       1134.0000000000         19.5044306322         20.7157917615        -33.7367289318         -1.7295661559
       1137.0000000000         16.6179555536         22.8540874264        -28.4864595600         -1.6945653184
       1140.0000000000         14.7078270328         25.4693894262        -31.4029729317         -2.2260512358
       1143.0000000000         12.0732656610         26.9577378205        -33.3450107050         -3.1605750248
       1146.0000000000          6.8830128722         27.0111969017        -33.5246236717         -4.1969855078
       1149.0000000000          7.5203921635         26.0977942485        -33.0249025343         -3.7954069782
       1152.0000000000         10.7486343524         25.6973596250        -35.4731982833         -3.6168218722
       1155.0000000000         11.0300290426         26.3002072394        -39.8758025648         -3.5040873888
       1158.0000000000          7.8775370342         31.9889071472        -38.9849735894         -4.4578311992
       1161.0000000000          7.4307453783         35.9691662910        -40.4393421461         -4.1072287350
       1164.0000000000          8.7614151769         38.4041272000        -44.1587438368         -6.6882719625
       1167.0000000000         11.3956812995         39.6267576397        -47.4302736507         -5.7164913420
       1170.0000000000         15.9123985293         38.5105922811        -46.0664551940         -4.8603137937
       1173.0000000000         17.2541700749         38.3382623426        -47.0606039860         -3.4289310670
       1176.0000000000         18.8560528505         38.9080239650        -65.7014063905         -2.7318445880
       1179.0000000000         16.7073312580         36.0027117404        -71.2594464758        -13.0896189743
       1182.0000000000         15.9077444344         34.1197846512        -71.0382053428        -11.5419551940
       1185.0000000000         14.1093701297         33.4629043066        -66.9351881624        -10.1788826867
       1188.0000000000         17.4836051275         34.5965001452        -62.2033715731         -8.9720558297
       1191.0000000000         22.7498973955         35.3656902953        -61.6966531948         -8.2662464358
       1194.0000000000         28.3394957489         37.5644020453        -39.2700844245         -7.5746614476
       1197.0000000000         29.7609127786         39.8932793741        -38.3207601753        -24.1625916777
       1200.0000000000         37.5087792670         48.4882692980        -24.9195776760        -18.6970177691
       1203.0000000000         45.1957980012         52.2071913836        -23.8373400726        -16.9674734413
       1206.0000000000         52.1729323042         56.6374674419         -8.5731647395        -15.8039272973
       1209.0000000000          8.5157037538         15.6980026746        -60.2444380334        -56.2578591169
       1212.0000000000          0.0000000000          0.0000000000          0.0000000000          0.0000000000
