!------------------------------------------------------------!
  Date: 20191120
  Simulation name: CWY7 
  Filename:edge_vel.txt                                                                                                                                          
  Produced in mod-subroutine:  massdist/edgevelocity                                                                                                                                 
  Written by AK September 2019
  Description:Velocity pointing out of curve edge1 depth average summed over time                                                                                   
  Data format:XXX perpvel1 perpvel2 minvel1 minvel2                                                                                                                 
!------------------------------------------------------------!
          3.0000000000          0.0000000000          0.0000000000          0.0000000000          0.0000000000
          6.0000000000         20.5664378486          6.4282519926         -4.7910332366        -20.5664378486
          9.0000000000         19.5925160980          6.2131063834        -21.2598327453         -7.6342271010
         12.0000000000          8.5141273291          4.0346379981        -18.7840666891        -12.2678774548
         15.0000000000          5.7320838005          3.8594513248        -19.3078740007        -17.1985153874
         18.0000000000          5.9499790461          4.0006448341        -23.3616377311        -21.8397220268
         21.0000000000          6.6785770019          4.5344031388        -27.0211984035        -13.5898098069
         24.0000000000          5.7118430793          7.7049217497        -31.5614926105        -14.9346447298
         27.0000000000          5.4556873059          7.1315832744        -33.5443735053        -13.9844347920
         30.0000000000          4.9036340523          4.9488536146        -33.6509396575        -10.9184920820
         33.0000000000          2.4281443008          5.7946353173        -34.1304835037        -11.6736832094
         36.0000000000          3.8348638549          8.1574272552        -36.1066369740        -14.8702903540
         39.0000000000          2.5672090932          9.0245156059        -34.9599987210        -14.3844621724
         42.0000000000          4.2673104729         10.6450757956        -35.3942299955        -19.7569588389
         45.0000000000          7.7804459666         12.7182032982        -33.1282793789        -22.0978731064
         48.0000000000          9.5159878063         21.2774924206        -36.8711178795        -22.0874423377
         51.0000000000          9.7205981582         21.7371065133        -26.0844904086        -21.6245726754
         54.0000000000          7.1548181788         17.7842444552        -26.5248442136        -22.2879885598
         57.0000000000          6.3858085781         16.5591972013        -22.7704885471        -22.2600676344
         60.0000000000          6.9238800624         12.1425478544        -29.5309398031        -20.9628427579
         63.0000000000          8.9025882921         12.4289864149        -34.2900304024        -16.4624136578
         66.0000000000          8.3114787270         18.9627015601        -36.9809619177        -12.6552399481
         69.0000000000          7.6991413330         23.1245467796        -41.4025514877        -14.0929337515
         72.0000000000          9.1994109559         20.4117943386        -45.9158427093        -10.5879283896
         75.0000000000          3.9599479009         12.7324907074        -33.9528568801         -9.7403284374
         78.0000000000          2.8796110746          5.3135954876        -29.2910049926        -13.4578280732
         81.0000000000          1.6652708823          4.7740701727        -45.8777240975        -17.3265889135
         84.0000000000          1.0874698961          4.1069164906        -49.5338893003        -15.4240465197
         87.0000000000          0.9117182963          6.1376141294        -48.7168133631        -14.4951269391
         90.0000000000          0.7703436102          7.8396806709        -39.5415592588        -11.7704888913
         93.0000000000          0.6481421710          9.5983541171        -39.0293923698        -13.2435469960
         96.0000000000          0.5332836696         16.3481654098        -55.2242083512        -14.3128915874
         99.0000000000          0.4421969387         17.6100974763        -55.1404378434        -13.5859992215
        102.0000000000          2.0961742798         20.0763255716        -47.9630961402        -13.9741331353
        105.0000000000          0.2739530708         17.2370164369        -38.7610673993        -13.4501998812
        108.0000000000          0.1603564809         23.9016542275        -46.8139687754        -15.9345406812
        111.0000000000          0.0845409868         17.9713345812        -56.3302487563        -13.6771401502
        114.0000000000          0.1038167592         11.3101951919        -55.0727702407        -12.2726711338
        117.0000000000          0.4711201035         14.7725872961        -56.4592492757        -13.0399353796
        120.0000000000          2.7084252788         14.3878453606        -55.3450356903        -12.5672594960
        123.0000000000          3.7883507622         17.4829873101        -55.3076144739        -12.0093193031
        126.0000000000          3.4906427026         25.7863583643        -48.2321417205        -14.9129595693
        129.0000000000          4.1894935635         31.8337313524        -64.3125901888        -14.1987806030
        132.0000000000          3.6237845502         35.0061862069        -55.7727077179        -17.2839341297
        135.0000000000          2.2052664229         31.6298187232        -50.9707017378        -13.9366896568
        138.0000000000          0.6816889209         35.3037818545        -47.1788126148        -14.1220183782
        141.0000000000          0.7174094620         26.1626851807        -53.4319562255        -15.0583108110
        144.0000000000          0.7929650280         29.5078301576        -36.7376451341        -18.9426391720
        147.0000000000          0.8219084018         28.1770293827        -53.0044546700        -17.1094105880
        150.0000000000          0.8890276128         40.3991427495        -45.0203116908        -19.3310912647
        153.0000000000          0.9109128492         41.7004796819        -57.5194856277        -14.1532384493
        156.0000000000          0.9688915132         47.1165530310        -37.8114025478        -14.3330977620
        159.0000000000          0.9835601240         38.0488790911        -53.1317512896        -15.4489214255
        162.0000000000          1.0318909514         43.6737625487        -38.9386205124        -20.6480577904
        165.0000000000          1.1105860806         29.9828791103        -51.7612717077        -16.6665421813
        168.0000000000          1.3564830755         33.0226840812        -42.6275339417        -13.5115360315
        171.0000000000          2.1962861269         34.0112177705        -41.2224314953        -14.7791792448
        174.0000000000          1.1035301207         34.9255287318        -41.5748439361        -16.4036312963
        177.0000000000          1.1248110008         36.3247371294        -36.1767492836        -17.3288436538
        180.0000000000          1.1398722198         38.4716288969        -41.6239148820        -15.6351004084
        183.0000000000          1.1201167415         38.9918555588        -45.8885883994        -12.2167954370
        186.0000000000          1.1236896276         44.9889304305        -45.1165350673        -13.8951517288
        189.0000000000          1.1208859383         56.3293103730        -45.3626701028        -14.9872637198
        192.0000000000          1.1116479285         68.9354574697        -37.9103490894        -15.1114536655
        195.0000000000          1.0717950972         66.4768786048        -40.9288260132        -11.1546830883
        198.0000000000          1.0506637503         69.6203525915        -43.6454777647        -11.5024313791
        201.0000000000          1.0231270656         69.7316847363        -47.5051286242        -10.2039419154
        204.0000000000          0.9892178910         67.6382861960        -42.9985576891         -8.9225479521
        207.0000000000          0.9490336958         68.6798139683        -41.5012964150        -13.7688157501
        210.0000000000          0.9026821555         65.2463691636        -40.0658890321        -20.4556707006
        213.0000000000          0.8503253606         56.8805458974        -43.7995675428        -29.3217754228
        216.0000000000          0.7921460275         48.3712765861        -42.9606557426        -36.0668290991
        219.0000000000          0.7283867191         42.7982256951        -44.0730760002        -36.0116394929
        222.0000000000          0.6592879910         45.5670850260        -44.6952987353        -33.8724861555
        225.0000000000          0.5706469740         46.5360819169        -57.8612961172        -31.1043894116
        228.0000000000          0.5062706127         54.4348692292        -44.5781151920        -23.1883767083
        231.0000000000          0.4230382413         59.4182318697        -42.8126662032        -19.8502806158
        234.0000000000          0.3358180355         66.6301703734        -42.2909103482        -17.6667948135
        237.0000000000          0.2449912747         77.2592714528        -45.5519423757        -18.0045018815
        240.0000000000          0.1509813804         77.7576600769        -47.4098405580        -17.9942001388
        243.0000000000          0.0542103496         79.2387605499        -48.5558150122        -17.9110123187
        246.0000000000          0.0448976431         77.7458796306        -46.5320409966        -17.2202870931
        249.0000000000          1.1256935285         73.9103457898        -47.8094594571        -16.2619829877
        252.0000000000          0.8402855359         63.9745140018        -53.3288233361        -15.0869257857
        255.0000000000          1.1625648646         53.8924968805        -57.6636654755        -15.1832106646
        258.0000000000          3.8330059447         60.6384316366        -53.8367003140        -16.8147882346
        261.0000000000          3.3573404394         58.8720946264        -56.0472231543        -17.7436573181
        264.0000000000          3.9446614534         58.1529731455        -54.1873069912        -17.4576393293
        267.0000000000          5.5102390758         57.4909656115        -52.8557765108        -25.0130187991
        270.0000000000          8.4280904250         59.3719266203        -50.3682934865        -18.0868126528
        273.0000000000          9.3169484786         60.0336868475        -54.6675248373        -16.2959019330
        276.0000000000         11.4373724494         60.9988858651        -58.7402905046        -15.6710853696
        279.0000000000          9.2552175523         67.2623267678        -53.6146458224        -14.3231136716
        282.0000000000          7.0232854613         69.2355721010        -52.5212743647        -14.1152826139
        285.0000000000          4.7263162981         70.3433323765        -50.6966181196        -15.4344906752
        288.0000000000          2.6995080408         71.9699808709        -47.2037862376        -12.1910712096
        291.0000000000          1.6522915429         71.7388548203        -48.5120588913        -16.5211007311
        294.0000000000          1.7583959695         69.7605073662        -47.7333268790        -14.8837452561
        297.0000000000          1.8603674664         66.5984056581        -47.4174055277        -17.9351627024
        300.0000000000          1.9625754239         72.0851939272        -42.3046467867        -16.8304446583
        303.0000000000          2.0597952858         73.2172099623        -40.7871138710        -16.4628392883
        306.0000000000          2.1576481024         77.2003329546        -36.0477419781        -19.4401701508
        309.0000000000          2.2498355537         76.9032693546        -36.3993662969        -20.8261944678
        312.0000000000          2.3431647141         74.6368674814        -35.2615483026        -23.5731503588
        315.0000000000          2.4302796164         72.1634813604        -32.6800834182        -23.6414347355
        318.0000000000          2.5842487078         69.1488335491        -33.5724676854        -24.7379488338
        321.0000000000          2.6011707237         66.3798137937        -32.5143178414        -23.0459235407
        324.0000000000          2.6855005002         78.9320184469        -33.5628852107        -23.0318616084
        327.0000000000          2.7628657382         78.7293102456        -34.8561127006        -17.9254284474
        330.0000000000          2.8429194357         82.6814471817        -32.3416156386        -11.5530298711
        333.0000000000          2.9209580770         82.5275650955        -29.2163352179        -11.1997271295
        336.0000000000          2.9922914727         76.9265474680        -27.5520257453        -16.3356841444
        339.0000000000          3.0668153603         76.0056979914        -27.1179602836        -25.0858704172
        342.0000000000          3.1394310921         70.1679347793        -28.8595919323        -37.8177577856
        345.0000000000          3.2042537215         61.5825959819        -27.9174097073        -37.7438734588
        348.0000000000          3.2728439010         60.0006053073        -30.2072336586        -32.6862345197
        351.0000000000          3.3394955479         67.0219895084        -29.0504462197        -21.1719205154
        354.0000000000          3.4043156222         65.6656670620        -28.0172885544        -16.6672611422
        357.0000000000          3.4615428210         59.8274822511        -25.7854142595        -17.1254217224
        360.0000000000          3.5233986955         60.9034424217        -24.6004150698        -25.0842449138
        363.0000000000          5.6185367607         65.4124838518        -19.2043687227        -20.5869252028
        366.0000000000          8.8842218786         72.8322785253        -17.5181100371        -17.0400877178
        369.0000000000         11.2196704077         72.4480848581        -19.0653972598        -23.2872699158
        372.0000000000         12.7154656993         64.7263345073        -23.5941477589        -25.1687668578
        375.0000000000         13.3666378483         75.7216777513        -23.3939513921        -26.2633434108
        378.0000000000         14.3724768891         90.4431629928        -19.2387021931        -16.5577112962
        381.0000000000         14.8405483789         96.8179615247        -10.8506246902        -15.7444461680
        384.0000000000         13.7753177456         92.3032979932         -7.2410552592        -15.4184431145
        387.0000000000         13.6094239963        103.0286711221         -6.1568845954        -11.6657930665
        390.0000000000         12.0222010381        113.9211751128        -15.7182633071        -10.9355433721
        393.0000000000          9.0674714096        118.3428519858        -22.6431585779        -15.9008660015
        396.0000000000         10.9444684488        124.8926869960        -20.5209709077        -18.5630234053
        399.0000000000         13.0775545343        124.8178229116        -16.4379718593        -20.0931091473
        402.0000000000         13.8648530062        114.9090854110        -12.8679763006        -17.0324630152
        405.0000000000         13.0029435913        111.3541162264        -10.1941230133        -18.1765895050
        408.0000000000         12.3567835025        111.0418201750         -7.2889576815        -17.5729645893
        411.0000000000         12.3188482336        104.5761614065         -9.8977759688        -15.1722744363
        414.0000000000         11.5839018651        111.6437179869         -9.2370057537        -10.9700440344
        417.0000000000         11.2773866272        122.4998918842         -7.7434814329        -23.0597325939
        420.0000000000         11.3167601054        128.0540148667         -4.9008695018        -20.9194963514
        423.0000000000         11.2631218489        116.2287928788         -3.9194294825        -18.6612525133
        426.0000000000         11.1591617049        109.9724913567         -3.9278257129        -22.7412854049
        429.0000000000         14.8771553618        111.8949142378         -4.9335093743        -31.1500815186
        432.0000000000         17.2803082466        110.6543741071         -8.0165588727        -29.9731851096
        435.0000000000         13.7837163096        119.0748161503         -9.0041740554        -36.0639450568
        438.0000000000         13.2242204059        116.3969797071         -6.2474443806        -31.0105349141
        441.0000000000         17.2658956913        101.9390948217         -3.9366783088        -43.9708605538
        444.0000000000         16.6188182821        103.4362082840         -3.9324330670        -21.0187517332
        447.0000000000         17.0040999094        115.1002506940         -3.9264289070        -20.4914083087
        450.0000000000         16.5845940818        120.5167290489         -5.8663887979        -15.6779727118
        453.0000000000         18.2861723697        132.2596131705         -6.8700139866        -13.1439198662
        456.0000000000         18.0392053350        138.5465435831         -7.2589001012        -14.3094202845
        459.0000000000         17.1523209446        143.1041138441         -6.7264798833        -17.7054565125
        462.0000000000         16.7405230458        146.8116726745         -6.8293803135         -5.7448231038
        465.0000000000         17.1332211482        146.5698722725         -4.1800820202         -4.7193921808
        468.0000000000         16.6703431056        141.2010596266         -3.9834785085        -10.7555230859
        471.0000000000         16.4656268424        136.5528822123         -3.8231470555        -17.6785376173
        474.0000000000         29.6576794042        134.7540568096         -4.7545238418        -22.4454854372
        477.0000000000         37.4468336828        121.6232161158         -5.7232838895        -28.7337535461
        480.0000000000         34.0274156642        103.4253634477         -6.5849696408        -33.5925531705
        483.0000000000         29.5724967420         93.7766351837         -5.0913616527        -41.7850390903
        486.0000000000         28.2526871695         89.1410563610         -5.5023512676        -40.5232692933
        489.0000000000         25.5744157128         86.6572440925         -7.4399252844        -41.3755350141
        492.0000000000         21.4186074307         90.9395923426         -9.4242648873        -46.3596894254
        495.0000000000         22.4777459010         97.6009693820        -10.9734275858        -39.0576449984
        498.0000000000         23.5157309181        110.1648278443        -12.6587396167        -46.5478533409
        501.0000000000         24.9764655067        116.5436335755        -13.8613604175        -40.5999586378
        504.0000000000         26.6227875573        120.3269263485        -13.0296060660        -44.1250285308
        507.0000000000         29.1173799729        118.9955796917         -9.8723099313        -90.3090727418
        510.0000000000         34.2567556552        113.9083988780         -6.5207162997        -72.6314067263
        513.0000000000         45.0127580422        112.5300013236         -3.5798676909        -50.2460387436
        516.0000000000         47.1444682834        105.5901442788         -3.5638389085        -36.4496363856
        519.0000000000         41.6087309327        105.0073560280         -3.5272144493        -26.8087223920
        522.0000000000         36.4712112454        104.2744102157         -3.5784150756        -25.1870932699
        525.0000000000         32.7226091931        104.1210897925         -5.1008121919        -57.7703738749
        528.0000000000         29.7070615766        110.8673144531         -3.4750776638        -40.1774744813
        531.0000000000         32.6694890868        117.0728345352         -4.3091732949        -27.7475897342
        534.0000000000         27.9704872862        113.7626511360         -3.4158269639        -26.5191055078
        537.0000000000         24.2010746289        114.8565455857         -6.9992082297        -19.6393505466
        540.0000000000         18.9600638444        115.0156457627         -8.6952600731        -66.4749954579
        543.0000000000         28.1386884564        109.8276260688         -7.0520109428        -53.1693674924
        546.0000000000         35.4225246377        102.0438535493         -5.5952612372        -39.7743282136
        549.0000000000         37.1192277435         99.8009678203         -4.9042840600        -19.9038853684
        552.0000000000         35.9009462323         93.5397412854         -6.7493710670        -20.2303381959
        555.0000000000         36.6114167281         85.4487846864        -11.3180806430        -22.8218197064
        558.0000000000         37.0567501650         75.0586872324         -6.6962792797        -37.1353255582
        561.0000000000         40.3703542279         77.7963529692         -3.1469180805        -31.1222708066
        564.0000000000         44.1098705508         75.7703774121         -3.1145273269        -30.2955890214
        567.0000000000         51.3450523869         70.9196276891         -3.0601086077        -24.0542438120
        570.0000000000         55.3779072554         72.4695127876         -3.0245893145        -23.8253980161
        573.0000000000         54.4119417464         70.3089643381         -2.9873807569        -27.7812787217
        576.0000000000         55.8955006031         59.5448458174         -2.9283688971        -37.8293228818
        579.0000000000         52.5237122237         56.5611388723         -2.8881458249        -39.5161606782
        582.0000000000         56.3270445038         52.1201902140         -2.8260405112        -39.2411977168
        585.0000000000         53.2500472686         50.9444342531         -2.7829299635        -43.2118507400
        588.0000000000         50.2946180124         51.3453632078         -2.7177390816        -44.9759095877
        591.0000000000         38.7491664499          0.0000000000         -2.6719537538          0.0000000000
        594.0000000000         43.1506540364          0.0000000000         -2.6037596004          0.0000000000
        597.0000000000         42.9042853873         62.2463276695         -2.5555936998        -51.5267329558
        600.0000000000         45.5426542104         53.6570048018         -2.4844564488        -44.2694668523
        603.0000000000         38.2954011896         48.7805471741         -2.4341779474        -42.9182506921
        606.0000000000         37.0602588222         42.0280751986         -2.3601797755        -39.7491898565
        609.0000000000         30.6854638201         43.8700055424         -2.6223863974        -43.2087802259
        612.0000000000         28.8300841269         39.5525781505         -4.6576059456        -45.7316178921
        615.0000000000         30.2631675355         32.5072343748         -3.4094421179        -53.5457600941
        618.0000000000         28.3190621762         27.9958499736         -5.3810221106        -48.4593240075
        621.0000000000         27.7180341496         26.2623866741         -7.6292814775        -42.3123051196
        624.0000000000         29.8040513538         18.6433686478         -3.8623683884        -41.3660276298
        627.0000000000         30.4200168720         12.8180804637         -4.1099413540        -40.9230925338
        630.0000000000         30.5300828924         11.9809062832         -5.4587260961        -44.6746746801
        633.0000000000         30.4164020271         25.8374981824         -1.7298311761        -83.9334788625
        636.0000000000         30.7593787325         26.4349500694         -1.6409569634        -83.2983199735
        639.0000000000         31.3341963367         20.2941177564         -1.5503712563        -82.7596469009
        642.0000000000         30.4719639425          7.6873309026         -1.4580644655        -85.0534403654
        645.0000000000         35.6684613853          3.7966570546         -1.3935132745        -46.5968315025
        648.0000000000         37.7456633391          4.6405168729         -1.2981217816        -48.8445001748
        651.0000000000         38.8618208376          6.2242722418         -2.1708210181        -47.0372897394
        654.0000000000         41.2386177468          8.7792977935         -2.5903370272        -46.8542887917
        657.0000000000         43.9015376170         11.6796598927         -2.1251212672        -43.7970340228
        660.0000000000         45.7582705501         13.5461239911         -0.9005986968        -41.8351380580
        663.0000000000         45.6524309331         15.7418394722         -4.6958307418        -38.4538013346
        666.0000000000         44.4329772077         15.9445910703         -0.6933955432        -35.4210143637
        669.0000000000         45.8541165934         15.3344839487         -0.5881110281        -43.5258482900
        672.0000000000         46.4030539747         15.7409569451         -0.4818689411        -53.2475510043
        675.0000000000         45.5696317432         11.7324504813         -0.4038550374        -59.1575587813
        678.0000000000         47.3310831790          9.3964219953         -0.2672551112        -54.6802439153
        681.0000000000         48.7090829923          5.5817926038         -2.3864238065        -49.6993490039
        684.0000000000         49.0704659555          3.6546453561         -3.6539794755        -49.2970641764
        687.0000000000         51.1210769923          6.8619326639         -9.2256859324        -48.4120214571
        690.0000000000         50.2290560970          7.7920302827         -3.9173246157        -49.2251856344
        693.0000000000         47.5180681475          6.8537719812         -3.4835734393        -50.7278740000
        696.0000000000         47.3756899522          5.9196930180         -6.5192722588        -52.0856986148
        699.0000000000         50.2867186485          5.6947007556         -3.8095711201        -51.8952671494
        702.0000000000         53.9165674023          6.4508816676         -2.4104430249        -53.5977069194
        705.0000000000         56.3460608155          5.3320450909         -1.0814579304        -59.5558108797
        708.0000000000         56.4035490646          4.6681046629         -2.5245446546       -131.6003539707
        711.0000000000         55.9814157943          4.7639880894         -2.1524367162       -139.6984652269
        714.0000000000         55.0237246290          5.0504339543         -1.8229252883       -133.3203650424
        717.0000000000         54.5984707299          5.7727084465         -3.9331386890       -134.3399761920
        720.0000000000         53.8733718907          3.6085095461         -3.0537516086        -75.5255645640
        723.0000000000         48.9581092133          3.2981020290         -1.6894126131        -78.5571066431
        726.0000000000         44.4052932545          2.6162909760         -1.6024462097        -79.3316965741
        729.0000000000         42.6375695696          8.7740884311         -2.2120062635        -80.3132607121
        732.0000000000         45.5929792622         12.0026328799         -2.2152418048        -74.3679743527
        735.0000000000         45.9657869634         11.2694687541         -2.5408804713        -67.7056414160
        738.0000000000         47.9678439844          3.8194690587         -3.0715890499        -58.5384693168
        741.0000000000         53.1666069164          2.7456861375         -3.7249787599        -57.0704022501
        744.0000000000         41.1498550091          2.8765451469         -5.3282056689        -61.1031437710
        747.0000000000         41.4497351811          3.7034478742         -7.1259699772        -60.6101213209
        750.0000000000         37.8998665472          3.8666663201         -8.7685904498        -64.9243567336
        753.0000000000         41.7035129765          8.0974661904        -10.3751033568        -64.4387872030
        756.0000000000         33.5449643344          0.0000000000        -12.1081522461          0.0000000000
        759.0000000000         35.5602057396          0.0000000000        -12.2011705410          0.0000000000
        762.0000000000         35.2640661539         10.8249396859        -12.2117142983        -64.6400571498
        765.0000000000         38.3762932451         11.6573474274        -11.2652427115        -66.7101423809
        768.0000000000         36.1718840066          9.6301555016        -11.4024239003        -67.5613589946
        771.0000000000         42.0242411422          9.7460713545         -9.9338712021        -71.0557857696
        774.0000000000         40.7264937027          7.0114788726        -12.8428680083        -68.0184868088
        777.0000000000         39.6687874968          7.7361986290         -7.8341138716        -70.8130082340
        780.0000000000         48.5194677950          6.5244848775        -15.3413439380        -63.2310411687
        783.0000000000         50.6882320941          8.2754069514         -9.2765754440        -57.9671241378
        786.0000000000         47.3506217932          8.2935664284        -15.0917768342        -60.6348019057
        789.0000000000         41.2373400338         11.7084735879        -15.4452625560        -62.3472614629
        792.0000000000         36.9138919093         17.4623784262        -16.0480241792        -73.2723276243
        795.0000000000         36.1138533087         22.2735671579         -7.5039852152        -79.9568589967
        798.0000000000         35.8160693728         17.9608418819        -11.5120554838        -84.1695108261
        801.0000000000         36.3104181308         10.7271832563         -4.6170174822        -82.8222164428
        804.0000000000         38.3963241590         10.8842103254         -5.5823511184        -78.6976321700
        807.0000000000         39.7547253770         13.3814794307        -21.4072961760        -71.0295530698
        810.0000000000         44.4051751743         11.5435491974        -19.1989155562        -58.5580042345
        813.0000000000         46.6135053152         13.8259253477         -4.2727186913        -49.1443056452
        816.0000000000         40.8755087150         16.0921486412         -3.8084374185        -49.7073706105
        819.0000000000         34.8998117568         15.3715840016        -17.3476765475        -46.0426789370
        822.0000000000         32.4451551352         17.3023931175        -20.8262419092        -46.5303388005
        825.0000000000         30.3623880157         18.6619766809         -6.6539755425        -46.0012554589
        828.0000000000         31.2529062237         15.0091564263        -11.6919347375        -45.2859757075
        831.0000000000         32.0387896515         11.2297254899        -13.7085959869        -43.9714828645
        834.0000000000         34.6284691858          8.2116080741        -15.0772791105        -39.7557109410
        837.0000000000         36.7150576711          9.4916482510        -11.3781875716        -35.0299988552
        840.0000000000         44.6277872372          8.1692603198        -18.4874964399        -31.1577223453
        843.0000000000         41.2276871068          7.4814948206        -24.3238584570        -35.5569224627
        846.0000000000         35.2632578229          7.5389545365        -24.1114587607        -39.0693302817
        849.0000000000         37.9806561440          7.6690336451        -11.9856920470        -38.5753916045
        852.0000000000         44.7029873123          6.7769062540         -9.6396267886        -41.1081680195
        855.0000000000         60.8766157897          6.2603284053        -10.3271622429        -40.1385090811
        858.0000000000         64.0119849563          7.6661096888        -27.2661044328        -28.1886484729
        861.0000000000         72.1573328521         13.2488373344        -27.4209337418        -27.0781950800
        864.0000000000         71.2644335708         17.6572587803         -8.4378586667        -25.6258606303
        867.0000000000         68.4013187330         17.2173725883         -9.2149824518        -28.6472784812
        870.0000000000         66.7404727249         16.1360506878        -19.9666288606        -29.4838447912
        873.0000000000         68.9712117275         17.1633477976        -25.7182571257        -30.1732720696
        876.0000000000         67.5350909825         20.6179476433        -26.6579221901        -33.9570750262
        879.0000000000         70.3927817309         11.9858212689        -25.4426346085        -35.8595046664
        882.0000000000         69.3163802347          2.5486034636        -19.3984692990        -36.9810558287
        885.0000000000         64.4844424743          2.6423587728        -16.4207701701        -38.7647287804
        888.0000000000         58.2175387495          7.9745666345        -14.3618335587        -37.5664863945
        891.0000000000         48.7425838614         13.2547906394        -22.6140268609        -36.7537680891
        894.0000000000         51.3355456154         15.5791320759        -25.8320543214        -35.2084894046
        897.0000000000         55.4337284561         11.8748765018        -24.1350034307        -33.3477707528
        900.0000000000         51.8654754745          9.1959538760        -16.3975359604        -31.2059705662
        903.0000000000         48.0841623283          8.5014417908        -25.4046752432        -29.3302874807
        906.0000000000         39.8356758631          6.6966941707        -20.3040772583        -27.3361367872
        909.0000000000         38.3528118236          7.1726787835        -15.9377268076        -26.2542390507
        912.0000000000         38.9510341934          3.4640004224        -16.6238210083        -26.5052820098
        915.0000000000         42.7123541134          2.1533509836        -21.2703000629        -27.1335465386
        918.0000000000         39.6748258947          1.8833413895        -16.0233107578        -28.1518016885
        921.0000000000         36.6871825114          1.9829705004         -9.0906049043        -27.3292850716
        924.0000000000         42.1483337302          1.6445868578        -22.4333966261        -28.2777051839
        927.0000000000         46.6734846498          1.7726452880        -15.0637931201        -32.0775303543
        930.0000000000         46.7030624958          2.1929391757        -14.4881058963        -38.2165598348
        933.0000000000         45.2599043689          3.0625975052        -13.0565337609        -40.1626874804
        936.0000000000         45.4907398392          4.5863464767        -11.0082686773        -37.0679705366
        939.0000000000         44.5999120413          6.5168886265        -12.7612826998        -29.9103467762
        942.0000000000         38.1047711761          7.5916610789        -23.8397129673        -22.8104299467
        945.0000000000         35.9435409729          8.8867496526        -28.5653700123        -16.2950461526
        948.0000000000         30.8785497948          6.5710279129        -35.1987238919         -3.5015901041
        951.0000000000         34.8706152883          4.8908433939         -6.2085092036         -3.0260737035
        954.0000000000         45.1709301630          3.5812185826        -11.4713364211         -2.4991908012
        957.0000000000         48.3374003405          2.7649427094        -22.4003474851         -1.9334340030
        960.0000000000         55.2876567465          3.3868364768        -25.6382382189         -1.4025830040
        963.0000000000         55.5462869093          4.2523437778        -28.0970737368         -1.3904027899
        966.0000000000         49.6312589995          4.4000602452        -23.1337532295         -0.9933914789
        969.0000000000         47.0628379615          3.6995149977        -28.1251267991         -0.5181232659
        972.0000000000         39.6280000037          3.9134066490        -29.3503201584         -0.6157779887
        975.0000000000         41.5528200113          3.9638448650         -9.4955275381         -0.7138184657
        978.0000000000         51.0203977215          3.5470236305        -15.3573607387         -1.2420007569
        981.0000000000         50.2635857149          3.2309625548        -18.6798048197         -0.9109749683
        984.0000000000         52.4820987317          3.2797153259        -27.9470914623         -0.9559974064
        987.0000000000         46.8129422731          3.8042349367        -36.3053410159         -1.0556661934
        990.0000000000         37.4421957450          4.0029998364        -10.5238489441         -1.1555810767
        993.0000000000         43.6957395476          3.8565646279        -16.4415576725         -1.2555596940
        996.0000000000         46.1095964486          3.3410696993        -35.7754286250         -1.3020618144
        999.0000000000         47.6114658926          3.6256993886        -43.4850990138         -1.4021183635
       1002.0000000000         44.6585908886          3.9524870962        -12.2143032723         -1.5018180941
       1005.0000000000         42.4583902456          4.1073531720        -15.4544553568         -1.6010412245
       1008.0000000000         35.8071572720          3.6001937226        -24.7737283131         -1.6475399618
       1011.0000000000         27.8096325934          3.9498098131        -31.8245279934         -1.7461565302
       1014.0000000000         17.5380926290          4.5996796233        -13.5335226580         -1.8437469581
       1017.0000000000         20.4470535179          3.8292877919        -29.0405709201         -1.8889347860
       1020.0000000000         21.4248357353          3.6770548141        -42.6975778873         -1.9848996323
       1023.0000000000         17.4324917396          3.8752429661         -8.8851457432         -2.0792267374
       1026.0000000000         14.1348265215          3.5235380960        -34.8172324470         -2.1219061154
       1029.0000000000         13.2842191259          3.8761537814        -50.8014399001         -2.2137433237
       1032.0000000000         14.2519578643          3.5368363909         -5.5396745922         -2.2538965097
       1035.0000000000         18.7928481566          3.6223547991        -32.9239005607         -2.3425276780
       1038.0000000000         21.9813298855          3.3541732678        -10.0772033727         -2.3795174896
       1041.0000000000         25.5377718043          3.4740191072        -23.0396301377         -2.4639934207
       1044.0000000000         26.2283457643          3.2592610260         -5.8024210725         -2.4997995508
       1047.0000000000         24.4819091004          3.5466545430        -16.5584414742         -2.5870437348
       1050.0000000000         24.7133975705          3.3888745344         -4.9294011172         -2.6235596061
       1053.0000000000         22.1212837323          3.5165873955        -18.5495651871         -2.7048062247
       1056.0000000000         15.4181978297          3.3502419663         -7.1781670138         -2.7363565024
       1059.0000000000         13.8580547386          3.5505086402        -20.6274324053         -2.8109045645
       1062.0000000000         13.3483952364          3.4516719960         -7.9057187410         -2.8368872392
       1065.0000000000         13.8644132646          3.8104412253        -22.9151296391         -2.9036512869
       1068.0000000000         14.2549980368          3.5947787700         -9.0319239513         -2.9236130068
       1071.0000000000         13.1897503058          3.4041072532         -9.2518990669         -2.9403507121
       1074.0000000000         13.7301036898          3.4568728776        -12.1460646056         -2.9957936701
       1077.0000000000         14.9186491422          3.3628677036        -13.6561841243         -3.0061430791
       1080.0000000000         15.0689807049          3.3986634858        -15.1928461978         -3.0131779298
       1083.0000000000         10.6542023560          3.5824218309        -17.6167099026         -3.0563204665
       1086.0000000000         13.1888126808          3.4693076629        -19.1125853984         -3.0568056825
       1089.0000000000         14.4661279839          3.5099044121        -19.8855269560         -3.0540760416
       1092.0000000000         14.3449715114          3.5488147338        -20.0056465923         -3.0482122822
       1095.0000000000         10.2085364448          3.5744466845        -17.7112429029         -3.0751636588
       1098.0000000000          9.9966634693          3.6043307136        -18.2559499498         -3.0630229378
       1101.0000000000          9.8853459859          3.6351336583        -20.4785694817         -3.0480396939
       1104.0000000000          9.7966286324          3.6665268713        -21.0907890506         -3.0303728005
       1107.0000000000          8.9684772316          3.6974044696        -20.8478400601         -3.0101806143
       1110.0000000000          6.0841438724          3.7271832517        -22.0515545264         -2.9876352720
       1113.0000000000          4.2095744564          3.7559277671        -22.8412136955         -2.9629392772
       1116.0000000000          4.2276262977          3.7834414670        -22.1972418762         -2.9362964626
       1119.0000000000          4.2434412714          3.8118709240        -20.1723973231         -2.9079237962
       1122.0000000000          5.1762005012          3.8384229167        -18.4302136452         -2.8780156414
       1125.0000000000          6.7503847560          3.8345731942        -21.0743310910         -2.8744249700
       1128.0000000000          6.1096180517          3.8841818045        -14.6806636824         -2.8145118320
       1131.0000000000          4.2848639743          3.9029626516        -18.6557592284         -2.7814566599
       1134.0000000000          4.2899038093          3.9205575512        -19.0307812389         -2.7478616732
       1137.0000000000          4.2929325134          3.9338709575        -19.9270172920         -2.7139297572
       1140.0000000000          4.2940482758          3.9431000383        -19.6931221801         -2.6799153409
       1143.0000000000          4.2933480153          3.9484937764        -18.3897652336         -2.6460327515
       1146.0000000000          4.2909200424          3.9505192182        -16.5254367052         -2.6127093863
       1149.0000000000          4.2868568335          3.9504849974        -16.3662123346         -2.5799672907
       1152.0000000000          4.2812473078          3.9493897658        -16.3402347096         -2.5479892469
       1155.0000000000          4.2741853014          3.9468321922        -14.6116948480         -2.5170316350
       1158.0000000000          4.2778220719          3.9825690679        -10.2020732613         -2.4642622384
       1161.0000000000          4.2676274222          3.9764832425         -8.6509386322         -2.4365099255
       1164.0000000000          4.2562976297          3.9687439986         -9.6513180298         -2.4103361787
       1167.0000000000          4.6459890616          3.9591734007        -10.0293872664         -2.3858721834
       1170.0000000000          4.2382080246          3.9948900161         -5.0515008693         -2.3393064544
       1173.0000000000          4.3642334702          3.9817077799         -4.4482608338         -2.3190081867
       1176.0000000000          4.9261647310          3.9669464660         -4.3307022685         -2.3007299981
       1179.0000000000          4.1966647433          3.9987515822         -4.2020400458         -2.2588751336
       1182.0000000000          4.7589674741          3.9768900618         -4.1846205200         -2.2451067375
       1185.0000000000          5.8224903732          3.9526456191         -4.1666692385         -2.2334616709
       1188.0000000000          4.1462951850          3.9803573703         -4.1482867634         -2.1962423164
       1191.0000000000          4.2700566440          3.9496205043         -4.1294702163         -2.1890441191
       1194.0000000000          4.1085348146          3.9772964166         -4.1085348146         -2.1537965730
       1197.0000000000          4.3944988374          3.9404050294         -4.0898367089         -2.1508869825
       1200.0000000000          4.0674829931          3.9704843360         -4.0674829931         -2.1172505000
       1203.0000000000          4.0496181577          3.9278150030         -4.0496181577         -2.1173701265
       1206.0000000000          4.0270701906          3.9568943450         -4.0274090768         -2.1850645401
       1209.0000000000          4.0004156732          2.1704193109         -4.0000781467         -3.9303735611
       1212.0000000000          0.0000000000          0.0000000000          0.0000000000          0.0000000000
