!------------------------------------------------------------!
  Date: 20191112
  Simulation name: CWZ4 
  Filename:PEbyx.txt                                                                                                                                             
  Produced in mod-subroutine:  massdist/energypotential                                                                                                                              
  Written by AK September 2019
  Description:Integrates by width potential energy necessary to overflow at each height                                                                             
  Data format: RMAX by t potential energy (J)                                                                                                                       
!------------------------------------------------------------!
        0.0000000000
  1798470.0163496411
     4914.3392179335
     4731.8260327413
     4549.3128475491
     4366.7996623569
     4184.2864771647
     5015.7353916380
     4833.2222064457
     4650.7090212535
     4468.1958360613
     4285.6826508691
     4103.1694656769
     4934.6183801502
     4752.1051949580
     4569.5920097658
     4387.0788245735
     4204.5656393813
     5036.0145538546
     4853.5013686624
     4670.9881834702
     4488.4749982780
     4305.9618130858
     4123.4486278935
     4954.8975423669
     4772.3843571746
     4589.8711719824
     4451.4315666581
     4224.8448015980
     5056.2937160713
     4873.7805308791
     4691.2673456869
     4508.7541604946
     4326.2409753024
     4143.7277901102
     4975.1767045835
     4792.6635193913
     4610.1503341991
     4427.6371490069
     4245.1239638147
     4062.6107786224
     4894.0596930957
     4711.5465079035
     4529.0333227113
     4346.5201375191
     4164.0069523269
     4995.4558668002
     4812.9426816080
     4630.4294964158
     4447.9163112235
     4265.4031260313
     4082.8899408391
     4914.3388553124
     4731.8256701202
     4549.3124849280
     4366.7992997358
     4184.2861145435
     5015.7350290169
     4833.2218438246
     4650.7086586324
     4468.1954734402
     4285.6822882480
     4103.1691030558
     4934.6180175291
     4752.1048323369
     4569.5916471447
     4387.0784619524
     4204.5652767602
     5036.0141912335
     4853.5010060413
     4670.9878208491
     4488.4746356569
     4305.9614504647
     4123.4482652724
     4954.8971797458
     4772.3839945535
     4589.8708093613
     4451.4312004108
     4224.8444389769
     5056.2933534502
     4873.7801682580
     4691.2669830658
     4508.7537978735
     4326.2406126813
     4143.7274274891
     4975.1763419624
     4792.6631567702
     4610.1499715780
     4427.6367863858
     4245.1236011936
     4062.6104160013
     4894.0593304746
     4711.5461452824
     4529.0329600902
     4346.5197748980
     4164.0065897058
     4995.4555041791
     4812.9423189869
     4630.4291337947
     4447.9159486024
     4265.4027634102
     4082.8895782180
     4914.3384926913
     4731.8253074991
     4549.3121223069
     4366.7989371147
     4184.2857519224
     5015.7346663958
     4833.2214812035
     4650.7082960113
     4468.1951108191
     4285.6819256269
     4103.1687404347
     4934.6176549080
     4752.1044697158
     4569.5912845235
     4387.0780993313
     4204.5649141391
     5036.0138286124
     4853.5006434202
     4670.9874582280
     4488.4742730358
     4305.9610878436
     4123.4479026513
     4954.8968171246
     4772.3836319324
     4589.8704467402
     4451.4308341635
     4224.8440763558
     5056.2929908291
     4873.7798056369
     4691.2666204447
     4508.7534352524
     4326.2402500602
     4143.7270648680
     4975.1759793413
     4792.6627941491
     4610.1496089569
     4427.6364237647
     4245.1232385724
     4062.6100533802
     4894.0589678535
     4711.5457826613
     4529.0325974691
     4346.5194122769
     4164.0062270847
     4995.4551415580
     4812.9419563658
     4630.4287711735
     4447.9155859813
     4265.4024007891
     4082.8892155969
     4963.4815113709
     4731.8249448780
     4549.3117596858
     4366.7985744936
     4184.2853893013
     5015.7343037747
     4833.2211185824
     4650.7079333902
     4468.1947481980
     4285.6815630058
     4103.1683778136
     4934.6172922869
     4752.1041070947
     4569.5909219024
     4387.0777367102
     4204.5645515180
     5036.0134659913
     4853.5002807991
     4670.9870956069
     4488.4739104147
     4305.9607252224
     4123.4475400302
     4954.8964545035
     4772.3832693113
     4589.8700841191
     4451.4304679162
     4224.8437137347
     5056.2926282080
     4873.7794430158
     4691.2662578236
     4508.7530726313
     4326.2398874391
     4143.7267022469
     4975.1756167202
     4792.6624315280
     4610.1492463358
     4427.6360611436
     4245.1228759513
     4062.6096907591
     4894.0586052324
     4711.5454200402
     4529.0322348480
     4346.5190496558
     4164.0058644636
     4995.4547789369
     4812.9415937447
     4630.4284085524
     4447.9152233602
     4265.4020381680
     4082.8888529758
     4914.3377674491
     4731.8245822569
     4549.3113970647
     4366.7982118725
     4184.2850266802
     5015.7339411535
     4833.2207559613
     4650.7075707691
     4468.1943855769
     4285.6812003847
     4103.1680151925
     4934.6169296658
     4752.1037444736
     4569.5905592813
     4387.0773740891
     4204.5641888969
     5036.0131033702
     4853.4999181780
     4670.9867329858
     4488.4735477936
     4305.9603626013
     4123.4471774091
     4954.8960918824
     4772.3829066902
     4589.8697214980
     4451.4301016688
     4224.8433511136
     5056.2922655869
     4873.7790803947
     4691.2658952024
     4508.7527100102
     4326.2395248180
     4143.7263396258
     4975.1752540991
     4792.6620689069
     4610.1488837147
     4427.6356985225
     4245.1225133302
     4062.6093281380
     4894.0582426113
     4711.5450574191
     4529.0318722269
     4346.5186870347
     4164.0055018425
     4995.4544163158
     4812.9412311236
     4630.4280459313
     4447.9148607391
     4265.4016755469
     4082.8884903547
     4914.3374048280
     4731.8242196358
     4549.3110344436
     4366.7978492513
     4184.2846640591
     5015.7335785324
     4833.2203933402
     4650.7072081480
     4468.1940229558
     4285.6808377636
     4103.1676525714
     4934.6165670447
     4752.1033818525
     4569.5901966602
     4387.0770114680
     4204.5638262758
     5036.0127407491
     4853.4995555569
     4670.9863703647
     4488.4731851725
     4305.9599999802
     4123.4468147880
     4954.8957292613
     4772.3825440691
     4589.8693588769
     4451.4297354215
     4224.8429884925
     5056.2919029658
     4873.7787177736
     4691.2655325813
     4508.7523473891
     4326.2391621969
     4143.7259770047
     4975.1748914780
     4792.6617062858
     4610.1485210936
     4427.6353359014
     4245.1221507091
     4062.6089655169
     4894.0578799902
     4711.5446947980
     4529.0315096058
     4346.5183244136
     4164.0051392214
     4995.4540536947
     4812.9408685025
     4630.4276833102
     4447.9144981180
     4265.4013129258
     4082.8881277336
     4963.4804126290
     4731.8238570147
     4549.3106718225
     4366.7974866302
     4184.2843014380
     5015.7332159113
     4833.2200307191
     4650.7068455269
     4468.1936603347
     4285.6804751425
     4103.1672899503
     4934.6162044236
     4752.1030192313
     4569.5898340391
     4387.0766488469
     4204.5634636547
     5036.0123781280
     4853.4991929358
     4670.9860077436
     4488.4728225514
     4305.9596373591
     4123.4464521669
     4954.8953666402
     4772.3821814480
     4589.8689962558
     4451.4293691742
     4224.8426258714
     5056.2915403447
     4873.7783551525
     4691.2651699602
     4508.7519847680
     4326.2387995758
     4143.7256143836
     4975.1745288569
     4792.6613436647
     4610.1481584725
     4427.6349732802
     4245.1217880880
     4062.6086028958
     4894.0575173691
     4711.5443321769
     4529.0311469847
     4346.5179617925
     4164.0047766003
     4995.4536910736
     4812.9405058813
     4630.4273206891
     4447.9141354969
     4265.4009503047
     4082.8877651125
     4914.3366795858
     4731.8234943936
     4549.3103092014
     4366.7971240091
     4184.2839388169
     5015.7328532902
     4833.2196680980
     4650.7064829058
     4468.1932977136
     4285.6801125214
     4103.1669273291
     4934.6158418025
     4752.1026566102
     4569.5894714180
     4387.0762862258
     4204.5631010336
     5036.0120155069
     4853.4988303147
     4670.9856451225
     4488.4724599302
     4305.9592747380
     4123.4460895458
     4954.8950040191
     4772.3818188269
     4589.8686336347
     4451.4290029269
     4224.8422632503
     5056.2911777236
     4873.7779925314
     4691.2648073391
     4508.7516221469
     4326.2384369547
     4143.7252517625
     4975.1741662358
     4792.6609810436
     4610.1477958514
     4427.6346106591
     4245.1214254669
     4062.6082402747
     4894.0571547480
     4711.5439695558
     4529.0307843636
     4346.5175991714
     4164.0044139791
     4995.4533284525
     4812.9401432602
     4630.4269580680
     4447.9137728758
     4265.4005876836
     4082.8874024914
        0.0000000000
        0.0000000000
        0.0000000000
  1798470.0163496411
  2413133.5665712478
  2328046.2637304417
  2176429.0267068367
  2011292.3635099267
  1801756.4463768674
  2205582.6374325743
  1978664.8229898314
  1787401.8747391452
  1571645.5831584856
  1378544.5519151906
  1182035.4038280654
  1574641.7158653755
  1347747.9232510615
  1131335.1305920512
   932776.8884910623
   746080.7625549266
  1111166.4164076401
   947216.1565985937
   756541.5943991824
   621339.8542418223
   479307.9176581362
   356743.5452461552
   552521.5388806533
   443730.5316911699
   341200.0898999098
   239123.2262523896
   133306.6624001331
   181293.6128991266
   125829.4152505609
    84065.2623371689
    57334.8690209455
    40938.1876531631
    29438.8127719803
    44931.4156623275
    34576.2285286720
    26672.8113892016
    20629.7559365554
    18028.0789328349
    16031.0915714807
    17281.3650409082
    15991.9331355921
    12833.3203658011
     8019.2919148694
     4171.1399167482
     4834.0531946097
     4794.7599147917
     4625.8148295629
     4448.1002353193
     4265.4028308764
     4082.8906739948
     4914.3415326739
     4731.8272373178
     4549.3136598546
     4366.7999181651
     4184.2866871277
     5015.7368145938
     4833.2230103887
     4650.7093161291
     4468.1960748252
     4285.6826593932
     4103.1695672722
     4934.6197566221
     4752.1058256564
     4569.5923505493
     4387.0790722618
     4204.5659005985
     5036.0156501540
     4853.5018445347
     4670.9885226114
     4488.4753422581
     4305.9621462138
     4123.4489778444
     4954.8987739402
     4772.3850157651
     4589.8714060618
     4451.4320231912
     4224.8449230521
     5056.2947607781
     4873.7811574568
     4691.2678528520
     4508.7546407769
     4326.2414133722
     4143.7282235235
     4975.1776382478
     4792.6638980464
     4610.1507272927
     4427.6375236658
     4245.1241617281
     4062.6109636921
     4894.0605940673
     4711.5467765589
     4529.0334383271
     4346.5202189887
     4164.0070589053
     4995.4564394372
     4812.9428513185
     4630.4295886511
     4447.9164333597
     4265.4032040821
     4082.8897306079
     4914.3394142036
     4731.8258070399
     4549.3122269868
     4366.7993677255
     4184.2861970814
     5015.7351590661
     4833.2219791401
     4650.7087429722
     4468.1952511051
     4285.6820191829
     4103.1688614085
     4934.6181107900
     4752.1045794423
     4569.5917455182
     4387.0785215915
     4204.5650431485
     5036.0142412256
     4853.5007338438
     4670.9875384820
     4488.4743989818
     4305.9611728751
     4123.4480140877
     4954.8972258120
     4772.3837285909
     4589.8705752702
     4451.4315593578
     4224.8442184024
     5056.2933727047
     4873.7798912370
     4691.2667078941
     4508.7535657447
     4326.2403628462
     4143.7274607626
     4975.1767281825
     4792.6629229562
     4610.1497085570
     4427.6365869180
     4245.1236271092
     4062.6104636964
     4894.0593696035
     4711.5458760247
     4529.0327246651
     4346.5197977383
     4164.0066361532
     4995.4555053723
     4812.9420685809
     4630.4292003970
     4447.9160542466
     4265.4025172872
     4082.8893438991
     4963.4825579245
     4731.8250678982
     4549.3118865949
     4366.7989603863
     4184.2858038756
     5015.7346213702
     4833.2212198838
     4650.7083585151
     4468.1952160982
     4285.6816764051
     4103.1684877923
     4934.6175880725
     4752.1045209808
     4569.5913531664
     4387.0778394849
     4204.5646613506
     5036.0137366524
     4853.5006920248
     4670.9875269560
     4488.4740736607
     4305.9608105645
     4123.4476573148
     4954.8967033004
     4772.3833286313
     4589.8701862654
     4451.4311936101
     4224.8438725761
     5056.2928745493
     4873.7794982866
     4691.2663240973
     4508.7531951018
     4326.2399720303
     4143.7268348740
     4975.1758755999
     4792.6624885580
     4610.1493243504
     4427.6365705191
     4245.1232923720
     4062.6098582077
     4894.0588923856
     4711.5454813745
     4529.0323134240
     4346.5191415154
     4164.0063850465
     4995.4554212720
     4812.9416846357
     4630.4289041880
     4447.9156837047
     4265.4021749575
     4082.8893923532
     4914.3384340802
     4731.8246841704
     4549.3118999232
     4366.7986227365
     4184.2855989606
     5015.7346162100
     4833.2212796066
     4650.7080087783
     4468.1949563277
     4285.6816344419
     4103.1686547759
     4934.6179323605
     4752.1042529110
     4569.5911772133
     4387.0780873831
     4204.5650060132
     5036.0139463342
     4853.5005510351
     4670.9874908576
     4488.4743807604
     4305.9611874209
     4123.4480670910
     4954.8972805215
     4772.3837510188
     4589.8702886762
     4451.4309721694
     4224.8439202433
     5056.2933711510
     4873.7799506860
     4691.2668113837
     4508.7536228649
     4326.2403657070
     4143.7271728569
     4975.1762154166
     4792.6626673108
     4610.1496842295
     4427.6364867158
     4245.1231343771
     4062.6099432046
     4894.0592417550
     4711.5456433881
     4529.0323860885
     4346.5191957806
     4164.0060175643
     4995.4551916967
     4812.9416961222
     4630.4286203637
     4447.9153871768
     4265.4021716752
     4082.8887065448
     4914.3381248471
     4731.8247152205
     4549.3112274490
     4366.7982971180
     4184.2851811105
     5015.7339277130
     4833.2208569437
     4650.7077776535
     4468.1942239490
     4285.6809620872
     4103.1678213376
     4934.6168850672
     4752.1034965518
     4569.5907233347
     4387.0774787968
     4204.5639975594
     5036.0130319387
     4853.4996552429
     4670.9865518408
     4488.4733654524
     4305.9601116291
     4123.4469679787
     4954.8960327297
     4772.3826705257
     4589.8695680473
     4451.4304638072
     4224.8431826537
     5056.2922206484
     4873.7788454617
     4691.2657173471
     4508.7525317176
     4326.2393124169
     4143.7264042236
     4975.1756080009
     4792.6619196402
     4610.1487334016
     4427.6355718003
     4245.1225601507
     4062.6094034396
     4894.0583827692
     4711.5449005653
     4529.0317525820
     4346.5187423320
     4164.0055814327
     4995.4546156181
     4812.9411386391
     4630.4282434261
     4447.9150304720
     4265.4015143391
     4082.8883402502
     4963.4817106888
     4731.8242030475
     4549.3109632480
     4366.7979333846
     4184.2847711889
     5015.7339675142
     4833.2203977031
     4650.7074548082
     4468.1942300696
     4285.6807057304
     4103.1675018312
     4934.6170618073
     4752.1037087626
     4569.5904401472
     4387.0768926329
     4204.5636882591
     5036.0133027684
     4853.4999253515
     4670.9866881620
     4488.4731830057
     4305.9598485399
     4123.4466863996
     4954.8963513486
     4772.3826593598
     4589.8693811113
     4451.4301757231
     4224.8429340956
     5056.2925868687
     4873.7788657419
     4691.2655729741
     4508.7523087218
     4326.2390252385
     4143.7258716678
     4975.1756493322
     4792.6619033497
     4610.1486072520
     4427.6356402743
     4245.1223601999
     4062.6089050798
     4894.0587121871
     4711.5449238359
     4529.0315363979
     4346.5182325108
     4164.0053603481
     4995.4552795961
     4812.9411891080
     4630.4281311343
     4447.9148396515
     4265.4012589663
     4082.8883434495
     4914.3382977944
     4731.8241929548
     4549.3110665045
     4366.7977204139
     4184.2845495393
     5015.7344720615
     4833.2207155306
     4650.7073431933
     4468.1940433568
     4285.6807040789
     4103.1675782466
     4934.6176236223
     4752.1038061329
     4569.5903587558
     4387.0770966281
     4204.5639088928
     5036.0137103037
     4853.4999546443
     4670.9867554249
     4488.4735190079
     4305.9601799730
     4123.4469599357
     4954.8968267836
     4772.3831240911
     4589.8695057865
     4451.4299435202
     4224.8428372271
     5056.2928063529
     4873.7793149996
     4691.2660142804
     4508.7527093863
     4326.2392923738
     4143.7260011281
     4975.1754174765
     4792.6619243571
     4610.1488706766
     4427.6356148294
     4245.1219464460
     4062.6087057627
     4894.0584465102
     4711.5447959402
     4529.0315165004
     4346.5180002405
     4164.0048324885
     4995.4541238279
     4812.9408990388
     4630.4275944344
     4447.9144446920
     4265.4015350046
     4082.8883359934
        0.0000000000
        0.0000000000
        0.0000000000
  1798470.0163496411
  2493053.9665878825
  2408287.2288522557
  2264677.0688840058
  2105183.4986308292
  1914740.5140745279
  2359428.6305129798
  2170981.9002732453
  1991112.7879955154
  1780605.6681574471
  1613177.2924733486
  1458885.9410864210
  1911228.2017101364
  1747050.7969636046
  1564432.1511839353
  1418367.3036494632
  1272882.9691394886
  1712588.4342555921
  1560321.7352528414
  1387371.0084751842
  1256227.8503258252
  1132995.3302310801
  1011676.2060941509
  1427388.7884161412
  1294808.6135159074
  1166067.2124188729
  1042705.7044034060
   895057.7055772418
  1275631.7718786811
  1152076.3716239713
  1036366.5834848455
   933148.3958752733
   838702.1502291925
   744832.5930506346
  1076322.7574329455
   969922.8815028381
   862092.4768309690
   755498.0027080920
   679175.7107770157
   579065.4143859815
   790814.4330752779
   696590.0306818524
   617861.8693584061
   519202.8370049133
   409140.1617823303
   573560.3001090073
   498557.3832835148
   432635.4645356211
   396180.5193579332
   336087.9029345958
   266735.8555198957
   361051.4569089174
   306759.6758113363
   251330.4636620515
   223547.0306022161
   171304.8122252735
   224815.4929029596
   183893.3629656341
   165033.0515715911
   133334.1472805539
   117026.6378014416
    89215.5507213939
   113022.6179384345
   100016.1231133337
    80189.7749376096
    67654.1291804068
    56627.8025875461
    70800.2978280565
    57710.9988893381
    49283.3883408603
    41766.3963932563
    34940.3425669192
    28833.5734290941
    36816.6601050046
    32122.7459102436
    27830.7700488465
    23873.8587173273
    20182.4201980341
    25305.3913292400
    22573.5156581913
    20240.9167331126
    18244.3157505797
    16531.3782622314
    15074.4108098403
    18161.6750355668
    17123.1303097610
    16237.3481884410
    15498.1408279431
    14897.0416643816
    14404.1026745202
    16525.8119958194
    15831.6765422147
    14895.5473215323
    13666.6996054352
    12320.0128337182
    13090.6699109698
    12007.0403865440
    11014.8672398760
     9843.8605138504
     8344.8061217507
     6628.8401992319
     6183.0772621159
     5208.6714540011
     4760.0544733885
     4507.0796160857
     4243.8660203832
     5015.1553235617
     4826.9006885713
     4650.7134952022
     4468.1984530904
     4285.6841280666
     4103.1701083320
     4934.6245999622
     4752.1092940733
     4569.5947602474
     4387.0807530255
     4204.5662474235
     5036.0198544027
     4853.5045076383
     4670.9897864269
     4488.4756195786
     4305.9618100812
     4123.4482732835
     4954.9024869731
     4772.3870830788
     4589.8724013574
     4451.4327798815
     4224.8447865035
     5056.2978510400
     4873.7825548313
     4691.2680467133
     4508.7541715534
     4326.2406569310
     4143.7277981795
     4975.1812019103
     4792.6655849619
     4610.1509566623
     4427.6371124920
     4245.1241299519
     4062.6107019561
     4894.0635350718
     4711.5481111911
     4529.0337038872
     4346.5204652068
     4164.0069578574
     4995.4590961142
     4812.9439370223
     4630.4302515999
     4447.9165400280
     4265.4028796259
     4082.8895450062
     4963.4864652338
     4731.8270556239
     4549.3126960871
     4366.7995433378
     4184.2861618216
     5015.7379488097
     4833.2228624247
     4650.7092842743
     4468.1956815666
     4285.6820364006
     4103.1687340887
     4934.6209104945
     4752.1063911304
     4569.5921993761
     4387.0782879476
     4204.5649367977
     5036.0168275411
     4853.5024490107
     4670.9883485012
     4488.4745065641
     4305.9610802723
     4123.4479085514
     4954.8999587228
     4772.3849012785
     4589.8708310341
     4451.4318891531
     4224.8443094260
     5056.2960207578
     4873.7810102729
     4691.2669484418
     4508.7534603009
     4326.2401919325
     4143.7270996271
     4975.1791480247
     4792.6640808846
     4610.1499960141
     4427.6369939242
     4245.1238553720
     4062.6102779770
     4894.0622377984
     4711.5471211378
     4529.0329705842
     4346.5194502141
     4164.0068150951
     4995.4589500871
     4812.9434384160
     4630.4297517547
     4447.9163183610
     4265.4025748412
     4082.8898466284
     4914.3421416297
     4731.8265306762
     4549.3127678911
     4366.7992604178
     4184.2861729630
     5015.7382200026
     4833.2232223818
     4650.7090769644
     4468.1955604096
     4285.6822311382
     4103.1692736930
     4934.6216514923
     4752.1065374057
     4569.5923217739
     4387.0787970699
     4204.5657001363
     5036.0178209687
     4853.5026923993
     4670.9885930330
     4488.4751225144
     4305.9619225526
     4123.4488830591
     4954.9011917993
     4772.3860521114
     4589.8715290476
     4451.4320807297
     4224.8445505238
     5056.2968216160
     4873.7820680269
     4691.2680807469
     4508.7545657372
     4326.2412190898
     4143.7280295685
     4975.1801316433
     4792.6646566601
     4610.1507245278
     4427.6372704093
     4245.1240229132
     4062.6104945314
     4894.0625944149
     4711.5476999430
     4529.0331790276
     4346.5198890939
     4164.0064771798
     4995.4582930929
     4812.9431901943
     4630.4295057737
     4447.9158243004
     4265.4027558386
     4082.8890229957
     4914.3408760999
     4731.8262900451
     4549.3117346723
     4366.7986564025
     4184.2857321538
     5015.7363883471
     4833.2220599870
     4650.7085551196
     4468.1944958349
     4285.6811329585
     4103.1679863893
     4934.6191697887
     4752.1044689619
     4569.5911857216
     4387.0780501137
     4204.5642512362
     5036.0151514452
     4853.5005207184
     4670.9868392648
     4488.4735181531
     4305.9602513845
     4123.4471195809
     4954.8980779704
     4772.3834830274
     4589.8698471577
     4451.4311097121
     4224.8434800250
     5056.2941436519
     4873.7795934272
     4691.2659818211
     4508.7526878884
     4326.2394711081
     4143.7268379499
     4975.1776912933
     4792.6627947449
     4610.1490405931
     4427.6357475016
     4245.1229931969
     4062.6097797156
     4894.0603108460
     4711.5456355338
     4529.0320039052
     4346.5191950937
     4164.0059768094
     4995.4564517716
     4812.9418665719
     4630.4288230097
     4447.9153925159
     4265.4017982324
     4082.8886192700
     4963.4840036723
     4731.8250394874
     4549.3112481615
     4366.7984162514
     4184.2852348013
     5015.7358304341
     4833.2211419124
     4650.7080559583
     4468.1945899380
     4285.6810104299
     4103.1678666721
     4934.6188907667
     4752.1047536681
     4569.5908939210
     4387.0772243189
     4204.5641050254
     5036.0151500108
     4853.5010068237
     4670.9872001284
     4488.4734841063
     4305.9601076183
     4123.4471428137
     4954.8983147672
     4772.3834349403
     4589.8696600314
     4451.4309368654
     4224.8435709167
     5056.2946281458
     4873.7796869756
     4691.2658975063
     4508.7524938245
     4326.2392929893
     4143.7264604077
     4975.1777889146
     4792.6627687191
     4610.1489628343
     4427.6360260532
     4245.1230197437
     4062.6096339449
     4894.0609136923
     4711.5457734697
     4529.0318463517
     4346.5185721254
     4164.0062588808
     4995.4578516953
     4812.9421618278
     4630.4287356052
     4447.9154242185
     4265.4017090951
     4082.8893031954
     4914.3408600204
     4731.8251205921
     4549.3116447051
     4366.7984149472
     4184.2856038662
     5015.7369757456
     4833.2218662839
     4650.7081058544
     4468.1946478127
     4285.6814285732
     4103.1686983739
     4934.6200945845
     4752.1050689984
     4569.5911557298
     4387.0779093144
     4204.5650859050
     5036.0161690914
     4853.5012001502
     4670.9877647611
     4488.4744347956
     4305.9611583294
     4123.4482225495
     4954.8991399422
     4772.3843811352
     4589.8702881623
     4451.4309648725
     4224.8437557399
     5056.2947982755
     4873.7806069431
     4691.2672608967
     4508.7538068878
     4326.2402165240
     4143.7269784852
     4975.1769772768
     4792.6629580222
     4610.1500450388
     4427.6366402421
     4245.1226030725
     4062.6093554235
     4894.0598039259
     4711.5457797548
     4529.0323521715
     4346.5185057544
     4164.0052979261
     4995.4550995743
     4812.9418194883
     4630.4285033034
     4447.9153698290
     4265.4027162052
     4082.8895024419
        0.0000000000
        0.0000000000
        0.0000000000
     1003.6989921480
  2511933.8413629979
  2441659.1105655883
  2320159.9696560735
  2175316.4802102786
  1989926.2149680480
  2450459.7560108961
  2266616.5816247864
  2084539.4483899053
  1883858.6065817717
  1721185.1638022962
  1564093.4765922960
  2015893.3108825888
  1852528.0784340512
  1668581.4946336749
  1527546.2586626695
  1394212.5817164639
  1852850.0047993180
  1703567.9501743494
  1537050.5190430942
  1414121.2943328142
  1298684.1169836663
  1184826.7881719794
  1620096.9898343370
  1489409.3697461821
  1367844.2279701533
  1252221.9057278994
  1112057.8981970118
  1525881.5729287309
  1399127.1200561228
  1281648.1148501865
  1173753.8411164652
  1073058.8991848018
   977359.8658455033
  1360454.9580385454
  1247500.0773590449
  1139625.1023183116
  1039620.8239254594
   970496.1728059188
   880825.3504969374
  1219927.4931440665
  1113304.1919476395
  1012588.2927615050
   915049.1650666875
   820799.9885794790
  1156368.9082127160
  1053239.3249924665
   956086.0103127148
   890222.8588827586
   802747.3992863564
   717745.6744964727
  1012063.2282286074
   918280.2272637907
   825029.1928266258
   758993.8677428999
   669289.1927760858
   930163.8564177783
   837609.8944246881
   773439.9559737319
   690684.3832360845
   630318.3521108872
   542521.9320988202
   744612.2408581531
   681172.2519579047
   605043.5353132690
   547877.2220732205
   485530.9074588653
   669056.4195567035
   594724.2298999156
   537469.9478059337
   484028.3974406797
   430961.2883016668
   373246.7007812929
   494336.9599679997
   435216.5858701041
   386590.7128245753
   344410.4929008733
   303305.5561197060
   415462.2749950829
   368371.6098557748
   327152.6077074443
   294211.5148020742
   259591.7798531993
   222487.0441369847
   309860.8886694732
   258128.5114153048
   223836.8674540515
   201008.7319722456
   182490.8858383899
   158182.3485103183
   221676.2374614260
   186233.6110896341
   161016.5986726973
   141099.2104679789
   120796.1198096409
   171562.6839598572
   146760.6213483059
   126153.8951194085
   109530.2381260749
    92632.4832581833
    75448.3902564562
   107647.2607938552
    92856.1420761299
    82254.0492349495
    70097.3592408278
    57512.3723709360
    82493.2846206399
    71429.2473510326
    62527.5403096251
    53629.6408194325
    45137.7069299566
    36895.6693972403
    55766.9898695310
    49020.6317699983
    42498.9466324520
    36101.0812205895
    29829.6423089616
    43629.8459786630
    37996.0518266904
    32666.2236469661
    28001.7239924698
    23714.6899785516
    19947.8675410458
    29881.6744339694
    26035.8499756145
    22357.3694417532
    19024.9481449851
    15950.8585886354
    23135.1967708221
    20290.1736139520
    17649.6278571870
    15264.3674307593
    13159.6342918973
    11305.0783115257
    16268.9553490414
    14486.2971844590
    12943.8008730380
    11603.1672954239
    10387.4436145458
     9201.3694870126
    12539.8260063258
    11299.5178196768
    10078.6617094525
     9071.0682514897
     8278.3108269765
    11467.4111555453
    10699.5004643696
    10020.2537904095
     9449.6823422726
     9044.0009402436
     8760.5753232961
    11908.7727252615
    11639.7074326515
    11623.8039827685
    11530.5998184626
    10923.3814371494
    12685.9173661437
    11794.4283606939
    10554.4620919530
     9100.6795044220
     7959.5512614379
     7268.5487044328
     8316.8839280827
     7976.4339120898
     7349.6656384062
     6806.7676807154
     6160.3185186783
     6598.3395922434
     6013.4971027597
     5362.0169637075
     4995.8868456717
     4589.0140915523
     4200.0230244418
     4941.6293373075
     4769.7066076168
     4589.8768488245
     4451.4347178729
     4224.8468749464
     5056.3020348129
     4873.7851098957
     4691.2696502808
     4508.7551989843
     4326.2414297062
     4143.7284629649
     4975.1841958157
     4792.6672669552
     4610.1519569344
     4427.6383693459
     4245.1247204689
     4062.6117505082
     4894.0669544146
     4711.5498337412
     4529.0344874750
     4346.5205388775
     4164.0083546573
     4995.4630321679
     4812.9458650775
     4630.4312794094
     4447.9171913781
     4265.4035233363
     4082.8914774984
     4914.3464814308
     4731.8289085721
     4549.3142423911
     4366.8003441918
     4184.2879279687
     5015.7423865635
     4833.2256224857
     4650.7103399448
     4468.1965955186
     4285.6832710302
     4103.1712307980
     4934.6261394250
     4752.1089359948
     4569.5940065638
     4387.0801537113
     4204.5674778681
     5036.0221191360
     4853.5053611806
     4670.9901394369
     4488.4762364666
     4305.9631779089
     4123.4508285234
     4954.9058081514
     4772.3885118706
     4589.8728724166
     4451.4336474518
     4224.8464344177
     5056.3013314326
     4873.7845778961
     4691.2696132520
     4508.7557580492
     4326.2424890909
     4143.7298937301
     4975.1847116381
     4792.6671691313
     4610.1522055530
     4427.6383178245
     4245.1252465461
     4062.6122662673
     4894.0668833928
     4711.5499430046
     4529.0343779337
     4346.5209899986
     4164.0080731043
     4995.4622622470
     4812.9451918675
     4630.4306178851
     4447.9166385178
     4265.4036754564
     4082.8904002378
     4914.3447625256
     4731.8281582731
     4549.3126069760
     4366.7995851875
     4184.2871146255
     5015.7398699091
     4833.2238552536
     4650.7094908909
     4468.1950247981
     4285.6817340374
     4103.1691175668
     4934.6224988481
     4752.1059449705
     4569.5921187453
     4387.0788436264
     4204.5653501691
     5036.0182669635
     4853.5018156502
     4670.9874357951
     4488.4739491938
     4305.9607806309
     4123.4481260498
     4954.9010910856
     4772.3847148816
     4589.8704969147
     4451.4320640175
     4224.8444964535
     5056.2969426333
     4873.7806872717
     4691.2665069750
     4508.7531145899
     4326.2400624250
     4143.7279344974
     4975.1807023746
     4792.6638688518
     4610.1495567198
     4427.6362287834
     4245.1236382999
     4062.6109749678
     4894.0628989909
     4711.5465419399
     4529.0324950097
     4346.5197995821
     4164.0071484106
     4995.4588620907
     4812.9427647145
     4630.4294081898
     4447.9160068857
     4265.4023039671
     4082.8896602140
     4963.4868095104
     4731.8258303828
     4549.3116605664
     4366.7990225631
     4184.2864688633
     5015.7380772277
     4833.2219137381
     4650.7085968882
     4468.1951398864
     4285.6815124964
     4103.1689427830
     4934.6211860500
     4752.1056436262
     4569.5914431184
     4387.0777129552
     4204.5652303923
     5036.0174393906
     4853.5019378524
     4670.9877794554
     4488.4738061992
     4305.9606311958
     4123.4483622029
     4954.9006798111
     4772.3841554912
     4589.8700316330
     4451.4319576710
     4224.8449161432
     5056.2970948970
     4873.7804701175
     4691.2662186561
     4508.7527713928
     4326.2399143980
     4143.7278551036
     4975.1804699844
     4792.6636541535
     4610.1493513981
     4427.6366070750
     4245.1239624124
     4062.6111107055
     4894.0636991706
     4711.5466882105
     4529.0322601225
     4346.5193082053
     4164.0079965946
     4995.4609758030
     4812.9432220363
     4630.4294567631
     4447.9160507855
     4265.4025731712
     4082.8910762432
     4914.3440287156
     4731.8261866540
     4549.3124316462
     4366.7994400842
     4184.2874079249
     5015.7401542520
     4833.2232350149
     4650.7088789512
     4468.1954365044
     4285.6825231707
     4103.1705655546
     4934.6233288264
     4752.1064022235
     4569.5921314805
     4387.0790539754
     4204.5668518669
     5036.0192872764
     4853.5027801146
     4670.9888675577
     4488.4754514799
     4305.9624148442
     4123.4500001228
     4954.9021258997
     4772.3857186084
     4589.8711471507
     4451.4322054846
     4224.8451766153
     5056.2974264473
     4873.7820781976
     4691.2686446684
     4508.7550530574
     4326.2412989538
     4143.7283119460
     4975.1790642080
     4792.6642645731
     4610.1514176690
     4427.6378697564
     4245.1233759180
     4062.6102716279
     4894.0615595100
     4711.5469864622
     4529.0334443607
     4346.5190823907
     4164.0058979490
     4995.4564040523
     4812.9430272389
     4630.4297476341
     4447.9166219858
     4265.4041917770
     4082.8909703361
        0.0000000000
        0.0000000000
        0.0000000000
     1003.6989921480
   758032.5947382610
   652554.2520226516
   583841.0498303802
   528185.9961892470
   464206.6225354661
   871042.5780182391
   799803.1362351605
   733022.6242610188
   652970.9427899859
   586059.5620196959
   514519.1261706623
   902368.6221949308
   805132.4685710126
   711781.9612246532
   653264.4859200253
   599637.7315930163
  1023647.6643841133
   940928.9165627008
   846161.9818042543
   786552.9644177901
   731710.1675183794
   676218.1172395223
  1104872.5935734797
  1021392.6238800515
   948330.3718994869
   881570.5229066901
   785640.8936512801
  1212752.3750674122
  1117790.7510045222
  1033823.3484506840
   959585.9464267109
   889292.8250053555
   818192.3800110123
  1242609.1013809945
  1147277.6357125174
  1057521.8219245519
   975334.3198106824
   917448.2331046507
   838289.1207785237
  1242543.4620013349
  1141482.5597322485
  1044420.1570930260
   950426.6212743187
   857627.8453267984
  1268011.9010907549
  1161009.5354128676
  1062500.6787750688
   993588.2414516589
   905166.0340447903
   813844.9316378781
  1197759.1177606294
  1092751.1200923687
   993744.3097480894
   919114.1797719969
   821257.6708329701
  1184950.5443228749
  1077033.6500182906
   997351.6216264203
   903051.6433121035
   830742.6610212564
   734651.6303965164
  1070481.1694637327
   986268.7302653490
   890571.7251492855
   811461.2566954147
   725894.7088327393
  1049279.1946530023
   945840.3032495417
   864698.6632076040
   787737.2238824922
   709466.6768983613
   625130.1362257409
   915673.8500645605
   831004.1095413998
   755223.5944649806
   681286.7497596162
   598607.7944559179
   892316.3617775427
   804237.0932023198
   726232.6655262100
   655065.7000863478
   583546.2294542067
   507998.3092945882
   763120.3387605683
   677395.5811756916
   615658.8595901772
   565562.7414498712
   506754.0484522978
   435443.9028384565
   667343.2601201283
   575528.7770678436
   507645.3484144837
   448058.1805384301
   387820.1585672440
   622007.6979368028
   541990.7688273577
   478331.2798707528
   424627.5164675379
   371559.6770690881
   311906.9300085666
   499079.9224995411
   415072.7810049879
   362858.2472493798
   325130.4665559403
   283635.5010818982
   468416.2633970000
   398571.9436806349
   345682.4292342798
   308307.0508106825
   269695.8512672679
   227338.8366628661
   367847.0316157904
   304091.5897224162
   269723.2919890502
   243625.6693832172
   210686.5631213028
   340110.6890612898
   287195.3514973401
   247325.7304410131
   218090.5426808716
   187449.5896424855
   156144.6969896209
   246431.9736171719
   209615.3867747679
   187333.2952871255
   166627.6956166767
   138469.5253772597
   205380.5519410339
   175102.2959588194
   152564.6179286232
   132894.0236437108
   114640.6389484068
    96249.7292240593
   141832.1003895790
   126611.9146342047
   114797.0892220619
   102209.0464082640
    91625.7512605098
    75909.1500846527
   110687.9924345776
    98830.7375474633
    88365.3795394709
    79197.3122958551
    63533.0115910954
    85317.8138478551
    76234.9391152294
    70405.8164409159
    58947.4967235246
    52521.3458036567
    47011.5233357724
    60806.9761093738
    48469.2618890281
    43099.7919179498
    39456.7266080411
    31142.6154502263
    38815.1842925234
    34466.2506224159
    32118.9053178730
    27327.4317284008
    24725.4424716140
    21928.6313622533
    27229.8355477341
    24227.8016548707
    19764.4329818176
    17861.9321861820
    16252.4502827103
    21096.8692899647
    19429.1409094484
    15728.7777101216
    13881.3874589939
    12278.5851273638
    10815.2921938887
    13571.7942133713
    11893.6176216533
    10260.1557901025
     8875.8565962498
     7170.3452272087
     9167.3298830366
     8179.1985266129
     7322.9885085905
     6542.2883588147
     5844.2677443168
     5223.4831868086
     6802.1056363861
     6162.5152595812
     5696.4646938619
     5295.6114292851
     5025.1682769496
     4676.9258039986
     6186.9893799285
     5752.4338072330
     5357.8667281421
     5019.7352394759
     4696.2706344251
     6064.6316439114
     5725.6239295685
     5373.2643656113
     5106.5633602779
     4775.3954442372
     4465.1648257848
     5562.7072902116
     5260.6575424309
     4960.5948948702
     4705.6120241399
     4450.1959353278
     5335.3202896994
     5103.9763676505
     4861.3725107461
     4606.9178119720
     4365.1787604298
     4155.1399739557
     4995.2798171970
     4782.1831417741
     4572.9092342731
     4376.2416798997
     4187.9112048961
     5017.1831325763
     4842.9334034021
     4661.5653610797
     4475.4377592560
     4299.9143984971
     4121.9239577938
     4948.1516180151
     4765.3774837800
     4589.3619885370
     4451.4374388428
     4224.8492832615
     5056.3072973302
     4873.7898092836
     4691.2739073310
     4508.7590396569
     4326.2451081477
     4143.7322704023
     4975.1909673589
     4792.6725494468
     4610.1563682093
     4427.6414307256
     4245.1276687158
     4062.6141726551
     4894.0723252709
     4711.5546344713
     4529.0379758835
     4346.5234578853
     4164.0098864647
     4995.4669783187
     4812.9491553224
     4630.4334428591
     4447.9183872212
     4265.4048547214
     4082.8915146310
     4914.3495403910
     4731.8320156124
     4549.3151027146
     4366.8010809560
     4184.2882413429
     5015.7440027524
     4833.2271368643
     4650.7115092234
     4468.1960719428
     4285.6824019629
     4103.1699244926
     4934.6267506026
     4752.1090168166
     4569.5939571741
     4387.0798658883
     4204.5662500209
     5036.0220960101
     4853.5044211481
     4670.9887815450
     4488.4745872904
     4305.9612442284
     4123.4488754419
     4954.9050508847
     4772.3872699164
     4589.8718326329
     4451.4330428744
     4224.8453536789
     5056.3005347103
     4873.7828891471
     4691.2675479867
     4508.7536468423
     4326.2405882163
     4143.7288594310
     4975.1846250824
     4792.6661658279
     4610.1506190110
     4427.6368207320
     4245.1242769923
     4062.6119291701
     4894.0665994384
     4711.5486704457
     4529.0335037537
     4346.5205244036
     4164.0080621394
     4995.4622464923
     4812.9447278555
     4630.4304289495
     4447.9166678280
     4265.4028663394
     4082.8905169172
     4963.4907085117
     4731.8278725210
     4549.3126028003
     4366.7997394511
     4184.2873861385
     5015.7414233973
     4833.2238012173
     4650.7095698920
     4468.1957888204
     4285.6820497101
     4103.1697190795
     4934.6247231348
     4752.1077269361
     4569.5924675533
     4387.0782850493
     4204.5659495964
     5036.0208095443
     4853.5039483596
     4670.9887754706
     4488.4742789956
     4305.9610974029
     4123.4490979245
     4954.9042166678
     4772.3860858634
     4589.8708783341
     4451.4328705053
     4224.8457118190
     5056.3005336911
     4873.7823468203
     4691.2669584594
     4508.7531222835
     4326.2403124772
     4143.7286459416
     4975.1841745162
     4792.6656760342
     4610.1501482825
     4427.6371941956
     4245.1245681997
     4062.6120117252
     4894.0674486622
     4711.5487295297
     4529.0330397165
     4346.5197636203
     4164.0090490317
     4995.4647931423
     4812.9452509700
     4630.4304456891
     4447.9166137497
     4265.4030451379
     4082.8922289979
     4914.3480341309
     4731.8282413813
     4549.3134293761
     4366.8001218635
     4184.2886234023
     5015.7440014468
     4833.2253339410
     4650.7097813009
     4468.1960396425
     4285.6832281776
     4103.1719073645
     4934.6272992911
     4752.1084982814
     4569.5931692146
     4387.0798564215
     4204.5681753236
     5036.0230372981
     4853.5047654508
     4670.9897804402
     4488.4761226967
     4305.9633418638
     4123.4514478442
     4954.9057059026
     4772.3874792826
     4589.8719110139
     4451.4332432820
     4224.8463147208
     5056.3004051796
     4873.7835531522
     4691.2696364094
     4508.7559935668
     4326.2423007314
     4143.7295030248
     4975.1815271225
     4792.6653431871
     4610.1523380670
     4427.6387472742
     4245.1242033358
     4062.6110927785
     4894.0632690524
     4711.5478772357
     4529.0341923357
     4346.5196565322
     4164.0064661954
     4995.4574820006
     4812.9439041791
     4630.4306557967
     4447.9175816832
     4265.4053554994
     4082.8921528970
        0.0000000000
        0.0000000000
        0.0000000000
     1003.6989921480
    97166.8559841807
    91081.1310274912
    80202.4605125492
    64770.7512247456
    52415.4108961420
   272722.1873679755
   256709.8536407324
   246607.7399986582
   223954.7012318469
   196503.7476386944
   156373.3314377982
   458248.7201700305
   392423.3351102592
   328899.0022759701
   286617.7503382192
   241226.0228645538
   598017.5510802559
   530655.8487460883
   461342.1193359910
   415804.3176503424
   372551.4855503473
   320379.9606122627
   685700.5247866152
   607806.7579107931
   537958.6298486091
   471791.4665805614
   386442.1643122672
   751026.6866190601
   659981.6546699853
   582018.9843509410
   514312.0872781868
   448289.1085541939
   378061.2851119339
   753196.7691533228
   657638.3527817730
   572432.4150337051
   498536.8486198197
   438202.3446995435
   365986.8552483905
   742907.3376709044
   643235.0365528041
   553453.0800321919
   470482.2143697761
   387616.3123013017
   776815.0856783772
   675373.4432404722
   584475.9743557888
   517769.9416234228
   448620.3091047756
   375443.2830407050
   766806.4039113617
   667179.2230727467
   571054.3813134726
   488871.0543642811
   402330.5470269172
   797479.3915999789
   696789.1528780268
   610326.5004868073
   527650.0272566928
   459034.0243177757
   380286.8340808779
   766608.4965731316
   676384.1587352890
   581433.2437414255
   489186.3508680289
   395957.0781526437
   785390.6966188143
   694832.9175385198
   609638.6481408369
   531503.1702353816
   457099.3918280961
   380198.8621041642
   750682.4667199164
   674335.8311408844
   597848.3127852262
   518413.1599410883
   422535.2862909368
   800497.6691965916
   709375.9411740568
   630090.4339776357
   557704.0069229127
   485623.7723340431
   408573.1200406927
   777101.7353809199
   693541.3948719287
   628527.6257073728
   563270.4188529148
   491985.4345491020
   406652.3664181288
   747562.0264838515
   656262.3451644339
   580353.7066118639
   507935.0079732747
   423204.2622700265
   785894.8005023198
   685158.3941671080
   601900.1366119942
   531846.2138096241
   467781.4943690916
   396498.0835036853
   721346.0083927118
   633771.7671210833
   564803.9589482831
   494456.4651891307
   421608.4017865687
   757273.6644853168
   659737.4826079565
   577487.3693623401
   507807.8507026780
   444618.5204329714
   381863.0835205967
   685344.5572837766
   582981.6121809784
   511622.9938108220
   464250.9565088935
   395084.6128629817
   688407.7514890310
   587347.3268861677
   512650.1949080695
   452263.5425548048
   397588.4338027454
   336252.4032628878
   618779.3002362414
   541670.2415309891
   483392.4397745748
   445204.8701254512
   375423.0085256717
   600108.8065469761
   510126.2756999154
   442842.2327710695
   394430.2866353524
   329356.9258838071
   283640.2744641432
   428224.1939546510
   364286.9553234173
   334150.7458682716
   316201.0695969599
   301408.4363797455
   259699.4200920391
   395086.1566799504
   335656.8832940687
   300391.1996849964
   284285.5838804137
   227265.9125259961
   329694.3349720847
   293861.3747781671
   267870.9152444428
   217344.5060327613
   198481.6115007509
   172513.3529148652
   219502.2374140151
   177994.8389593811
   162506.4407896827
   151063.2341246619
   130472.3395772345
   176011.8216222836
   164045.6768230524
   149227.7142274233
   111938.1453730618
    97529.2776237354
    86418.6230121408
   119208.3365541092
   105982.0720532308
    86147.7791202279
    78591.7707684101
    71079.0200269306
    98133.7355618740
    87673.4524131247
    71606.0776178247
    62819.5039514555
    54800.1090447075
    47148.5335317441
    61559.0770825156
    53778.0166307885
    46395.6033574071
    39721.7517068982
    28923.4642215919
    38626.3068889549
    31032.6604138935
    24667.7770166210
    19899.6509256037
    16414.7345706029
    13872.1178082320
    23164.0608917413
    20423.6244923693
    17948.1376408949
    15401.3074002142
    13908.4724501755
    11557.7619787000
    17769.2967361225
    14886.3270923449
    12428.0603110756
    10476.0242830616
     8789.6983780406
    14080.4495799195
    12152.6298373920
    10421.8221922404
     9506.2937827037
     8285.2029480444
     7204.3093279828
    11221.2585704604
     9890.9557845555
     8686.6965876232
     7874.9471618100
     6934.9537378165
     9941.9567044353
     8951.3714080478
     8118.0952457521
     7295.3487895258
     6593.0250529677
     5906.4708806502
     7764.1549628024
     7051.9767698536
     6411.0037289368
     5794.7129542175
     5215.1386182754
     6511.8309356920
     6050.9503931045
     5663.5467400692
     5309.0867024710
     4972.7586789016
     4665.5902721402
     5731.4041014897
     5361.3931961703
     5020.5574632605
     4750.7732934041
     4440.7352500282
     5368.2648800812
     5108.9428371443
     4862.7772943769
     4639.6162600976
     4432.7308280578
     4234.4252055355
     5139.2183139844
     4971.7271821960
     4792.9247914031
     4591.1747223069
     4385.2218732138
     4190.1258724389
     5019.7917815308
     4822.4044684209
     4621.7015927077
     4430.4941390995
     4237.1903528064
     5043.9960468450
     4833.9138139817
     4631.1037365459
     4450.1387350886
     4281.2825245532
     4104.3938411692
     4923.1703574452
     4720.6321123738
     4541.7931792574
     4366.7929493655
     4184.2933497532
     5015.7534367974
     4833.2359808484
     4650.7196121491
     4468.2025778190
     4285.6869912731
     4103.1723129975
     4934.6343813012
     4752.1167184024
     4569.6003839379
     4387.0850032805
     4204.5691695691
     5036.0295052335
     4853.5116611888
     4670.9948389218
     4488.4789781409
     4305.9638502323
     4123.4495611009
     4954.9114781319
     4772.3938932623
     4589.8773303078
     4451.4367081133
     4224.8470459185
     5056.3066572712
     4873.7889463267
     4691.2723260300
     4508.7566978199
     4326.2419896965
     4143.7289423070
     4975.1904563659
     4792.6724924837
     4610.1554584885
     4427.6396254815
     4245.1256884666
     4062.6116927515
     4894.0725220965
     4711.5545557304
     4529.0376617782
     4346.5228777335
     4164.0083775718
     4995.4672780374
     4812.9496761663
     4630.4340902375
     4447.9184862517
     4265.4036298969
     4082.8901154502
     4963.4961327924
     4731.8332910192
     4549.3160600293
     4366.8014579471
     4184.2874635805
     5015.7460530216
     4833.2282728152
     4650.7126720671
     4468.1972486018
     4285.6825571877
     4103.1693562958
     4934.6295413439
     4752.1126050820
     4569.5955115498
     4387.0795860565
     4204.5658988766
     5036.0248825155
     4853.5082763276
     4670.9914753273
     4488.4756102746
     4305.9613862647
     4123.4487553274
     4954.9087940596
     4772.3904718007
     4589.8734511087
     4451.4340237346
     4224.8458549607
     5056.3046285644
     4873.7863691703
     4691.2693667677
     4508.7541474188
     4326.2404400479
     4143.7283822149
     4975.1886862098
     4792.6699673442
     4610.1526438282
     4427.6382683215
     4245.1249576852
     4062.6120670690
     4894.0719926040
     4711.5529285133
     4529.0354244345
     4346.5204952391
     4164.0091619621
     4995.4690877347
     4812.9492200344
     4630.4327168601
     4447.9177234820
     4265.4033705303
     4082.8924540732
     4914.3528633614
     4731.8323008962
     4549.3156251331
     4366.8009922093
     4184.2891665879
     5015.7485682431
     4833.2290675127
     4650.7117857876
     4468.1969588109
     4285.6837206391
     4103.1726439477
     4934.6322278379
     4752.1122662502
     4569.5951156875
     4387.0807210306
     4204.5690626514
     5036.0277476667
     4853.5080206850
     4670.9913037406
     4488.4768868018
     4305.9640548925
     4123.4526358276
     4954.9104084183
     4772.3903591964
     4589.8732457779
     4451.4343262369
     4224.8474240142
     5056.3043049849
     4873.7856968192
     4691.2707557149
     4508.7569297754
     4326.2433445364
     4143.7308335970
     4975.1849083012
     4792.6668454971
     4610.1532237894
     4427.6396337400
     4245.1251380586
     4062.6120771615
     4894.0654252503
     4711.5488338691
     4529.0350160566
     4346.5202513056
     4164.0071632623
     4995.4586776088
     4812.9448668163
     4630.4316167191
     4447.9186991269
     4265.4066055447
     4082.8934394370
        0.0000000000
        0.0000000000
        0.0000000000
     1003.6989921480
     9568.4718316208
     9071.7867488776
     8457.5317000556
     6957.8372373337
     6328.3744437185
    56188.8622778629
    50882.5246814755
    46382.2149562141
    39136.3148401778
    29731.0075312620
    18676.7804220782
   128373.2025848040
    94731.3121601024
    69442.6948327260
    54093.4878832283
    38138.0425305145
   214366.6601051732
   167868.9800446914
   131709.7417094069
   111196.1640439322
    93090.2344643148
    67977.6918727517
   284508.7677638556
   221050.5927694280
   176858.2878472531
   141114.1378944813
    97280.0732552147
   341130.0681650380
   268110.4993303272
   217901.7193230542
   183905.5699223362
   155161.1134319815
   121423.7432929985
   401793.5022046274
   324664.0741073247
   262900.5870070668
   216854.8140136638
   184201.2110455769
   144779.6959481206
   447170.0929675880
   365686.4410276377
   295018.1269828276
   235258.3167516824
   180585.1424767436
   507681.3198652728
   420378.4718985595
   342439.3172984964
   287249.6984872730
   237879.3745719444
   187738.8076069228
   520454.4708537690
   433044.9058644161
   348240.4179019205
   276797.9554467307
   214101.7123993919
   561221.8038123311
   472474.6819807559
   389445.7016957070
   324383.7092987343
   270646.9728365936
   221118.1579088602
   562270.2846670179
   477081.7226588056
   395948.0711785629
   314272.8510604371
   242401.6187500471
   588487.9940054906
   509162.6324944025
   421839.8242982727
   350210.7295070762
   289670.6477409066
   233832.4699050025
   559625.2075394394
   480550.4166555078
   394130.9725717019
   330093.8011480891
   246202.7352099989
   574243.6803484414
   490157.3209580130
   410751.5199608405
   350199.6405824157
   300512.0135696387
   256726.2922953525
   586413.9063671433
   505189.5179773335
   438119.9778433597
   375964.1513784508
   320885.0989260774
   254531.8362609352
   562971.3186770669
   502917.4656949643
   415109.6589470050
   349648.7309263565
   280058.6348187656
   585964.3679370680
   496459.0301222533
   431326.6612555562
   353244.0856767081
   311761.0299719582
   258405.2640449804
   543118.4761492045
   503453.3375391656
   433507.1862593186
   356727.1084219589
   301351.7581634084
   562505.1493307494
   500704.9942010556
   451769.1297961748
   388172.0473379153
   334227.4547130315
   287652.4286604872
   572884.2788499480
   526912.2750995738
   454632.9048744633
   406170.2844365402
   339074.4104895607
   563470.5157211666
   489186.4805280633
   428593.0949026626
   378978.9414112282
   342622.8867285973
   305209.4438446317
   575694.4725735183
   535402.1638366850
   500812.7207882329
   468255.7470385652
   399968.5106739109
   623492.7854377782
   546544.4473016867
   489748.7968138424
   444576.7827743618
   406171.1616166820
   370372.9417032495
   530699.5409811080
   472461.4731512793
   433253.9459413320
   401639.0239854263
   372632.5708950359
   326238.9177646400
   496955.4400890594
   435984.3374867675
   387268.1841741139
   365422.9108139237
   341597.3964701788
   513986.7284012605
   458015.4852197730
   421296.1338061534
   363279.5440158484
   338812.8321005939
   317897.7336834312
   461429.8608949973
   383901.3063855426
   352523.9338210741
   330471.0153536876
   289749.8802499674
   403439.7192085564
   372885.6028133479
   334121.5737938074
   270380.3467700193
   237362.0340971846
   206496.4277700662
   293052.0201743535
   251547.9003140362
   205748.3552384099
   179927.6228653361
   154978.4976026945
   245131.0829506642
   219438.3568785678
   176652.4012646922
   153383.5729465290
   129013.4414517903
   108817.2567875969
   169869.9398430111
   151734.9054132767
   134541.7428210609
   118646.6018713753
    91409.1175786163
   139259.0149727202
   113556.0513347322
    90433.4065013001
    70842.9861365213
    56333.2794126156
    45544.2081737758
    81529.0261209515
    68240.3554324526
    56789.5562714843
    45858.9706181738
    40262.5309326979
    31863.0610363370
    59467.4261359384
    47987.1086116624
    38758.6692751941
    31532.7896054819
    24819.4194228113
    48360.7604838213
    40437.0762634184
    33903.1827365043
    30022.5299265747
    25684.8661511150
    21507.2512315892
    39910.0640086685
    34887.0740974200
    30078.3521608437
    26077.7541508570
    21390.8052903268
    33560.6770649038
    28019.7442348205
    23544.0966774320
    19671.4292984251
    16792.7994347054
    14147.0093434857
    23587.0182823192
    20592.9993970244
    17775.8211987085
    15383.2119229451
    13046.9465095878
    20001.3914224234
    17217.0196573948
    14877.3119491331
    12946.5716489374
    11351.9106201243
     9981.7769153910
    15851.9161727698
    14332.9427676635
    12929.5915052398
    11622.7759692247
    10167.3828159228
    14255.4026834241
    12610.9946882065
    11130.5922508707
     9850.3064846081
     8764.9739037570
     7817.9541236392
    10797.2419447336
     9816.9745635112
     8928.5544000447
     8155.2082759815
     7486.4246441872
     6899.9744927314
     9409.3040663141
     8666.8152058523
     7868.3119721320
     7032.9992337416
     6248.4250426016
     7981.8467654120
     7262.5932524249
     6607.2270328977
     6032.4957702528
     5542.1676707446
     5105.9076875912
     6494.1076705250
     6086.2035206607
     5708.6537118982
     5353.5565532384
     5026.3926273239
     6051.6590672990
     5752.4122464373
     5472.5955624431
     5201.2240346893
     4920.6071209498
     4598.0924166738
     5158.7611503441
     4769.5535674645
     4519.4203529638
     4314.2964953782
     4112.7658399299
     4891.8561332670
     4693.9944864514
     4505.7516197042
     4332.0271000483
     4176.1725185517
     4040.7610263390
     4912.2183011822
     4749.1280912080
     4584.3338894870
     4464.8639254569
     4222.3670900417
     5035.7698222346
     4869.9015127415
     4691.2854109147
     4508.7680037930
     4326.2511973852
     4143.7356388665
     4975.2010210514
     4792.6821899869
     4610.1642643400
     4427.6473209962
     4245.1317540062
     4062.6162930500
     4894.0815955263
     4711.5625642703
     4529.0446793031
     4346.5284855217
     4164.0128554880
     4995.4757319089
     4812.9565725239
     4630.4395547682
     4447.9233744204
     4265.4072887500
     4082.8920981593
     4963.5019976660
     4731.8391601035
     4549.3213637587
     4366.8053876177
     4184.2901975490
     5015.7520899216
     4833.2332588181
     4650.7167338111
     4468.2007794883
     4285.6849092757
     4103.1703221819
     4934.6345300762
     4752.1170919501
     4569.5999447033
     4387.0829178011
     4204.5675495467
     5036.0293883043
     4853.5122421372
     4670.9952680481
     4488.4783881911
     4305.9629587108
     4123.4492328521
     4954.9132159574
     4772.3947717341
     4589.8770886859
     4451.4364224364
     4224.8471681709
     5056.3088773848
     4873.7903343088
     4691.2726394274
     4508.7562904587
     4326.2415604020
     4143.7287400609
     4975.1929088265
     4792.6741909137
     4610.1560664604
     4427.6404141992
     4245.1261544497
     4062.6127480481
     4894.0763083525
     4711.5570660648
     4529.0386453610
     4346.5224265605
     4164.0100632442
     4995.4731363980
     4812.9532190582
     4630.4356728246
     4447.9195883764
     4265.4044802935
     4082.8931741592
     4914.3573989333
     4731.8365241704
     4549.3185889937
     4366.8027764213
     4184.2902901271
     5015.7530494441
     4833.2330381190
     4650.7144947148
     4468.1984928213
     4285.6847507354
     4103.1737932612
     4934.6371822681
     4752.1164207399
     4569.5978175423
     4387.0822841254
     4204.5702629350
     5036.0325604609
     4853.5118508417
     4670.9935150848
     4488.4780540478
     4305.9649819362
     4123.4539981573
     4954.9155032657
     4772.3937770392
     4589.8750406821
     4451.4357111946
     4224.8487959883
     5056.3087910890
     4873.7884050302
     4691.2721543452
     4508.7579322815
     4326.2444671712
     4143.7323548891
     4975.1889396016
     4792.6688128967
     4610.1542289332
     4427.6405164359
     4245.1261280200
     4062.6131816168
     4894.0680619225
     4711.5499780547
     4529.0357801722
     4346.5209462988
     4164.0078698504
     4995.4601718527
     4812.9457949476
     4630.4326947277
     4447.9198286753
     4265.4079338311
     4082.8947716328
        0.0000000000
        0.0000000000
        0.0000000000
     1003.6989921480
     5969.5788415519
     5573.6469855239
     5250.9214830405
     4796.4873678120
     4540.9215051971
    21358.7269391896
    18009.0400624627
    15250.1151112655
    11905.1377920859
     8910.6269715481
     6447.6870198027
    42240.0751880567
    30646.4707636857
    21938.2551997236
    16665.4166009253
    11807.7892138012
    80400.6901834236
    60744.2971416002
    46076.8931018300
    37481.0451099118
    30243.0011207726
    21109.3381545806
   126840.5679071998
    91265.5704186806
    69901.5035956776
    54719.6169081199
    35716.8093326244
   175092.8760496243
   127936.4444916214
    98426.7056001630
    78934.5939880854
    63082.7493062093
    46684.3899863238
   220091.7780910468
   166155.4277151712
   127473.0263773716
   100488.6644874728
    80965.1006991585
    60420.5361209312
   258152.8263975093
   195840.5361568646
   148502.8627611009
   111745.2023783554
    80721.2683502028
   300747.9754400359
   233456.0700540797
   181825.6143505692
   147924.7758830957
   119403.7239137594
    91923.7777800152
   328726.0082623269
   259629.4483215865
   203212.0669168363
   157449.7113205205
   119890.4754870266
   371617.4110093080
   300328.1156763369
   239968.0352904574
   199222.5028656193
   164564.0689367196
   135596.8096146379
   396123.1200425606
   322245.8544649790
   263745.7784618561
   209185.2272252482
   162829.1395875434
   434554.4439762197
   369507.2457514492
   304373.1662705540
   254753.9935383055
   216667.0586989986
   180955.8450340717
   455437.6952355965
   388866.8433531984
   325444.6170685958
   291267.7276546856
   230090.8566501559
   511127.6525134532
   445835.4171936032
   392458.9914976886
   357620.7788024613
   334193.7957657390
   312556.6898565960
   608893.1908137619
   526997.6894065439
   472957.1528398494
   430944.2999790161
   395354.5099282917
   343692.3149661268
   629639.4373405024
   577468.9220489524
   506027.6518804748
   471127.7335648072
   401815.9183507350
   662250.4573825771
   575513.2824080652
   526203.2741734431
   469448.2421123324
   453566.7151146121
   412078.7678467201
   656440.5626162443
   601812.9490432426
   529704.7625313874
   472179.7944097895
   452449.1127074222
   685750.9189252120
   606781.0536052802
   561388.3270730533
   508552.5324370870
   459817.6850885520
   417179.6964597999
   650360.5046973716
   587197.9082075488
   534222.4688623658
   523023.8253337780
   480271.0046379871
   705245.7861849342
   639159.4687099440
   569487.3885717833
   519818.3905589096
   478749.1444502229
   435306.9844956919
   641692.0624081874
   596704.1852619905
   564674.7782183120
   538468.9158580044
   508545.9741141776
   773846.8015903216
   707660.1788986768
   627372.6216145424
   569555.0348890626
   516811.3210726597
   470464.2725625823
   628156.6467391218
   565948.3711284666
   506756.5589530798
   460858.9279020010
   424849.5379844345
   372569.7893347160
   544436.5267401763
   494250.8800276511
   452529.7556870594
   418385.7110470260
   372957.3956292821
   570656.7928528740
   529383.3077997331
   483957.0731075076
   412665.1276245472
   367115.5899627505
   330917.7083138236
   530979.6955946223
   464193.9695002260
   419090.6795170328
   368725.0328683541
   309803.2990518939
   500769.4591139921
   444933.4861711451
   395115.6109763359
   333029.0946240461
   285859.1787810298
   241125.9105991255
   402413.6293102463
   347845.0258213847
   298307.2046288344
   266541.5566192530
   234726.2851120513
   376679.8529644478
   330094.4843197378
   275187.4182778838
   235316.2887084688
   200834.0678001289
   171187.9530498639
   282230.1444683073
   242349.4737467246
   207844.7813819955
   178696.5593720397
   139730.5306315231
   230187.9676579164
   200049.0668019499
   175226.5529985966
   155896.9061754114
   138551.9565106631
   121932.7874445369
   208257.6573929213
   182046.7930950218
   157193.9304810806
   135266.5293001044
   119074.4884550503
   102770.4430108596
   171167.1912815098
   149797.0354044108
   130197.4026516127
   111868.3953358421
    95400.2787356971
   154731.9832925573
   131676.4366135248
   110381.4971091548
    93002.1020573507
    77526.9273181249
    63864.4368445794
   113966.9732041427
    97898.4060599260
    83375.9089557687
    70927.5090687985
    58467.4100396467
    99118.3526165098
    83613.9172436038
    69455.5764660163
    57387.4641856593
    47530.5342340304
    38471.6185656216
    69037.6967423709
    57585.5313628216
    47384.3452688122
    38551.3563696212
    30642.2092384355
    55416.4270702363
    46664.6182309015
    39296.1950899974
    33547.7764621486
    28910.7000578860
    24709.9334608619
    45908.8876434468
    39746.7843807142
    33858.6019370716
    28731.5580452144
    23513.3515049162
    41254.5971099218
    35305.1139551907
    29990.0142173095
    25684.6615863129
    22121.3354488463
    18934.2017602496
    34059.0384486461
    29791.3469562943
    26017.4612068419
    22759.5862238809
    19871.9095536653
    16832.5001890243
    27611.2822813971
    23777.7738134702
    20109.5218634577
    17279.7929041748
    14592.3011686329
    23970.5317420812
    21116.2707925102
    18743.7509120804
    16440.6864386223
    14509.8754463901
    12570.9391727235
    19702.6611467863
    17507.0263908049
    15490.1431673402
    13671.0507549675
    12127.5332668887
    17038.8353744292
    14915.4091655999
    13197.1518476617
    11521.3288990488
    10101.2613132673
     8905.3952143358
    12491.6072394656
    11282.0158160454
    10207.6067391929
     9204.1253490602
     8206.2977159256
    10585.2236412084
     9798.2712324591
     9174.9016499927
     8611.0040549548
     7976.4789384306
     7342.8948999988
     8955.5774000301
     8235.8053506627
     7543.9193574753
     7011.6470818371
     6389.3099848939
     7449.0428588400
     6874.3841401318
     6266.7665680037
     5716.5506358258
     5307.2383526011
     4993.0666140233
     5649.6109372885
     5310.1732194976
     5030.8201716446
     4801.6199000951
     4617.3469474407
     4284.0879991184
     5026.5281441148
     4873.8086728456
     4792.7831167141
     4682.3299708694
     4536.3816426248
     5449.5101657118
     5313.4358991586
     5132.0470891934
     4870.6767001046
     4596.8439742779
     4286.7520033195
     5018.9205486856
     4721.8609778101
     4522.8605474443
     4351.4411866834
     4170.5430855844
     4997.2423294112
     4818.9790628348
     4649.7719767569
     4468.2088310480
     4285.6915414906
     4103.1753604474
     4934.6422993412
     4752.1228658726
     4569.6052901647
     4387.0877377748
     4204.5714465353
     5036.0359498547
     4853.5167465512
     4670.9994789132
     4488.4821297316
     4305.9658485859
     4123.4510398342
     4954.9175729639
     4772.3984856046
     4589.8805757028
     4451.4391589995
     4224.8493493622
     5056.3131323763
     4873.7937644494
     4691.2757973126
     4508.7589151714
     4326.2432834307
     4143.7295667727
     4975.1960401695
     4792.6772158610
     4610.1592147545
     4427.6430270773
     4245.1277492740
     4062.6136159737
     4894.0794394386
     4711.5601452499
     4529.0416861571
     4346.5246577484
     4164.0112335855
     4995.4761111808
     4812.9561831284
     4630.4385788173
     4447.9217472863
     4265.4056815474
     4082.8936952637
     4914.3605247201
     4731.8398651487
     4549.3216219154
     4366.8047312290
     4184.2912926220
     5015.7563729268
     4833.2363917906
     4650.7173393123
     4468.2002670215
     4285.6856559239
     4103.1744348262
     4934.6410069406
     4752.1202159701
     4569.6007471181
     4387.0839544089
     4204.5711157229
     5036.0363615671
     4853.5154689688
     4670.9960382790
     4488.4793514311
     4305.9656159661
     4123.4547895873
     4954.9199000478
     4772.3973616001
     4589.8770966394
     4451.4369767579
     4224.8497755701
     5056.3128295981
     4873.7912214672
     4691.2736204992
     4508.7588207953
     4326.2453191317
     4143.7336095926
     4975.1927347943
     4792.6708630531
     4610.1550953056
     4427.6411271641
     4245.1268365490
     4062.6141769068
     4894.0704859801
     4711.5508815331
     4529.0363178402
     4346.5214388964
     4164.0085511672
     4995.4613036980
     4812.9464629900
     4630.4333395734
     4447.9206983240
     4265.4089206838
     4082.8957805366
        0.0000000000
        0.0000000000
