!------------------------------------------------------------!
  Date: 20191120
  Simulation name: CWZ4 
  Filename:massinchannel.txt                                                                                                                                     
  Produced in mod-subroutine:  massdist/massinchannel                                                                                                                                
  Written by AK September 2019
  Description:Calculate mass distribution in different parts of the channel                                                                                         
  Data format: t Total Mass (m^3) Elutriated % Med Dense InChannel WidthChannel 0ScaleH ScaleH buoyant current                                                      
!------------------------------------------------------------!
   1       2496000.0000000000             0.0000000000             0.0000000000             0.0000000000             1.0000000000             1.0000000000             0.9900000000             1.0000000000             0.0000000000             0.0000000000             0.0000000000
   2      46626118.9870465621        228472.1171162740             0.0000049591             0.0140778574             0.9859211134             0.9950997789             0.9981795553             1.0000000000             0.0000000000             0.0000396978             0.0048603909
   3      92851882.8964075744       1012871.1332936456             0.0000059791             0.0220320200             0.9779662302             0.9890252024             0.9968212144             1.0000000000             0.0000000000             0.0002626603             0.0106458006
   4     135207203.7434081137       1552435.9209361565             0.0000102636             0.0291563717             0.9708412275             0.9876893088             0.9932839317             1.0000000000             0.0000000000             0.0005440348             0.0109378676
   5     115669934.4130703807        426565.6950967772             0.0000258868             0.0639618237             0.9360329677             0.9819222566             0.9546468143             1.0000000000             0.0000000000             0.0012955743             0.0023922094
   6      99158851.3504512608       2228991.3253250807             0.0000533828             0.1175606107             0.8824289959             0.8872571345             0.7766223522             1.0000000000             0.0000000000             0.0028394064             0.0196395886
   7      98981594.2998248786       5219172.6076132255             0.0000894327             0.1833909318             0.8165926976             0.7529604751             0.5613833657             1.0000000000             0.0000000000             0.0047372393             0.0479914790
   8     107725182.7161028087       3502159.9281577417             0.0001262672             0.2368078701             0.7631695592             0.8117800388             0.5544997059             1.0000000000             0.0000000000             0.0059708559             0.0265392763
