!------------------------------------------------------------!
  Date: 20191115
  Simulation name: CWZ4 
  Filename:KEbyx.txt                                                                                                                                             
  Produced in mod-subroutine:  massdist/energypotential                                                                                                                              
  Written by AK September 2019
  Description: Integrates by width K energy necessary height                                                                                                        
  Data format: RMAX by t kinetic energy (J)                                                                                                                         
!------------------------------------------------------------!
        0.0000000000
   220022.4249245383
        0.0000000000
        0.0000000000
        0.0000000000
        0.0000000000
        0.0000000000
        0.0000000000
        0.0000000000
        0.0000000000
        0.0000000000
        0.0000000000
        0.0000000000
        0.0000000000
        0.0000000000
        0.0000000000
        0.0000000000
        0.0000000000
        0.0000000000
        0.0000000000
        0.0000000000
        0.0000000000
        0.0000000000
        0.0000000000
        0.0000000000
        0.0000000000
        0.0000000000
        0.0000000000
        0.0000000000
        0.0000000000
        0.0000000000
        0.0000000000
        0.0000000000
        0.0000000000
        0.0000000000
        0.0000000000
        0.0000000000
        0.0000000000
        0.0000000000
        0.0000000000
        0.0000000000
        0.0000000000
        0.0000000000
        0.0000000000
        0.0000000000
        0.0000000000
        0.0000000000
        0.0000000000
        0.0000000000
        0.0000000000
        0.0000000000
        0.0000000000
        0.0000000000
        0.0000000000
        0.0000000000
        0.0000000000
        0.0000000000
        0.0000000000
        0.0000000000
        0.0000000000
        0.0000000000
        0.0000000000
        0.0000000000
        0.0000000000
        0.0000000000
        0.0000000000
        0.0000000000
        0.0000000000
        0.0000000000
        0.0000000000
        0.0000000000
        0.0000000000
        0.0000000000
        0.0000000000
        0.0000000000
        0.0000000000
        0.0000000000
        0.0000000000
        0.0000000000
        0.0000000000
        0.0000000000
        0.0000000000
        0.0000000000
        0.0000000000
        0.0000000000
        0.0000000000
        0.0000000000
        0.0000000000
        0.0000000000
        0.0000000000
        0.0000000000
        0.0000000000
        0.0000000000
        0.0000000000
        0.0000000000
        0.0000000000
        0.0000000000
        0.0000000000
        0.0000000000
        0.0000000000
        0.0000000000
        0.0000000000
        0.0000000000
        0.0000000000
        0.0000000000
        0.0000000000
        0.0000000000
        0.0000000000
        0.0000000000
        0.0000000000
        0.0000000000
        0.0000000000
        0.0000000000
        0.0000000000
        0.0000000000
        0.0000000000
        0.0000000000
        0.0000000000
        0.0000000000
        0.0000000000
        0.0000000000
        0.0000000000
        0.0000000000
        0.0000000000
        0.0000000000
        0.0000000000
        0.0000000000
        0.0000000000
        0.0000000000
        0.0000000000
        0.0000000000
        0.0000000000
        0.0000000000
        0.0000000000
        0.0000000000
        0.0000000000
        0.0000000000
        0.0000000000
        0.0000000000
        0.0000000000
        0.0000000000
        0.0000000000
        0.0000000000
        0.0000000000
        0.0000000000
        0.0000000000
        0.0000000000
        0.0000000000
        0.0000000000
        0.0000000000
        0.0000000000
        0.0000000000
        0.0000000000
        0.0000000000
        0.0000000000
        0.0000000000
        0.0000000000
        0.0000000000
        0.0000000000
        0.0000000000
        0.0000000000
        0.0000000000
        0.0000000000
        0.0000000000
        0.0000000000
        0.0000000000
        0.0000000000
        0.0000000000
        0.0000000000
        0.0000000000
        0.0000000000
        0.0000000000
        0.0000000000
        0.0000000000
        0.0000000000
        0.0000000000
        0.0000000000
        0.0000000000
        0.0000000000
        0.0000000000
        0.0000000000
        0.0000000000
        0.0000000000
        0.0000000000
        0.0000000000
        0.0000000000
        0.0000000000
        0.0000000000
        0.0000000000
        0.0000000000
        0.0000000000
        0.0000000000
        0.0000000000
        0.0000000000
        0.0000000000
        0.0000000000
        0.0000000000
        0.0000000000
        0.0000000000
        0.0000000000
        0.0000000000
        0.0000000000
        0.0000000000
        0.0000000000
        0.0000000000
        0.0000000000
        0.0000000000
        0.0000000000
        0.0000000000
        0.0000000000
        0.0000000000
        0.0000000000
        0.0000000000
        0.0000000000
        0.0000000000
        0.0000000000
        0.0000000000
        0.0000000000
        0.0000000000
        0.0000000000
        0.0000000000
        0.0000000000
        0.0000000000
        0.0000000000
        0.0000000000
        0.0000000000
        0.0000000000
        0.0000000000
        0.0000000000
        0.0000000000
        0.0000000000
        0.0000000000
        0.0000000000
        0.0000000000
        0.0000000000
        0.0000000000
        0.0000000000
        0.0000000000
        0.0000000000
        0.0000000000
        0.0000000000
        0.0000000000
        0.0000000000
        0.0000000000
        0.0000000000
        0.0000000000
        0.0000000000
        0.0000000000
        0.0000000000
        0.0000000000
        0.0000000000
        0.0000000000
        0.0000000000
        0.0000000000
        0.0000000000
        0.0000000000
        0.0000000000
        0.0000000000
        0.0000000000
        0.0000000000
        0.0000000000
        0.0000000000
        0.0000000000
        0.0000000000
        0.0000000000
        0.0000000000
        0.0000000000
        0.0000000000
        0.0000000000
        0.0000000000
        0.0000000000
        0.0000000000
        0.0000000000
        0.0000000000
        0.0000000000
        0.0000000000
        0.0000000000
        0.0000000000
        0.0000000000
        0.0000000000
        0.0000000000
        0.0000000000
        0.0000000000
        0.0000000000
        0.0000000000
        0.0000000000
        0.0000000000
        0.0000000000
        0.0000000000
        0.0000000000
        0.0000000000
        0.0000000000
        0.0000000000
        0.0000000000
        0.0000000000
        0.0000000000
        0.0000000000
        0.0000000000
        0.0000000000
        0.0000000000
        0.0000000000
        0.0000000000
        0.0000000000
        0.0000000000
        0.0000000000
        0.0000000000
        0.0000000000
        0.0000000000
        0.0000000000
        0.0000000000
        0.0000000000
        0.0000000000
        0.0000000000
        0.0000000000
        0.0000000000
        0.0000000000
        0.0000000000
        0.0000000000
        0.0000000000
        0.0000000000
        0.0000000000
        0.0000000000
        0.0000000000
        0.0000000000
        0.0000000000
        0.0000000000
        0.0000000000
        0.0000000000
        0.0000000000
        0.0000000000
        0.0000000000
        0.0000000000
        0.0000000000
        0.0000000000
        0.0000000000
        0.0000000000
        0.0000000000
        0.0000000000
        0.0000000000
        0.0000000000
        0.0000000000
        0.0000000000
        0.0000000000
        0.0000000000
        0.0000000000
        0.0000000000
        0.0000000000
        0.0000000000
        0.0000000000
        0.0000000000
        0.0000000000
        0.0000000000
        0.0000000000
        0.0000000000
        0.0000000000
        0.0000000000
        0.0000000000
        0.0000000000
        0.0000000000
        0.0000000000
        0.0000000000
        0.0000000000
        0.0000000000
        0.0000000000
        0.0000000000
        0.0000000000
        0.0000000000
        0.0000000000
        0.0000000000
        0.0000000000
        0.0000000000
        0.0000000000
        0.0000000000
        0.0000000000
        0.0000000000
        0.0000000000
        0.0000000000
        0.0000000000
        0.0000000000
        0.0000000000
        0.0000000000
        0.0000000000
        0.0000000000
        0.0000000000
        0.0000000000
        0.0000000000
        0.0000000000
        0.0000000000
        0.0000000000
        0.0000000000
        0.0000000000
        0.0000000000
        0.0000000000
        0.0000000000
        0.0000000000
        0.0000000000
        0.0000000000
        0.0000000000
        0.0000000000
        0.0000000000
        0.0000000000
        0.0000000000
        0.0000000000
        0.0000000000
        0.0000000000
   220022.4249245383
   264035.3163045168
   259735.3734640848
   258239.5532221033
   262454.2281575558
   251915.0738931482
   305437.8915747605
   294498.0945612723
   294559.4666455521
   293137.9667903839
   286188.0067042160
   267185.1605143918
   337775.3638441244
   317581.8671488032
   279505.2992426632
   249009.6173289816
   206487.4383044073
   275664.3388019978
   249037.7512835983
   210297.3749531164
   199834.3654110212
   182018.0356497423
   150541.2690700538
   223447.1540415128
   166086.1810717118
   123873.8733963081
   100145.7587499390
    65559.4808721276
    76364.1167670146
    53634.6944390221
    39587.2201148929
    30073.6016272590
    23907.7185867700
    18114.1920605785
    24864.0361737320
    19139.0178655569
    15258.2987988526
    11523.1923800851
    10126.8729102578
     9338.6535107850
     9835.9878340720
     8961.7951935779
     6159.7346918579
     2666.1585468991
      649.4671222859
      293.1530859965
      194.8287008765
      116.6084732454
       91.6336474662
       73.4356305284
       45.5912918366
       45.1566075339
       38.2798648834
       24.4168056188
       26.5978128528
       18.0258606621
       19.6921021738
       14.6941038067
       16.3948877185
       12.7149561791
       14.3895355709
       11.4289678763
       10.8810864691
       11.6613889115
       10.3123396378
       10.0952995181
        9.9070428571
       10.2516745102
        9.5344960150
        9.4308956336
        9.3583872926
        9.2746626041
        9.1725064974
        8.9581776793
        8.8968543586
        8.8523224593
        8.8287651129
        8.7969959771
        8.6547169975
        8.6330457475
        8.6381696258
        8.6661105073
        8.6909685809
        8.6992306513
        8.5573033114
        8.5297017527
        8.5224217578
        8.5404099905
        8.5435616772
        8.5559147879
        8.3353221939
        8.2064651918
        8.1632529411
        8.0829296142
        8.0293023375
        7.7122994394
        7.5437618681
        7.4151647865
        7.3441141581
        7.2140272257
        7.0794835763
        6.7175765011
        6.4243363651
        6.2162358755
        6.0329844846
        5.8420381160
        5.4331946667
        5.1398934164
        4.9207688805
        4.7432424916
        4.5580419817
        4.3944996274
        4.0390386923
        3.7508559477
        3.5468258974
        3.3637871497
        3.2326332911
        2.9395354254
        2.7070079989
        2.5519126471
        2.4305740025
        2.3134729935
        2.2442181008
        2.0453208547
        1.8638003724
        1.7449618080
        1.6618339406
        1.6222148382
        1.4814048772
        1.3455675835
        1.2651883773
        1.2062026546
        1.1535804435
        1.1505284833
        1.0901828708
        0.9667669697
        0.9089601695
        0.8702943607
        0.8413705926
        0.8879930352
        0.8358741954
        0.7546837951
        0.7181221611
        0.7046598831
        0.7720109657
        0.7577596087
        0.7003550469
        0.6874175724
        0.7128569904
        0.7131356668
        0.7940120964
        0.8560544120
        0.8015039955
        0.8051755916
        0.8339532172
        0.9533365727
        0.9984093096
        0.9626731384
        0.9737998035
        1.0194283355
        1.0373988373
        1.1488737299
        1.2084846812
        1.1601909649
        1.1823928486
        1.1760233787
        1.2758114514
        1.3178822593
        1.2468798535
        1.2512699176
        1.2088516385
        1.2091041185
        1.2967509041
        1.3198324567
        1.2275061650
        1.1839804905
        1.2048668914
        1.2451064760
        1.2621990376
        1.1609612157
        1.1080681809
        1.0711165249
        1.0572931540
        1.1420981152
        1.1732533990
        1.0825780039
        1.0358849521
        1.0239214663
        1.0278063872
        1.1335950262
        1.1851913640
        1.1174711320
        1.0906758478
        1.0873391619
        1.2225365195
        1.2923819540
        1.2482154372
        1.2527334943
        1.2665751100
        1.3069818043
        1.4609630587
        1.5647104936
        1.5529687370
        1.5677340834
        1.6219113868
        1.7991341898
        1.9103050372
        1.9389150790
        1.9895474519
        2.0525611173
        2.1375949471
        2.2999484351
        2.3973292211
        2.4714542066
        2.5432608038
        2.6248011214
        2.7955647310
        2.9155929653
        2.9728227306
        3.0440092008
        3.1398967326
        3.2451330132
        3.3612976700
        3.4298396048
        3.5360195928
        3.6462005409
        3.7534292741
        3.8213841287
        3.8470209387
        3.9592038435
        4.0627775056
        4.1636453330
        4.2445062789
        4.2307403480
        4.1772322612
        4.3155861864
        4.3369573893
        4.4469092613
        4.4969884982
        4.4008078660
        4.2778659144
        4.3949589824
        4.4398198051
        4.4705563320
        4.3229123938
        4.1978141588
        4.2711825678
        4.3428018643
        4.3772248478
        4.4165175970
        4.2235492674
        4.0459560749
        4.1632169745
        4.2000305874
        4.2028152307
        4.0498708013
        3.8547422383
        3.9287674019
        4.0076701206
        4.0332705562
        4.0330711310
        3.8344359139
        3.6521745296
        3.7437810850
        3.7968163039
        3.8361030716
        3.6188624838
        3.4229862719
        3.5081448065
        3.5544713853
        3.6030224940
        3.6084883265
        3.4097332905
        3.2064356365
        3.2836582060
        3.3270001294
        3.3292238014
        3.1499959929
        2.9381198406
        3.0000133061
        3.0230067543
        3.0464296421
        3.0347470357
        2.8422908973
        2.6285591323
        2.6782088088
        2.6776820604
        2.6785789310
        2.6451089604
        2.4581977196
        2.2551024798
        2.2766231417
        2.2666555317
        2.2315129090
        2.0613671337
        1.8852490067
        1.8950277368
        1.8628739280
        1.8242114301
        1.7872428747
        1.6500813304
        1.4784871739
        1.4934325646
        1.4703456598
        1.4324370444
        1.2979140917
        1.1899942594
        1.1947891312
        1.1606824379
        1.1088474533
        1.0814181940
        0.9931419255
        0.9195487940
        0.9471589835
        0.9148306604
        0.9108419362
        0.8546445371
        0.8140974792
        0.8627837466
        0.8216990353
        0.8332190522
        0.8402361567
        0.8272690900
        0.8029031223
        0.8631443170
        0.9208044564
        1.0167989267
        0.9529496495
        0.9440303147
        1.0166812412
        1.0662892824
        1.1304123817
        1.2028564946
        1.2612440916
        1.2770710003
        1.4010391955
        1.4997647920
        1.4531434219
        1.7412783769
        1.8503678449
        1.9087783511
        2.1021394706
        2.2866843836
        2.4855711066
        2.3513908066
        2.6915909568
        3.0166247870
        2.9151822932
        3.4279470571
        3.7914417810
        3.6880376332
        4.1524731980
        4.6406364876
        4.5275861911
        5.2711586144
        5.2451615044
        5.8753098501
        5.9286256438
        6.7171200226
        6.7024333733
        7.5934701211
        7.5033301521
        7.8173466637
        8.7291982442
        8.7070595494
        9.1688586412
        9.6544635470
       10.3101830719
       10.3353677560
       10.7258907266
       11.1266783193
       11.5302870387
       11.9241090375
       12.1115311052
       12.4523845508
       12.7693566087
       13.0573694274
       13.3113432372
       13.3402394703
       13.5105121567
       13.6721297404
       13.8028036458
       13.8907607724
       13.9255373400
       13.7569597645
       13.7130168915
       13.6801852829
       13.6292237395
       13.5425202169
       13.3916473129
       13.0350793602
       12.8258555698
       12.6250555983
       12.3808669365
       12.0883301180
       11.5757794406
       11.2365992480
       10.8788256895
       10.5232104298
       10.1397657707
        9.7384116033
        0.0000000000
        0.0000000000
        0.0000000000
   220022.4249245383
   283456.9955358088
   271968.2675203110
   261697.0636302888
   257516.0264495265
   242732.4331279056
   281834.8142876422
   268161.7762341108
   270024.8949400235
   258814.8580950242
   248877.7519731307
   231861.9378703424
   272768.5794765278
   270937.0205142853
   256230.1184904462
   245032.0324124466
   227923.7292310903
   268858.3851506686
   261628.8668788690
   242924.8670532686
   231256.1184918481
   221586.1899349375
   204961.7646621364
   249357.3570715259
   234030.7309491414
   223806.7560210711
   216913.9816437574
   190242.0927161719
   229587.8397941033
   213094.6174579618
   200923.0581036513
   192861.7498172675
   181322.5273367126
   165017.0727046302
   204826.4263901675
   185536.5952904932
   168564.0331213404
   144484.6998331445
   132825.7356311441
   119060.5959105687
   144838.3097856144
   122746.2628176109
   107154.8620406570
    97604.8005432901
    76896.1780917015
    93327.1923727690
    82452.0718272393
    64148.5930538370
    61498.1685307928
    60317.2628973155
    47156.8457600084
    55170.6004193740
    49419.1078717912
    32405.7620640428
    32729.4390255974
    21770.7537932408
    27035.1762487341
    17701.7534118488
    17951.1420357457
    11856.7846511884
    13373.4147748861
     8487.2802837637
     9493.6406607318
     9917.4409980858
     7186.4686517366
     6490.3205177209
     5955.9952166112
     6652.5308982752
     5105.1033072712
     4211.6212258843
     3489.7104176648
     2942.6083112820
     2583.4366837400
     3281.2664298355
     3100.7833815870
     3000.0463442786
     2943.8267051880
     2856.4691486831
     3779.3406255436
     3728.5709452332
     3742.8251544617
     3758.0312004412
     3770.9815464538
     3672.8275172341
     5138.9266703143
     5134.8656206368
     5248.5111261241
     5528.2157075565
     5994.7823184272
     6626.6974230180
     8638.4459801726
     9186.8121968962
     9480.0859364900
     9507.3354817763
     9318.3178405405
     9997.2617150075
     9862.9215750361
     9633.2874334155
     8990.4686891665
     7721.4885220363
     5929.8213651685
     4522.1406562996
     3354.0784062283
     2490.8556162601
     1831.1859046319
     1324.6268415899
     1059.7975139054
      844.5549661575
      702.5000679236
      597.3696703070
      514.7711570103
      441.7708666247
      389.3699636012
      338.2821361268
      297.5638899980
      263.3576580639
      232.0008246848
      204.4350421155
      181.9606893579
      163.6254579336
      148.4496378267
      134.7203771181
      120.9539813931
      107.2464572398
       96.2970545794
       87.2437025370
       79.4206185043
       71.6765377719
       62.7716232648
       56.6189888585
       51.4648590047
       47.1566127795
       43.1845621523
       39.0659393961
       34.0908335703
       30.6564234143
       27.7753368718
       25.3644495296
       23.1273129673
       20.9605455336
       17.9186528860
       15.9539082709
       14.3428339488
       12.9446468697
       11.7080887580
        9.8145364598
        8.7780690097
        7.9342090769
        7.3169494203
        6.7499039526
        6.1500931117
        5.1621650279
        4.7592166321
        4.4260924403
        4.1404819486
        3.8912632590
        3.3423275575
        3.2034030881
        3.1113542046
        3.0704499963
        3.0371342474
        2.9149478362
        2.5955092562
        2.6557436288
        2.7399897668
        2.8261771473
        2.7803559113
        2.5861823009
        2.7586544407
        2.9261141612
        3.0896765901
        3.1928565074
        3.1666809124
        3.0228492779
        3.2583341507
        3.4650431335
        3.6699617561
        3.6956394078
        3.5892100125
        3.8599678104
        4.0910871339
        4.2768007784
        4.4214102921
        4.4136416747
        4.2956175911
        4.5947130160
        4.8470357502
        5.0519693268
        5.1725361956
        5.1215216393
        4.9973487410
        5.3140837388
        5.5802863492
        5.7758178702
        5.7703030458
        5.6184904816
        5.8738122657
        6.1019378094
        6.2727783096
        6.3858564464
        6.3732568469
        6.2324736540
        6.4642770314
        6.6644736380
        6.7975340972
        6.7651097864
        6.6212100777
        6.7992973232
        6.9361077101
        7.0335455615
        7.0992141355
        7.0619994898
        6.9291732288
        7.0259585103
        7.0777921361
        7.1307414830
        7.0969855842
        6.9388007113
        6.9605024228
        6.9856468752
        6.9833427832
        6.9460736386
        6.8939496877
        6.7498887504
        6.7034597166
        6.6485483390
        6.6008454156
        6.5550329737
        6.4262741340
        6.3363007409
        6.2513444740
        6.1720600805
        6.1017511269
        6.0862679192
        5.9551959311
        5.8780610153
        5.7339390241
        5.6537748040
        5.5681767404
        5.5904165292
        5.4522689968
        5.3068658677
        5.1999460980
        5.0954629949
        5.1151677882
        4.9883979268
        4.8551147529
        4.7527549123
        4.6807517268
        4.6273334392
        4.6462908052
        4.5235178534
        4.4039495301
        4.2995438034
        4.2450317970
        4.3058552107
        4.1582537628
        4.0483718720
        3.9990980214
        3.9421179526
        3.9141182828
        3.9756874270
        3.8278842376
        3.7345252533
        3.6889772621
        3.6827947012
        3.7338667771
        3.5702645861
        3.4947570017
        3.4683305037
        3.4637102953
        3.4712217578
        3.5455184037
        3.3678217986
        3.2978092787
        3.2734814745
        3.2626389589
        3.3478553396
        3.1606808011
        3.1119018764
        3.1150075828
        3.1371972194
        3.1635430836
        3.2314837400
        3.0564314731
        3.0188141156
        3.0295760459
        3.0511201915
        3.0726962823
        3.1641290836
        2.9622882976
        2.9139077499
        2.9039412753
        2.9138667171
        3.0005280132
        2.7945086531
        2.7531221105
        2.7586142932
        2.7845632055
        2.8088302838
        2.8649037834
        2.6505795293
        2.5940562733
        2.5654374463
        2.5659009550
        2.6312880939
        2.4335080833
        2.3745394625
        2.3687981006
        2.3611748124
        2.3588449657
        2.4053040674
        2.2094365128
        2.1442665957
        2.0900179133
        2.0652930189
        2.1044040630
        1.9177171194
        1.8606086793
        1.8138872959
        1.7794028363
        1.7480448247
        1.7736677025
        1.6165083097
        1.5238399644
        1.4472579736
        1.4271333580
        1.4396542093
        1.3074343791
        1.2323280942
        1.1831332092
        1.1375499392
        1.1055735171
        1.1253981389
        1.0188899744
        0.9543260886
        0.9228201799
        0.8939391982
        0.8629601659
        0.8550758301
        0.7576778815
        0.7060752945
        0.6741954049
        0.6710083110
        0.6995325060
        0.6130897349
        0.5803420205
        0.5854797804
        0.5709969411
        0.5624378314
        0.6024639873
        0.5263817770
        0.5107674582
        0.5427596937
        0.5473318238
        0.5710593023
        0.5181342216
        0.5439993308
        0.5520812419
        0.5906855732
        0.6088343642
        0.6481375244
        0.6227157545
        0.6408118512
        0.6721906827
        0.7391175557
        0.7582344947
        0.7147233643
        0.7419199341
        0.7993454692
        0.8337759830
        0.8631848166
        0.8941247032
        0.8570202621
        0.8881193047
        0.9228483028
        0.9649300578
        0.9886247980
        0.9424349841
        0.9652978147
        0.9913109952
        1.0145828723
        1.0360990518
        1.0592912270
        0.9976720334
        1.0234895539
        1.0502038867
        1.0651437898
        1.0748245700
        1.1124410135
        1.0364230872
        1.0451077863
        1.0722880749
        1.0822197022
        1.1105163931
        1.0255433236
        1.0470758143
        1.0563679513
        1.0877584712
        1.0940960230
        1.0936726201
        0.0000000000
        0.0000000000
        0.0000000000
        0.0000000000
   288232.4366528289
   267743.0772084287
   254231.5106140539
   248026.8643084414
   230497.8054733273
   256556.8488845959
   249561.9373853201
   255377.0238844442
   242607.9420733929
   235968.1292998783
   225398.6015725654
   258029.6222548775
   255815.8234832076
   242992.2719273634
   231134.7755280814
   215404.8726353859
   243605.1628492951
   239419.9848525935
   222652.4481414616
   211011.7235237103
   199748.2043256244
   184717.7169219444
   207308.8702207607
   194886.9940072103
   185869.8064600252
   186029.1948014179
   165320.8218903411
   176028.0539657043
   161737.0337665818
   151329.0006859562
   143106.8919707765
   135170.7011708116
   126449.4604641645
   137154.0339275796
   124982.2139065647
   115179.0130070869
   102536.8327799851
    98042.0706459904
    92884.7633555602
   103085.3729190192
    92839.8438344031
    85885.0829007656
    80911.4753249077
    67105.8281560720
    90249.5566645532
    81051.0154065522
    67435.1436981444
    63346.2979235252
    62631.4793345292
    54209.4251015988
    80274.5399200957
    75596.1170612131
    62468.1294688424
    62440.1471017739
    54699.1130132393
    82067.0153187317
    71576.6107749168
    71047.0996586351
    64409.5692707832
    66843.9086680732
    62467.2225366394
    86210.8594409436
    87598.9891012994
    85449.2875594303
    84778.4944621348
    83138.0470814852
   115186.1035347156
   110768.0155068735
   108260.5068727481
   106698.5153786873
   104928.0806148689
   103364.8585578786
   140477.5889095500
   138519.6945282581
   138395.6833655689
   137853.9548146839
   135873.9700495900
   178634.5759256546
   172518.3166836979
   165937.8618420149
   159880.2279156209
   151843.7608725260
   141919.6544190075
   192034.9036729270
   176787.0963111972
   164584.8780965594
   155817.4270883673
   149622.5166554131
   141461.6846693660
   190032.2648960821
   175206.1998138716
   161143.4738524843
   147529.8538122200
   132727.8675485459
   170241.6321053719
   156089.5689808711
   139858.1372343281
   125960.8288403351
   114563.6658319157
   103115.6933116726
   136087.8026610930
   120497.6836095808
   107943.3134829709
    96775.5449459427
    86368.1970035302
   110475.7859082382
    98970.7363367490
    89623.5199170103
    82385.7671549424
    76641.4988965560
    68869.1362989654
    89708.2075405723
    80919.5942121411
    73620.0783545402
    67184.9894189243
    59529.5325480763
    73902.0518292872
    66404.1661635330
    59813.6682828616
    54456.1568917453
    49409.1209633705
    43264.1703702794
    55996.0223945422
    50164.4850008778
    45445.6421926290
    41200.5237223424
    36396.3970406646
    46074.0285685690
    42368.4147709416
    39264.1650246469
    36720.2916459121
    34199.1799413460
    31212.0394454868
    39133.6207608183
    36501.6801474754
    34231.8274053654
    32045.1392466268
    29659.6271644933
    26784.3638657342
    30604.4067942778
    28624.2868836145
    26665.1989821539
    24681.4412246697
    22177.4769668761
    24674.0527630166
    22509.5602343259
    20322.7410404207
    18518.3342985671
    17251.9717085278
    16088.9239098991
    19240.0945988856
    19133.9569670871
    19220.0702194508
    18754.1049234994
    17353.7068449696
    17491.7958495526
    15699.8896979654
    13943.9506013245
    12007.9940751989
    10361.8646876463
     9046.5106915224
     8481.0724745685
     7333.4423397232
     6164.7160635474
     5115.6700037700
     4053.4471431456
     2973.3736044274
     2017.1536169399
     1327.1959163481
      744.9482354997
      272.9263866716
      226.2279375194
      176.9639405464
      112.5100454624
       78.5511197850
       69.4507317964
       35.7819491180
       28.5196284345
       22.6729829808
       18.4481301022
       14.9502658580
       12.1347212909
       10.1691019373
        9.1771503229
        7.5172076497
        5.8644994491
        5.6000784518
        4.2533155300
        4.0443053316
        4.1938933109
        3.8104815181
        3.1576497184
        2.4026218033
        2.2403297606
        1.9695698458
        1.7347893239
        1.6530959595
        1.5213326526
        1.3252562632
        1.2131880458
        1.2205889136
        1.1166799755
        0.9750040539
        0.9647418742
        0.8365834183
        0.8617227498
        0.7650590652
        0.8487799729
        0.7050877593
        0.8277325470
        0.6373230173
        0.5918456001
        0.7664018887
        0.6019650023
        0.6153012102
        0.6107444467
        0.8617993521
        0.6121782615
        0.6307791307
        0.6623449412
        0.6786699262
        0.6976167352
        0.6987978613
        0.7405749654
        0.7853786930
        0.8339144420
        0.8886895608
        0.9192501696
        0.9769998146
        1.0399992178
        1.1028499790
        1.1636850873
        1.2288278913
        1.3242685095
        1.2932545844
        1.3819768332
        1.4673299302
        1.6124709988
        1.6073763607
        1.6678430190
        1.7998802401
        1.7763569857
        1.9155366182
        1.9500918048
        2.0530079194
        2.0433366887
        2.2118569567
        2.2224326153
        2.3840737212
        2.4780677011
        2.4427136135
        2.5587778667
        2.5908036524
        2.5983240126
        2.7802246078
        2.7270388545
        2.7167047895
        2.8701582764
        2.9025738709
        2.9759817680
        3.0816490304
        3.0265391580
        3.0409667872
        3.0035544289
        3.1027209035
        3.1389532834
        3.0212554425
        3.0201730255
        3.0598614121
        3.1014801327
        3.1311709838
        3.1882403281
        3.0367536079
        2.9950806365
        2.9798592565
        3.0415521558
        3.0383386539
        2.8486994349
        2.8072816171
        2.8108712156
        2.8204326313
        2.8191053972
        2.9193252232
        2.6596421398
        2.6117999425
        2.5968107048
        2.5846286393
        2.6480650260
        2.5820620272
        2.3764376768
        2.2908557973
        2.2315745657
        2.2627693052
        2.1858647196
        1.9834893604
        1.9125171093
        1.9480030103
        1.8568903812
        1.8400256875
        1.8147221382
        1.6515792803
        1.5434122899
        1.4845663213
        1.5141701619
        1.4196833502
        1.2685475237
        1.2087624088
        1.2531521755
        1.1479575325
        1.1302796412
        1.1003355029
        0.9738333421
        0.9934261694
        0.8559429375
        0.8289035129
        0.7991461880
        0.6926029521
        0.7448957124
        0.6156770703
        0.5954827140
        0.5602924977
        0.5262443649
        0.4506922802
        0.4029064328
        0.3765959206
        0.4704248274
        0.3323767831
        0.2731977574
        0.2420298342
        0.2226869343
        0.2105764416
        0.2038464095
        0.1992953036
        0.1884978040
        0.1985178068
        0.2128366852
        0.0880713765
        0.2463354740
        0.2644327836
        0.3212861383
        0.4028667891
        0.4976184426
        0.5794642262
        0.4630793701
        0.7115505023
        0.8708954130
        0.8224953057
        1.1246511368
        1.3199328871
        1.2896655736
        1.6374223905
        1.9328697036
        1.9607490697
        2.3748166550
        2.4372177259
        2.8871094210
        3.0302536085
        3.5073043311
        3.6459537994
        4.1504661834
        4.2595882597
        4.6224926864
        5.1963588359
        5.3641342321
        5.7369953811
        6.1173333153
        6.6808853948
        6.8586059703
        7.2086173552
        7.5647742841
        7.9176321113
        8.2640860351
        8.5943999473
        8.9093046382
        9.2010443486
        9.4740932053
        9.7258196469
        9.9287568488
       10.1051711802
       10.2673720147
       10.3983188332
       10.4964273317
       10.5623880358
       10.5646451303
       10.5400312809
       10.5141212076
       10.4559700539
       10.3681716959
       10.2495788743
       10.0514285065
        9.8504662237
        9.6516745366
        9.4196181910
        9.1634044920
        8.8296145476
        8.5271664672
        8.2164773970
        7.9002643372
        7.5679978899
        7.2255928607
        0.0000000000
        0.0000000000
        0.0000000000
        0.0000000000
    60814.2295729371
    54230.3411038249
    43468.2722094056
    38127.8406348232
    34285.8525627372
    37379.0177657495
    33214.3037230555
    30245.2192303546
    28005.9679913739
    27155.0189225871
    26668.5625476300
    33516.3760683089
    31913.7440074928
    30040.3392198526
    29226.7129607842
    28967.7076918793
    39397.9181832800
    40268.5639230807
    39738.5072071694
    40279.5321232427
    40459.4871902907
    39448.3725290799
    49592.2847955096
    51004.8497083111
    53330.9511030247
    56440.1897380663
    53372.2100553583
    59338.5773364787
    58475.4828918799
    58729.8878806368
    59589.4914783317
    60113.1746761703
    59133.7036736759
    61509.4227818257
    59156.3912088232
    58182.2085560419
    55261.1416078787
    56699.6509709361
    56754.9952296478
    58929.8686560014
    55937.3191997337
    53959.9076889852
    52591.7949671649
    45701.6640050024
    54902.8861530425
    50169.3716352145
    42615.5690844119
    41038.2890231404
    42703.7416525589
    39081.6052659432
    60491.0927185742
    57190.5564073055
    47902.9740273556
    48519.1127637422
    43672.7562830932
    86819.3617965757
    77517.0848126004
    75933.2495122731
    69822.4784582958
    72012.0330685016
    68213.1309227828
   125077.0372168063
   124152.0106935199
   120169.6470424606
   118887.2454451763
   117804.9308550395
   197955.8158888478
   194183.6899742881
   193092.5604906192
   192688.7653144534
   191509.1939084447
   187617.2257339897
   291253.0398949698
   286982.7055130048
   285077.0959042700
   281733.2052911242
   273732.3261356300
   403979.0575375599
   394661.8468361594
   386411.3600287073
   379467.4582800303
   370712.1024825198
   356460.0706269232
   509920.8144561177
   489544.3721740526
   472089.6460753210
   458540.6754369835
   442529.8664116571
   417452.9406519442
   589051.5801211211
   552285.2056806901
   521540.8136428434
   488019.4025115388
   451070.1953999713
   634792.8201487417
   599444.4096817276
   563243.5537634579
   526311.5069255780
   492544.1142207198
   454972.3428785975
   652697.8264300606
   592522.9577788336
   541190.9265593326
   493274.9155792483
   442789.0185951852
   627080.6401548107
   576443.5710411968
   519317.6304395388
   472843.8208506732
   431971.5176975102
   396396.5536899153
   581304.8459952435
   518917.0102918968
   468773.5298646895
   425163.6817548198
   378967.7161218621
   525592.1010824676
   472229.5560298606
   414131.9819162695
   367947.1111434943
   331904.4201956847
   301451.0607392410
   426023.1104319009
   373578.4519588410
   333101.9164371213
   296689.1272015594
   262100.7794523725
   331421.3506258607
   294434.7526124669
   257063.0636468774
   226215.4871499674
   200879.5744902627
   176307.2531788748
   228377.7628695201
   202618.6279715632
   180814.9569780612
   163392.0457800016
   147737.2168158440
   130367.7111148196
   155110.7402488829
   137581.2062153289
   122717.7220722471
   110850.4341517138
   100361.6838051166
   106530.2413625618
    95813.9478439167
    84985.5776398328
    74995.5376508850
    66002.2463865223
    56759.6272974874
    56450.3525584468
    48311.3601039052
    40789.4487695782
    34744.5580221198
    29808.6771947334
    29692.2211965096
    25235.2433731926
    21685.3348155260
    18812.1610822302
    16211.9227185290
    14538.0057738238
    16321.9511784556
    13979.5736866144
    11472.4540059899
     9924.5974419939
     8257.4492356875
     9276.6617836321
     7930.4559730991
     6102.7231429817
     4939.1816210591
     3967.9707483330
     3132.4274104864
     3491.4797450418
     2666.5057756003
     2196.2511459758
     1976.8253330230
     1442.4645296829
     1630.3907953082
     1240.6940430138
      991.4100329552
      840.8145814067
      774.1483794537
      787.3299981393
      977.5313171066
      856.5953686855
      766.5786293386
      683.1872067968
      605.6055024608
      549.9718784577
      748.9468551524
      693.4980284944
      670.5069356531
      682.8669396753
      717.0135591157
      982.2146176613
     1037.9175896765
     1077.1028747591
     1032.5531789718
      907.5347681861
      788.2659766317
      853.5356245346
      935.2482440142
      958.8109874031
      949.8860886486
      926.3443990797
      978.5822388030
     1040.4747721637
     1106.5469026744
     1119.0426186622
     1083.8286626716
     1064.2550271611
     1110.1807852156
     1163.2557679810
     1142.0484905377
     1017.6930785531
      834.9961024542
      666.7108879973
      660.6269638326
      730.6302808013
      780.5547036969
      704.4829797153
      495.2320529058
      269.9737088695
      195.0346470003
      163.0768927840
      144.0597363668
      131.7969581628
      122.3625399072
      116.0600623564
      110.8784324021
      106.3787104626
      102.2114946376
       98.0608898915
       93.8051019008
       89.7739432836
       86.6212339897
       83.7171629902
       80.9131074044
       77.5438612863
       74.2689800194
       71.6041240924
       68.7898071930
       66.3870465543
       63.6905686306
       60.7893847094
       58.3577928494
       56.3855297713
       54.3003316183
       52.3779019555
       50.1343215119
       47.6679694061
       45.6372313947
       43.6243460688
       41.7393551800
       39.9613833478
       37.6998257788
       35.9209817369
       34.4172937028
       32.8633727883
       31.3603306180
       29.8810390326
       28.1746023772
       26.6392298782
       25.2561499337
       23.9931992197
       22.7508103170
       21.3169970699
       20.0777424264
       18.9956476798
       17.9991305392
       17.0269108242
       16.1385273640
       15.1036193993
       14.1005606290
       13.1883141060
       12.3283985506
       11.6334393050
       10.8053134161
       10.0400052775
        9.3895447976
        8.8070573968
        8.2501827236
        7.7720860692
        7.2181796397
        6.6475443312
        6.1664631407
        5.7355708340
        5.3237883825
        5.0153382931
        4.6663396559
        4.2421416921
        3.8651682853
        3.5360691536
        3.3263820683
        3.0820185156
        2.7796469489
        2.5221404248
        2.3096095528
        2.1196367077
        2.0011249594
        1.8717687616
        1.6586013140
        1.4693555112
        1.3156584811
        1.2517707850
        1.1831171150
        1.0376830096
        0.9203963256
        0.8267236274
        0.7500502008
        0.7270272916
        0.7132934077
        0.6095917158
        0.5275236782
        0.4706528851
        0.4655204147
        0.4658553364
        0.4026232986
        0.3592409981
        0.3229255739
        0.2983540598
        0.3078749804
        0.3239640443
        0.2795984537
        0.2501282384
        0.2418269078
        0.2479414936
        0.2544725848
        0.2288051794
        0.2196762341
        0.2158881585
        0.2193349705
        0.2356050392
        0.2398770156
        0.2310893501
        0.2340286269
        0.2389764117
        0.2580645887
        0.2677736654
        0.2655976335
        0.2697809130
        0.2896979239
        0.3099732930
        0.3202310849
        0.3136557079
        0.3307682258
        0.3569354401
        0.3977654162
        0.4282180455
        0.4424976123
        0.4349801431
        0.4718983898
        0.5138658527
        0.5608238767
        0.5798816193
        0.5759661672
        0.6219670279
        0.6787031650
        0.7302839905
        0.7824717144
        0.8023898437
        0.8146163194
        0.8823015738
        0.9214817831
        0.9791378785
        1.0234457240
        1.0564888426
        1.0905646892
        1.1405710034
        1.1919424150
        1.2413856030
        1.2890897923
        1.3190726780
        1.3667367290
        1.4097840282
        1.4516910133
        1.4983905757
        1.5283472185
        1.5593960932
        1.5899993740
        1.6182826249
        1.6468903368
        1.6865050696
        1.7106029507
        1.7327192297
        1.7434050888
        1.7557627439
        1.7701964562
        1.8029817260
        1.7994600028
        1.7954373245
        1.8022470315
        1.7977798851
        1.8061716611
        1.7783780232
        1.7653780561
        1.7488060653
        1.7343563638
        1.7143192398
        1.6926582452
        0.0000000000
        0.0000000000
        0.0000000000
        0.0000000000
    10810.0786460125
    10068.0772679938
     7737.3481585038
     5824.5573409515
     4878.4441958675
    10783.7420699513
    10865.0477250267
    10177.1248541482
     8313.3815315935
     6406.2835919430
     5239.9445553525
     5523.1770261476
     5289.8518249470
     5026.2135838880
     4966.8395721610
     5088.0133008327
     7282.8181301289
     7564.0780300867
     7246.4293924501
     7361.9903846648
     7436.0431279855
     6970.5538537369
     8186.4218432788
     7622.3303588273
     7461.7043397401
     8014.5082468855
     6784.1320572147
     8185.8953097843
     8154.9311252629
     8474.5134981734
     8911.6660355294
     9326.7208990483
     9502.0614060291
    12456.7408076514
    12316.7017766002
    12184.1332257456
    11596.7506665075
    11632.5429016021
    11806.8682361426
    18079.8999062330
    17597.5301359827
    16975.4447178490
    16162.5778166325
    15077.5183390470
    27980.3806739182
    26717.4614142425
    25093.5014556111
    24395.9223452763
    24092.5299279585
    23447.3157131491
    47880.3187807265
    45787.2275811322
    41625.9890193335
    38860.0987119109
    36139.4663800523
    77337.6546668041
    71759.7416323756
    67182.3698619590
    62375.1555514732
    58993.3033233347
    54540.8664464226
   117790.7767542532
   112353.7499933413
   103164.1909658799
    92717.2548115824
    82112.6209930499
   172763.1032039036
   163869.4263483048
   154279.3005492803
   145099.9848085576
   135437.2386865482
   123113.9295984645
   251419.6643050212
   241148.7320518568
   228542.9599467442
   211692.0165543584
   187730.3927846859
   353136.0957117485
   333407.0119737621
   315635.2536392639
   299886.4627063656
   282345.4841383937
   257706.3008341539
   474800.0675142094
   450576.3006605263
   429140.6787147295
   407792.5093840583
   384114.0195378791
   348156.4137107113
   598348.8281405219
   558993.9426756565
   521466.9768737965
   480054.9651463084
   431380.1982579095
   710958.2755561282
   665324.4015119596
   622342.2841360503
   584780.3898025089
   549408.4406805146
   504423.6255940221
   812378.6502906891
   756287.0307042126
   702290.7727549886
   639297.4694734276
   568394.4425254170
   867421.0168523446
   807407.6341520364
   747420.8319411257
   690941.8757614077
   637356.5292293704
   583303.3949541248
   877978.1810645785
   794682.9431459752
   727774.5211391558
   655587.3534830917
   574269.6369475344
   847173.2233642184
   782399.7999551392
   723041.5475217723
   665953.5785662006
   612448.3725389907
   556207.6134882624
   813903.2012157515
   745848.2861435628
   674304.3686576907
   603838.8152913882
   528049.7786638859
   689742.1650956591
   630785.4871965232
   562666.1962402868
   499740.2651118833
   435536.3657692235
   387199.6286472080
   516622.1342461397
   473259.2522128457
   435451.8288746965
   402779.9451953953
   364243.4605420697
   320137.2384032647
   362992.7325882143
   338299.8037266603
   305743.5365896240
   268905.1068222559
   241598.1311461480
   266228.1633338541
   235797.3577956970
   203466.6170517811
   173600.0013662542
   151878.8355270512
   140080.1840096421
   145939.4093242800
   129665.5537320019
   117595.7384977879
   105930.4626418567
    92983.2403559909
    98059.1887208289
    91123.9067252315
    82499.8975169749
    65583.8840207744
    56814.9346834795
    49699.6457054953
    57121.5685134953
    49100.5840744257
    41071.6863379755
    33333.0766515091
    27798.1032434359
    44273.2430985800
    38174.1752114059
    30650.2867374507
    23831.1586816402
    18410.1457541427
    14674.5750141168
    23330.5243897553
    17408.0513887264
    11824.9611034196
     8250.2467706250
     4867.2024219467
     6871.7169375912
     4392.4487090989
     3470.9544348412
     3011.0965068913
     2683.8865895659
     2532.6713127987
     5387.4174956612
     4738.6751920202
     4149.6469098094
     3483.7299995049
     2574.9961540639
     1918.5641792140
     3671.7795458013
     3219.1935454026
     2992.2144749255
     2833.9965491103
     2847.8350154449
     4200.5819141688
     3819.7670782861
     3364.0944481927
     2916.5740244039
     2569.6682576195
     2321.0463813476
     3101.8390426691
     2920.0170844450
     2807.9315079710
     2798.4869391380
     2772.4922459308
     3953.9764277052
     3775.6697251763
     3558.7091389034
     3304.4042637390
     3020.6647281300
     2737.6400298769
     3626.0167241004
     3377.5326778476
     3142.3526652003
     2859.6234759184
     2524.3594484996
     2954.6056862305
     2798.4019072345
     2810.5938348601
     2861.2099404509
     2865.3230335005
     2768.3086891612
     2884.7736433512
     2496.5125036937
     2145.4390980542
     1870.3806952012
     1694.6387009105
     1734.1171464549
     1599.9698910163
     1501.0645318198
     1452.7043525923
     1474.7336503528
     1540.2457907699
     1695.7472050578
     1711.2918722508
     1719.1902687360
     1694.7856161793
     1632.6639324554
     1534.8372302679
     1415.7931527079
     1287.1674542094
     1147.2004373835
     1002.3940382523
      865.1561215823
      751.3673391800
      633.9145526481
      518.3927790783
      425.8604995192
      368.8532404550
      323.5975952977
      268.9792092604
      206.9074757256
      160.9274688008
      129.1793595936
      108.2959889626
       92.7336481260
       80.5133512960
       70.6491159559
       62.4712735985
       55.5476653828
       49.3458980555
       43.8069501801
       38.9699588055
       34.8056407409
       31.2199860480
       27.9051136991
       24.6319642065
       21.9978395698
       19.7234991424
       17.8156663821
       16.1267530634
       14.5662852773
       12.9035304796
       11.4752334922
       10.2404601306
        9.1700113326
        8.2797798463
        7.2172010311
        6.4010463394
        5.6988051003
        5.1289613908
        4.6276994085
        4.1645499731
        3.6203115987
        3.2027087976
        2.8744748230
        2.6086334146
        2.3696553357
        2.1727056616
        1.8658160105
        1.6921556338
        1.5636742354
        1.4630634340
        1.3706930273
        1.1732038797
        1.1280210424
        1.1118831665
        1.1139350773
        1.1293341772
        1.1040234644
        0.9656822691
        0.9964843114
        1.0657030106
        1.1325797531
        1.1126592390
        0.9920141521
        1.0661490299
        1.1593797516
        1.2456256235
        1.3305404890
        1.3143453058
        1.1695140331
        1.2422629047
        1.3320745188
        1.4254334411
        1.3997977098
        1.2446655096
        1.3131868469
        1.3986043935
        1.4986655740
        1.5878477629
        1.5168901803
        1.3163297943
        1.3671874967
        1.4480701683
        1.5045028328
        1.4115503225
        1.2164053087
        1.2532188350
        1.3097442186
        1.3713804729
        1.4028433932
        1.2862005655
        1.0739479949
        1.0812981740
        1.1234066520
        1.1336004848
        1.1938174692
        1.0410334484
        0.8370409175
        0.8122958548
        0.8176591459
        0.8231577759
        0.6897617879
        0.5843568963
        0.5553019896
        0.5054215747
        0.5430179670
        0.5174702678
        0.4106907049
        0.3581283461
        0.3356292227
        0.2868908113
        0.3178493216
        0.2702711638
        0.2567476431
        0.2380794921
        0.2625921804
        0.2595250503
        0.2992364988
        0.3051235422
        0.3308071036
        0.3771718734
        0.3982939151
        0.4563756435
        0.5380131236
        0.5669108019
        0.6231792333
        0.6838441097
        0.7596420245
        0.8344964449
        0.9141487824
        0.9487111036
        1.0219593560
        1.1010983457
        1.1810635542
        1.2419154094
        1.2482462603
        1.3109947128
        1.3735341097
        1.4325534591
        1.4799949242
        1.4936384603
        1.4520809447
        1.4792062728
        1.5064614898
        1.5285697029
        1.5340825926
        1.5054913341
        1.4288196968
        1.4185800063
        1.4025209718
        1.3744167879
        1.3264433373
        1.2210930968
        1.1785223599
        1.1281085166
        1.0821023477
        1.0252007166
        0.9614607301
        0.0000000000
        0.0000000000
        0.0000000000
        0.0000000000
      559.8877204134
      505.9514269308
      426.7083262222
      409.1672449111
      431.8597521287
     1221.9961173025
     1226.0659992584
     1265.2362047124
     1205.2768840922
     1044.7503744432
      762.5844758597
     1173.1337370955
     1043.5357576227
      829.4172691749
      756.6199310830
      796.0879856338
     1212.1991910145
     1270.7663301362
     1155.1829183841
     1149.1742983641
     1136.4955539444
     1129.7424628300
     1656.2279834643
     1630.3134592367
     1628.0754571360
     1617.9806068909
     1115.7839032850
     1593.9481473437
     1457.8902798226
     1503.4964192973
     1581.1409823623
     1644.1641534128
     1447.6841381176
     2087.4772814550
     1750.0910890863
     1581.7581029607
     1351.5493611060
     1447.8273045746
     1441.6328960591
     3215.2697067488
     2767.5741268293
     2458.8871880797
     2251.5577482746
     1740.1668436718
     6685.2198706384
     5611.8259850256
     4442.2835679909
     4120.0063545391
     4043.1224546781
     3511.2674502262
    16073.9976274402
    14529.5353677370
    11664.3869258612
    10206.3053932446
     8768.9877871782
    34147.8236599773
    30154.7915511666
    26575.5802316008
    23604.8486717726
    21899.3043230805
    19602.6288373346
    64921.8384531336
    60435.9726022897
    52825.6919754103
    45459.4116950569
    38734.0588192676
   109228.6446657424
   100334.3595574605
    89513.5478103386
    80541.4951193050
    72239.5954463977
    63109.8071951489
   163297.9212049847
   150301.5465521104
   132094.8014488696
   112427.3589629757
    92155.7245950494
   219665.0147351021
   197166.9841385041
   173496.2912069965
   154973.6825254449
   138566.7017948384
   120896.3202273924
   280596.2647807438
   259141.2377261104
   234549.0691089991
   211303.2153979860
   189556.6492218344
   164610.1283593480
   338901.0417233603
   307476.6266658781
   280041.2079057564
   247227.9290511673
   203008.5795747000
   376599.8267836230
   336296.0388155825
   301383.8738839859
   272106.3089216222
   249992.7879951228
   225841.9328002189
   406258.0433152196
   368696.7489878151
   331982.7186411952
   290428.7134802192
   243985.7155035849
   408741.6964445825
   366257.0846556578
   346952.0049124606
   320745.1946405880
   289864.7650933842
   258859.4557976477
   396988.9444585738
   352226.6408316492
   316347.4033402067
   276563.6400848193
   235063.6733509870
   349879.8273603601
   312495.8286331266
   295052.9342337900
   281678.9854452488
   262399.9411191585
   239781.5617094656
   350457.3013333581
   325282.1006790355
   306989.5966420522
   293472.1354149775
   278020.5124840157
   337802.0002688666
   291977.2111717302
   261730.9407721275
   242405.7702640882
   229936.5870317585
   217476.4733083416
   249887.5889008787
   234907.5768289711
   222878.2541415591
   215874.2609525007
   208364.2307788069
   198590.1954338409
   224945.4983472352
   213228.1372339084
   195291.9153816160
   176167.5365137618
   154276.2162223495
   184609.0094577459
   178234.2037567851
   164760.1252208065
   146024.1513118908
   128516.7978026675
   114464.7664749289
   154720.6825979648
   138593.2573927178
   139471.1027836891
   141824.8533926002
   132587.8064354706
   155480.7934896574
   132683.2310716517
   114958.7606229444
    93221.9098126943
    76580.0345098461
    65589.8725704232
    76169.9603888515
    68380.2241502588
    61383.9785256940
    57468.4117030931
    52883.0661861198
    66955.7638344648
    57632.0691479730
    52859.5272802518
    51663.1202078343
    46632.0673286350
    36911.7815434198
    48734.0698571932
    38497.9484863060
    33140.4301096297
    31935.6721428985
    27043.2693729677
    42162.9282776951
    32502.0956269695
    27295.4948921935
    25412.1911265621
    25089.9620801606
    23959.3929883353
    30681.9698486608
    26100.1592377391
    22777.2975616671
    20659.4964356582
    18172.0155206087
    16952.1060197127
    24893.0207844624
    23936.2241273087
    24787.6046416185
    25779.8177089690
    23708.9602229916
    26835.3652474825
    22270.8086066464
    18738.8120752306
    15980.4468920078
    14347.1422979626
    13547.0078992162
    20535.3776967445
    20051.3428780477
    18304.6404126116
    15841.7545548132
    13339.5315436841
    18574.0266534108
    16755.0544556468
    15495.9411386042
    14522.0968033020
    13688.0455535340
    12856.1536144026
    19127.1730988602
    17816.2475745273
    16336.6780331591
    14921.9596217767
    13523.8624549234
    18994.3509228704
    17701.5375412919
    16557.6711091722
    15734.7481292429
    15121.8181083602
    14519.3169079453
    20293.8712517718
    19656.8976181747
    19041.7605269303
    18435.5413656825
    17644.3675341302
    21504.3137933733
    20294.8928527887
    18882.8966145326
    17367.0948269389
    15903.2134497586
    14585.4172633891
    17307.1186279165
    16152.1132479919
    14962.3952661151
    13859.4556683921
    12919.3474320526
    12059.9744681969
    14503.0421145169
    13603.8555394051
    12577.7604346999
    11410.3859190683
    10211.8297045773
    11320.0705007122
    10453.4364680375
     9698.5564163232
     9031.1616574273
     8394.3653979686
     7662.3230082858
     8418.3972530509
     7801.2040497338
     7285.9187193989
     6824.4832169413
     6387.6650211599
     6721.9327367052
     6339.9648740682
     5921.9599197429
     5435.9058610739
     4862.9700646045
     4150.6630816108
     3483.6074555830
     2908.5467213897
     2541.0050903224
     2300.8579386454
     2120.8722899320
     1917.0424334538
     1795.4198173428
     1653.9583846512
     1509.2046756913
     1355.5748091799
     1200.5592594103
     1024.3716657647
      873.7744027711
      693.9448888063
      492.3853260538
      338.6612891542
      245.2119056791
      179.0476368929
      139.3554203599
      110.5514115686
       88.0900851643
       69.8126818850
       52.7230418866
       41.1225088628
       32.2584467592
       25.6057029843
       21.4968152974
       16.4129899274
       11.7155607524
        9.0302335789
        7.1339107375
        6.9677052749
        4.8130992406
        3.2514332836
        2.6628411506
        3.3397525717
        2.0511824077
        1.7400393625
        1.5236186645
        2.0353450440
        1.0556265901
        0.9518268776
        1.6664643457
        0.8145760637
        0.6128457941
        0.5830233637
        1.1170617853
        0.5232908916
        0.4715628355
        0.4357509764
        0.3933032808
        0.7602430502
        0.3265089135
        0.2895724921
        0.2734333365
        0.2554997544
        0.5241645082
        0.2117718214
        0.1910368088
        0.1848239427
        0.1753195704
        0.1652641601
        0.1501979078
        0.1528647979
        0.3449492411
        0.1467225568
        0.1283723479
        0.1127341034
        0.1094198088
        0.1086580952
        0.1086868592
        0.1100698519
        0.1065495528
        0.0969128031
        0.0988958655
        0.0428341083
        0.0765253048
        0.0897850620
        0.1018081868
        0.1024886569
        0.1067958309
        0.1201940587
        0.0682357176
        0.0850578034
        0.0973832731
        0.0667345640
        0.0952829077
        0.1168910365
        0.0829270793
        0.0973886094
        0.1129264646
        0.0827690149
        0.1137118204
        0.0907714280
        0.1043704903
        0.0851623929
        0.1112736812
        0.0946241412
        0.1240321702
        0.0946401688
        0.0891465821
        0.1131987495
        0.0939077626
        0.0966259405
        0.0997798204
        0.1187075549
        0.0961188083
        0.0939767675
        0.0984591381
        0.0987985850
        0.0987681927
        0.0945143143
        0.0966194375
        0.0983819511
        0.0997418145
        0.1012883740
        0.0993918055
        0.0992059774
        0.0989296175
        0.0984144761
        0.0976125666
        0.0976678732
        0.0958883519
        0.0916005514
        0.0898151699
        0.0866753513
        0.0841774761
        0.0824659424
        0.0766602039
        0.0717546377
        0.0676826316
        0.0640969311
        0.0609754832
        0.0531129800
        0.0486334551
        0.0454030996
        0.0422985836
        0.0395371504
        0.0362546019
        0.0000000000
        0.0000000000
        0.0000000000
        0.0000000000
      160.0622165837
      131.5034288797
      125.1770183987
      125.5900933427
      133.9597170722
      210.7130812633
      210.4703019096
      210.1369764846
      177.0418352227
      162.3416831849
      155.8075393566
      257.7664672644
      313.6994514812
      303.0970986489
      310.4431004485
      268.5597067614
      411.6927984661
      509.4243859014
      447.3548181821
      424.6279595257
      389.1072495464
      265.4765778545
      464.3636391989
      566.7397801136
      659.8946436621
      762.4847366314
      459.2396195489
      626.4309417504
      669.4485385543
      743.8854992608
      792.5900929422
      782.7249106235
      588.6376721657
      701.3136953834
      630.1949228016
      642.7393288438
      555.0397472153
      597.6520174214
      529.4184948621
      986.4436317294
      745.1251554416
      689.3401478711
      632.1571541675
      395.8074501123
     2041.2175108593
     1321.8654177237
      817.2143828644
      744.3920344439
      748.2321444608
      584.6388636616
     5556.7795007902
     4093.9349102967
     2791.8084369823
     2346.7214937481
     1949.2912518005
    13392.1702207275
    10244.9536569629
     8164.7751461590
     6744.4861157043
     6124.2635187812
     5387.4760344677
    28304.6503548935
    23693.9034661272
    19022.4657233849
    15713.9912105944
    13101.5682262568
    51102.8960110053
    43562.7480734086
    36741.7202176377
    32017.5525403585
    28658.1418429742
    24995.7659729580
    85699.6123035444
    75063.7657357788
    63995.9491022368
    54534.0843632945
    45467.9505955530
   126581.1410506119
   111897.6353503133
    99601.5309437221
    92516.4012433942
    89991.3876884730
    88655.3746969524
   202877.2017845504
   204336.5823643294
   205935.3759373395
   197241.2676629589
   185495.0022022349
   169267.2454389911
   283533.4078686838
   262478.1890917299
   255781.6501010628
   241956.9412675918
   203663.0980659144
   312311.4881235116
   289715.4475493031
   263747.9213525393
   248147.6908776709
   247051.8464036295
   251730.0288814577
   346919.7172139240
   301990.2803174712
   261330.4851623458
   226272.4931971823
   199952.0319470444
   284974.4235547946
   276347.6083103510
   262667.0294703657
   242361.8663689451
   223273.9826376896
   199316.2266352826
   258241.3139820013
   222400.5476373170
   196426.7527189375
   178347.3902435576
   159864.0996738930
   191327.4169927003
   170247.7485002598
   158124.0974434519
   144047.5239968670
   130925.3857686623
   128286.0896586576
   164282.0621497007
   154086.8225349443
   145096.2110462572
   142573.2787011321
   140221.2775060057
   166566.0414211349
   156468.1184592441
   143465.4268781150
   139940.8050920261
   130410.5704180375
   127419.9598958045
   156647.3271059532
   144663.5639180777
   130212.2687649232
   113319.5823590279
    98576.4757749508
    91380.2326428990
   103702.9494591427
    94580.3000256770
    81853.3867701215
    72046.2937898513
    69809.7447276953
    91739.3922411557
    88964.3209662184
    94511.5174350043
    89605.7001874742
    83944.9671235929
    79298.8071743871
    90685.1461670846
    82223.8726307706
    81779.6682730712
    86958.3792237540
    94413.6670507770
   133375.6557721516
   119585.9260088313
   102066.4971568722
    89263.9962219147
    78140.2249979205
    67893.4601705543
    79075.7931589225
    74657.9356731718
    72283.3748421686
    67343.2914422844
    57673.1401080828
    78790.9449474266
    70826.8831281299
    63365.8059065414
    57015.0447768410
    52508.6525102550
    50950.7831179654
    80220.8391387178
    77394.5890350950
    71258.7556416593
    60434.8812979793
    50837.8788545333
    71322.2295440687
    67864.5842244042
    68424.1216409306
    64934.5682542877
    55842.7476686821
    46939.9762009856
    66108.1950367902
    59186.0130619773
    52897.4010805370
    46821.2717131784
    41308.0048290562
    37411.5781088631
    61106.9689769224
    57872.3332481346
    55286.6706317671
    53578.9869655826
    53442.6839708951
    84612.4499052502
    78125.7641445362
    69477.7938870591
    60210.6189544653
    52001.9299902715
    45063.0214890601
    71781.2744305906
    65128.2897839458
    58157.2617005980
    51743.4939477753
    46110.2046026881
    72249.1696126120
    66030.0686099264
    59090.2369373179
    52790.2118776379
    47164.8864054883
    42257.1103125579
    67668.9686904135
    62495.0021627421
    56647.5441030412
    50753.6350382926
    44794.1004195798
    68268.9996098464
    63118.1073743215
    58087.6536214523
    53577.2106418991
    49495.7409720331
    45393.5237806707
    68972.5447585293
    63863.3268340127
    57866.9050326254
    51644.9668761905
    45025.3354368554
    65638.4351182160
    59568.2324757986
    53865.0776907514
    49023.2692725761
    44773.9822948151
    40641.1341324771
    62233.9241829794
    58172.3090866668
    54183.9809798638
    50271.7324619195
    46322.0451349106
    41340.2074130184
    57317.6616703279
    51664.2651867117
    46328.4587442902
    41529.7650757398
    36606.0511692131
    50786.8238303113
    46931.6383786205
    43341.3841853193
    39852.8112270046
    36574.8696198839
    32990.7817164239
    44184.0125447923
    40602.5964180887
    37173.3556895978
    33678.3611126147
    30009.8300241704
    36168.8971718284
    32616.6895832145
    28989.7379579650
    25765.6666655623
    23105.5662242296
    20771.9202262732
    25612.3159407999
    23882.5745996779
    22326.0692051565
    20881.4431353066
    19095.7941541897
    21126.6823432030
    19390.4002241073
    17706.2267269002
    16052.8929894599
    14432.6625034514
    13077.7779959610
    13620.3253159749
    12555.5599105857
    11474.1453697433
    10487.4497294638
     9585.5228583697
     9455.7512813651
     8390.7573717665
     7246.0234169544
     6154.5721989373
     5472.0142629756
     4989.3948431951
     4084.8735219088
     3389.7325771768
     2961.6743160478
     2818.6007422948
     3049.2733588833
     2879.1074005528
     2525.4495478414
     2487.5952309903
     2541.3228910193
     2672.8128999343
     2703.1097482121
     2350.5470279363
     2200.7105012440
     2090.1872482205
     1864.6374226254
     1341.9986654180
      769.3388112944
      509.4789726546
      298.5942435472
      225.0763188554
      138.8955337304
       37.4902107003
       25.0690225948
       19.2393834799
       25.4422369253
       16.0558747335
       13.9235798956
       12.4224345701
       11.7559202708
       16.5884930502
       10.1671521334
        8.9758203167
        8.5387209439
        8.2289583855
       10.3107637026
        7.6250515511
        7.3759030955
        7.2796226680
        6.9856409012
        6.6391597466
        6.5110530327
        6.4994922863
        7.2201833367
        5.9791593837
        5.5325390249
        5.3418335956
        5.2198434656
        5.1249649140
        4.9828979517
        4.7070855015
        4.4031769985
        4.2010507633
        4.0531428308
        3.6602100191
        3.6616408465
        3.4162874181
        3.2152320681
        3.0414460193
        2.8741427670
        2.6823851649
        2.2411483518
        2.1615393655
        2.0182459989
        1.7387697375
        1.7334488713
        1.6276398427
        1.3173204091
        1.3017744619
        1.2039411747
        0.9352757625
        0.9460976927
        0.7154293856
        0.7321780019
        0.5446063747
        0.5870314427
        0.4208240836
        0.4844528498
        0.3136922978
        0.2727354308
        0.3327439281
        0.2197321673
        0.2030364240
        0.2023484233
        0.2829692710
        0.2062294918
        0.2099824932
        0.2281470039
        0.2483467003
        0.2716985094
        0.2871575574
        0.3166844976
        0.3471469614
        0.3766768462
        0.4043504031
        0.4213774125
        0.4444254529
        0.4652322152
        0.4828064361
        0.4959826600
        0.5039307010
        0.5029778512
        0.4969047576
        0.4929527536
        0.4867558829
        0.4795751355
        0.4657953540
        0.4357186233
        0.4137395262
        0.3920682903
        0.3698519397
        0.3454536531
        0.3054700282
        0.2788028311
        0.2550779263
        0.2324925773
        0.2115787771
        0.1923244189
        0.0000000000
        0.0000000000
