!------------------------------------------------------------!
  Date: 20191203
  Simulation name: CWZ7 
  Filename:transect.txt                                                                                                                                          
  Produced in mod-subroutine:  massdist/massinchannel                                                                                                                                
  Written by AK September 2019
  Description: Transects from channel sides to edges                                                                                                                
  Data format:300 EPP, 600 EPP, 900 EPP, 300 TG, 600 TG, 900 TG, 300 DPU, 600 DPU, 900 DPu                                                                          
!------------------------------------------------------------!
       -0.00000       14.00035       -0.00000        0.00000      358.92108        0.00000        0.00000        2.54449        0.00000       -0.00000       14.00035       -0.00000        0.00000      358.92108        0.00000        0.00000        2.54449        0.00000
       -0.00000       14.00035       -0.00000        0.00000      464.98016        0.00000        0.00000       10.66463        0.00000       -0.00000       14.00035       -0.00000        0.00000      306.09971        0.00000        0.00000        6.40562        0.00000
       -0.00000       14.00035       -0.00000        0.00000      460.50559        0.00000        0.00000       61.90120        0.00000       -0.00000       14.00035       -0.00000        0.00000      313.95144        0.00000        0.00000       20.93664        0.00000
       -0.00000       14.00035       -0.00000        0.00000      324.54766        0.00000        0.00000       27.95379        0.00000       -0.00000       14.00035       -0.00000        0.00000      336.87549        0.00000        0.00000       51.07522        0.00000
       -0.00000       14.00035       -0.00000        0.00000      273.00000        0.00000        0.00000        0.29837        0.00000       -0.00000       14.00035       -0.00000        0.00000      346.62665        0.00000        0.00000       79.10429        0.00000
       -0.00000       14.00035       -0.00000        0.00000      272.99997        0.00000        0.00000        0.00000        0.00000       -0.00000        7.22320       -0.00000        0.00000      323.76896        0.00000        0.00000       61.42719        0.00000
       -0.00000       14.00035       -0.00000        0.00000      272.99998        0.00000        0.00000        0.00000        0.00000       -0.00000        4.40408       -0.00000        0.00000      663.11093        0.00000        0.00000      135.74447        0.00000
       -0.00000       14.00035       -0.00000        0.00000      273.00002        0.00000        0.00000        0.33962        0.00000       -0.00000        3.44549       -0.00000        0.00000      781.10648        0.00000        0.00000     1712.48135        0.00000
       -0.00000       14.00035       -0.00000        0.00000      302.63135        0.00000        0.00000        7.55380        0.00000       -0.00000        3.02012       -0.00000        0.00000      786.33194        0.00000        0.00000     2434.75090        0.00000
       -0.00000       14.00035       -0.00000        0.00000      372.91692        0.00000        0.00000       18.37389        0.00000       -0.00000        2.88992       -0.00000        0.00000      781.14137        0.00000        0.00000     3284.51313        0.00000
       -0.00000       14.00035       -0.00000        0.00000      450.32159        0.00000        0.00000       25.57340        0.00000       -0.00000        2.75762       -0.00000        0.00000      765.77457        0.00000        0.00000     4673.14142        0.00000
       -0.00000       14.00035       -0.00000        0.00000      504.18644        0.00000        0.00000       27.44114        0.00000       -0.00000        2.84412       -0.00000        0.00000      755.72935        0.00000        0.00000     3780.20587        0.00000
       -0.00000       14.00035       -0.00000        0.00000      527.75549        0.00000        0.00000       31.43603        0.00000       -0.00000        3.03211       -0.00000        0.00000      735.84650        0.00000        0.00000     1625.73450        0.00000
       -0.00000       14.00035       -0.00000        0.00000      497.87073        0.00000        0.00000       30.83467        0.00000       -0.00000        3.25511       -0.00000        0.00000      699.24665        0.00000        0.00000     1017.70429        0.00000
       -0.00000       14.00035       -0.00000        0.00000      367.73895        0.00000        0.00000       15.32239        0.00000       -0.00000        3.36616       -0.00000        0.00000      707.60519        0.00000        0.00000      577.24624        0.00000
       -0.00000       14.00035       -0.00000        0.00000      276.66384        0.00000        0.00000        0.32945        0.00000       -0.00000        3.46203       -0.00000        0.00000      708.64823        0.00000        0.00000      411.85335        0.00000
       -0.00000       14.00035       -0.00000        0.00000      273.00000        0.00000        0.00000        0.00000        0.00000       -0.00000        3.51358       -0.00000        0.00000      689.48423        0.00000        0.00000      475.51283        0.00000
       -0.00000       14.00035       -0.00000        0.00000      273.00000        0.00000        0.00000        0.00000        0.00000       -0.00000        3.56698       -0.00000        0.00000      639.50101        0.00000        0.00000      493.45644        0.00000
       -0.00000       14.00035       -0.00000        0.00000      273.00000        0.00000        0.00000        0.00000        0.00000       -0.00000        3.56478       -0.00000        0.00000      588.84066        0.00000        0.00000      439.12817        0.00000
       -0.00000       14.00035       -0.00000        0.00000      273.00000        0.00000        0.00000        0.00000        0.00000       -0.00000        3.59328       -0.00000        0.00000      574.25113        0.00000        0.00000      217.16964        0.00000
       -0.00000       14.00035       -0.00000        0.00000      273.00000        0.00000        0.00000        0.00000        0.00000       -0.00000        3.69677       -0.00000        0.00000      546.29373        0.00000        0.00000      165.19459        0.00000
       -0.00000       14.00035       -0.00000        0.00000      273.00000        0.00000        0.00000        0.00000        0.00000       -0.00000        3.80701       -0.00000        0.00000      510.28298        0.00000        0.00000      130.88525        0.00000
       -0.00000       14.00035       -0.00000        0.00000      273.00000        0.00000        0.00000        0.00000        0.00000       -0.00000        3.78899       -0.00000        0.00000      498.40770        0.00000        0.00000      112.91162        0.00000
       -0.00000       14.00035       -0.00000        0.00000      273.00000        0.00000        0.00000        0.00000        0.00000       -0.00000        3.78555       -0.00000        0.00000      490.47869        0.00000        0.00000       77.14497        0.00000
       -0.00000       14.00035       -0.00000        0.00000      273.00000        0.00000        0.00000        0.00000        0.00000       -0.00000        3.87215       -0.00000        0.00000      480.64685        0.00000        0.00000       33.63430        0.00000
       -0.00000       14.00035       -0.00000        0.00000      273.00000        0.00000        0.00000        0.00000        0.00000       -0.00000        3.92439       -0.00000        0.00000      476.32427        0.00000        0.00000       24.41503        0.00000
       -0.00000       14.00035       -0.00000        0.00000      273.00000        0.00000        0.00000        0.00000        0.00000       -0.00000        3.86287       -0.00000        0.00000      483.04421        0.00000        0.00000       27.00752        0.00000
       -0.00000       14.00035       -0.00000        0.00000      273.00000        0.00000        0.00000        0.00000        0.00000       -0.00000        3.84206       -0.00000        0.00000      493.90803        0.00000        0.00000       31.18012        0.00000
       -0.00000       14.00035       -0.00000        0.00000      273.00000        0.00000        0.00000        0.00000        0.00000       -0.00000        3.87244       -0.00000        0.00000      498.78793        0.00000        0.00000       27.13989        0.00000
       -0.00000       14.00035       -0.00000        0.00000      273.00000        0.00000        0.00000        0.00000        0.00000       -0.00000        3.92834       -0.00000        0.00000      499.05653        0.00000        0.00000       22.16475        0.00000
       -0.00000       14.00035       -0.00000        0.00000      273.00000        0.00000        0.00000        0.00000        0.00000       -0.00000        3.95065       -0.00000        0.00000      498.10409        0.00000        0.00000       22.81327        0.00000
       -0.00000       14.00035       -0.00000        0.00000      273.00000        0.00000        0.00000        0.00000        0.00000       -0.00000        3.95542       -0.00000        0.00000      497.67947        0.00000        0.00000       23.93308        0.00000
       -0.00000       14.00035       -0.00000        0.00000      273.00000        0.00000        0.00000        0.00000        0.00000       -0.00000        3.94579       -0.00000        0.00000      507.66709        0.00000        0.00000       20.93031        0.00000
       -0.00000       14.00035       -0.00000        0.00000      273.00000        0.00000        0.00000        0.00000        0.00000       -0.00000        3.94705       -0.00000        0.00000      523.17545        0.00000        0.00000       23.77968        0.00000
       -0.00000       14.00035       -0.00000        0.00000      273.00000        0.00000        0.00000        0.00000        0.00000       -0.00000        3.93476       -0.00000        0.00000      534.77160        0.00000        0.00000       22.33442        0.00000
       -0.00000       14.00035       -0.00000        0.00000      273.00000        0.00000        0.00000        0.00000        0.00000       -0.00000        3.91561       -0.00000        0.00000      552.25898        0.00000        0.00000       19.93966        0.00000
       -0.00000       14.00035       -0.00000        0.00000      273.00000        0.00000        0.00000        0.00000        0.00000       -0.00000        3.92454       -0.00000        0.00000      562.48321        0.00000        0.00000       18.92339        0.00000
       -0.00000       14.00035       -0.00000        0.00000      273.00000        0.00000        0.00000        0.00000        0.00000       -0.00000        3.91472       -0.00000        0.00000      569.65098        0.00000        0.00000       11.27886        0.00000
       -0.00000       14.00035       -0.00000        0.00000      273.00000        0.00000        0.00000        0.00000        0.00000       -0.00000        3.89462       -0.00000        0.00000      576.58991        0.00000        0.00000        5.90922        0.00000
       -0.00000       14.00035       -0.00000        0.00000      273.00000        0.00000        0.00000        0.00000        0.00000       -0.00000        3.88727       -0.00000        0.00000      540.78046        0.00000        0.00000        9.43137        0.00000
       -0.00000       14.00035       -0.00000        0.00000      273.00000        0.00000        0.00000        0.00000        0.00000       -0.00000        3.88102       -0.00000        0.00000      455.07308        0.00000        0.00000       13.48423        0.00000
       -0.00000       14.00035       -0.00000        0.00000      273.00000        0.00000        0.00000        0.00000        0.00000       -0.00000        4.11913       -0.00000        0.00000      423.99165        0.00000        0.00000       19.36750        0.00000
       -0.00000       14.00035       -0.00000        0.00000      273.00000        0.00000        0.00000        0.00000        0.00000       -0.00000        4.26767       -0.00000        0.00000      400.99928        0.00000        0.00000       21.94603        0.00000
       -0.00000       14.00035       -0.00000        0.00000      273.00000        0.00000        0.00000        0.00000        0.00000       -0.00000        4.12135       -0.00000        0.00000      373.76034        0.00000        0.00000       19.42926        0.00000
       -0.00000       14.00035       -0.00000        0.00000      273.00000        0.00000        0.00000        0.00000        0.00000       -0.00000        4.09974       -0.00000        0.00000      365.79113        0.00000        0.00000       18.56374        0.00000
       -0.00000       14.00035       -0.00000        0.00000      273.00000        0.00000        0.00000        0.00000        0.00000       -0.00000        4.17419       -0.00000        0.00000      385.28316        0.00000        0.00000       11.10079        0.00000
       -0.00000       14.00035       -0.00000        0.00000      273.00000        0.00000        0.00000        0.00000        0.00000       -0.00000        4.59158       -0.00000        0.00000      360.71589        0.00000        0.00000        6.67781        0.00000
       -0.00000       14.00035       -0.00000        0.00000      273.00000        0.00000        0.00000        0.00000        0.00000       -0.00000        5.04007       -0.00000        0.00000      284.43072        0.00000        0.00000        2.25294        0.00000
       -0.00000       14.00035       -0.00000        0.00000      273.00000        0.00000        0.00000        0.00000        0.00000       -0.00000       14.00035       -0.00000        0.00000      285.85247        0.00000        0.00000        1.04252        0.00000
       -0.00000       14.00035       -0.00000        0.00000      273.00000        0.00000        0.00000        0.00000        0.00000       -0.00000       14.00035       -0.00000        0.00000      286.87881        0.00000        0.00000        1.40641        0.00000
       -0.00000       14.00035       -0.00000        0.00000      273.00000        0.00000        0.00000        0.00000        0.00000       -0.00000       14.00035       -0.00000        0.00000      274.74782        0.00000        0.00000        0.35351        0.00000
       -0.00000       14.00035       -0.00000        0.00000      273.00000        0.00000        0.00000        0.00000        0.00000       -0.00000       14.00035       -0.00000        0.00000      273.00254        0.00000        0.00000        0.00009        0.00000
       -0.00000       14.00035       -0.00000        0.00000      273.00000        0.00000        0.00000        0.00000        0.00000       -0.00000       14.00035       -0.00000        0.00000      273.00000        0.00000        0.00000        0.00000        0.00000
       -0.00000        0.00000       -0.00000        0.00000        0.00000        0.00000        0.00000        0.00000        0.00000       -0.00000       14.00035       -0.00000        0.00000      273.00000        0.00000        0.00000        0.00000        0.00000
       -0.00000        0.00000       -0.00000        0.00000        0.00000        0.00000        0.00000        0.00000        0.00000       -0.00000       14.00035       -0.00000        0.00000      273.00005        0.00000        0.00000        0.00000        0.00000
       -0.00000        0.00000       -0.00000        0.00000        0.00000        0.00000        0.00000        0.00000        0.00000       -0.00000       14.00035       -0.00000        0.00000      273.00029        0.00000        0.00000        0.00000        0.00000
       -0.00000        0.00000       -0.00000        0.00000        0.00000        0.00000        0.00000        0.00000        0.00000       -0.00000       14.00035       -0.00000        0.00000      273.00102        0.00000        0.00000        0.00000        0.00000
       -0.00000        0.00000       -0.00000        0.00000        0.00000        0.00000        0.00000        0.00000        0.00000       -0.00000       14.00035       -0.00000        0.00000      273.00304        0.00000        0.00000        0.00000        0.00000
       -0.00000        0.00000       -0.00000        0.00000        0.00000        0.00000        0.00000        0.00000        0.00000       -0.00000       14.00035       -0.00000        0.00000      273.00958        0.00000        0.00000        0.00000        0.00000
       -0.00000        0.00000       -0.00000        0.00000        0.00000        0.00000        0.00000        0.00000        0.00000       -0.00000       14.00035       -0.00000        0.00000      273.03987        0.00000        0.00000        0.00012        0.00000
       -0.00000        0.00000       -0.00000        0.00000        0.00000        0.00000        0.00000        0.00000        0.00000       -0.00000       14.00035       -0.00000        0.00000      273.17486        0.00000        0.00000        0.01579        0.00000
       -0.00000        0.00000       -0.00000        0.00000        0.00000        0.00000        0.00000        0.00000        0.00000       -0.00000       14.00035       -0.00000        0.00000      273.90005        0.00000        0.00000        0.07929        0.00000
       -0.00000        0.00000       -0.00000        0.00000        0.00000        0.00000        0.00000        0.00000        0.00000       -0.00000       14.00035       -0.00000        0.00000      276.04368        0.00000        0.00000        0.19800        0.00000
       -0.00000        0.00000       -0.00000        0.00000        0.00000        0.00000        0.00000        0.00000        0.00000       -0.00000       14.00035       -0.00000        0.00000      276.31648        0.00000        0.00000        0.17414        0.00000
       -0.00000        0.00000       -0.00000        0.00000        0.00000        0.00000        0.00000        0.00000        0.00000       -0.00000       14.00035       -0.00000        0.00000      273.72312        0.00000        0.00000        0.03652        0.00000
       -0.00000        0.00000       -0.00000        0.00000        0.00000        0.00000        0.00000        0.00000        0.00000       -0.00000       14.00035       -0.00000        0.00000      273.00021        0.00000        0.00000        0.00000        0.00000
       -0.00000        0.00000       -0.00000        0.00000        0.00000        0.00000        0.00000        0.00000        0.00000       -0.00000       14.00035       -0.00000        0.00000      273.00000        0.00000        0.00000        0.00000        0.00000
       -0.00000        0.00000       -0.00000        0.00000        0.00000        0.00000        0.00000        0.00000        0.00000       -0.00000       14.00035       -0.00000        0.00000      273.00000        0.00000        0.00000        0.00000        0.00000
       -0.00000        0.00000       -0.00000        0.00000        0.00000        0.00000        0.00000        0.00000        0.00000       -0.00000       14.00035       -0.00000        0.00000      273.00000        0.00000        0.00000        0.00000        0.00000
       -0.00000        0.00000       -0.00000        0.00000        0.00000        0.00000        0.00000        0.00000        0.00000       -0.00000       14.00035       -0.00000        0.00000      273.00000        0.00000        0.00000        0.00000        0.00000
       -0.00000        0.00000       -0.00000        0.00000        0.00000        0.00000        0.00000        0.00000        0.00000       -0.00000       14.00035       -0.00000        0.00000      273.00000        0.00000        0.00000        0.00000        0.00000
       -0.00000        0.00000       -0.00000        0.00000        0.00000        0.00000        0.00000        0.00000        0.00000       -0.00000       14.00035       -0.00000        0.00000      278.33322        0.00000        0.00000        0.08238        0.00000
       -0.00000        0.00000       -0.00000        0.00000        0.00000        0.00000        0.00000        0.00000        0.00000       -0.00000       14.00035       -0.00000        0.00000      292.04619        0.00000        0.00000        0.25297        0.00000
       -0.00000        0.00000       -0.00000        0.00000        0.00000        0.00000        0.00000        0.00000        0.00000       -0.00000       14.00035       -0.00000        0.00000      288.36216        0.00000        0.00000        0.20938        0.00000
       -0.00000        0.00000       -0.00000        0.00000        0.00000        0.00000        0.00000        0.00000        0.00000       -0.00000       14.00035       -0.00000        0.00000      274.30331        0.00000        0.00000        0.00632        0.00000
       -0.00000        0.00000       -0.00000        0.00000        0.00000        0.00000        0.00000        0.00000        0.00000       -0.00000       14.00035       -0.00000        0.00000      273.00044        0.00000        0.00000        0.00000        0.00000
       -0.00000        0.00000       -0.00000        0.00000        0.00000        0.00000        0.00000        0.00000        0.00000       -0.00000       14.00035       -0.00000        0.00000      273.00094        0.00000        0.00000        0.00000        0.00000
       -0.00000        0.00000       -0.00000        0.00000        0.00000        0.00000        0.00000        0.00000        0.00000       -0.00000       14.00035       -0.00000        0.00000      289.51086        0.00000        0.00000        0.59666        0.00000
       -0.00000        0.00000       -0.00000        0.00000        0.00000        0.00000        0.00000        0.00000        0.00000       -0.00000       14.00035       -0.00000        0.00000      464.18270        0.00000        0.00000        6.41195        0.00000
       -0.00000        0.00000       -0.00000        0.00000        0.00000        0.00000        0.00000        0.00000        0.00000       -0.00000       14.00035       -0.00000        0.00000      641.31936        0.00000        0.00000       34.84355        0.00000
       -0.00000        0.00000       -0.00000        0.00000        0.00000        0.00000        0.00000        0.00000        0.00000       -0.00000       14.00035       -0.00000        0.00000      677.31417        0.00000        0.00000       61.74205        0.00000
       -0.00000        0.00000       -0.00000        0.00000        0.00000        0.00000        0.00000        0.00000        0.00000       -0.00000       14.00035       -0.00000        0.00000      685.16724        0.00000        0.00000       62.86319        0.00000
       -0.00000        0.00000       -0.00000        0.00000        0.00000        0.00000        0.00000        0.00000        0.00000       -0.00000       14.00035       -0.00000        0.00000      673.16697        0.00000        0.00000       72.62459        0.00000
       -0.00000        0.00000       -0.00000        0.00000        0.00000        0.00000        0.00000        0.00000        0.00000       -0.00000       14.00035       -0.00000        0.00000      636.10838        0.00000        0.00000       72.21465        0.00000
       -0.00000        0.00000       -0.00000        0.00000        0.00000        0.00000        0.00000        0.00000        0.00000       -0.00000       14.00035       -0.00000        0.00000      622.08891        0.00000        0.00000       69.09770        0.00000
       -0.00000        0.00000       -0.00000        0.00000        0.00000        0.00000        0.00000        0.00000        0.00000       -0.00000       14.00035       -0.00000        0.00000      619.86646        0.00000        0.00000       76.57867        0.00000
       -0.00000        0.00000       -0.00000        0.00000        0.00000        0.00000        0.00000        0.00000        0.00000       -0.00000       14.00035       -0.00000        0.00000      622.07569        0.00000        0.00000      100.79011        0.00000
       -0.00000        0.00000       -0.00000        0.00000        0.00000        0.00000        0.00000        0.00000        0.00000       -0.00000       14.00035       -0.00000        0.00000      624.65220        0.00000        0.00000      126.05385        0.00000
       -0.00000        0.00000       -0.00000        0.00000        0.00000        0.00000        0.00000        0.00000        0.00000       -0.00000       14.00035       -0.00000        0.00000      611.04820        0.00000        0.00000      105.65311        0.00000
       -0.00000        0.00000       -0.00000        0.00000        0.00000        0.00000        0.00000        0.00000        0.00000       -0.00000       14.00035       -0.00000        0.00000      585.68438        0.00000        0.00000       37.51987        0.00000
       -0.00000        0.00000       -0.00000        0.00000        0.00000        0.00000        0.00000        0.00000        0.00000       -0.00000       14.00035       -0.00000        0.00000      572.96274        0.00000        0.00000       16.96713        0.00000
       -0.00000        0.00000       -0.00000        0.00000        0.00000        0.00000        0.00000        0.00000        0.00000       -0.00000       14.00035       -0.00000        0.00000      565.73147        0.00000        0.00000       10.12607        0.00000
       -0.00000        0.00000       -0.00000        0.00000        0.00000        0.00000        0.00000        0.00000        0.00000       -0.00000       14.00035       -0.00000        0.00000      515.08869        0.00000        0.00000        3.86236        0.00000
       -0.00000        0.00000       -0.00000        0.00000        0.00000        0.00000        0.00000        0.00000        0.00000       -0.00000       14.00035       -0.00000        0.00000      419.99310        0.00000        0.00000        1.22168        0.00000
       -0.00000        0.00000       -0.00000        0.00000        0.00000        0.00000        0.00000        0.00000        0.00000       -0.00000       14.00035       -0.00000        0.00000      483.54058        0.00000        0.00000        1.14027        0.00000
       -0.00000        0.00000       -0.00000        0.00000        0.00000        0.00000        0.00000        0.00000        0.00000       -0.00000       14.00035       -0.00000        0.00000      556.89123        0.00000        0.00000       15.88322        0.00000
       -0.00000        0.00000       -0.00000        0.00000        0.00000        0.00000        0.00000        0.00000        0.00000       -0.00000       14.00035       -0.00000        0.00000      542.45881        0.00000        0.00000       28.83457        0.00000
       -0.00000        0.00000       -0.00000        0.00000        0.00000        0.00000        0.00000        0.00000        0.00000       -0.00000       14.00035       -0.00000        0.00000      525.14118        0.00000        0.00000       39.60595        0.00000
       -0.00000        0.00000       -0.00000        0.00000        0.00000        0.00000        0.00000        0.00000        0.00000       -0.00000       14.00035       -0.00000        0.00000      530.42151        0.00000        0.00000       29.49059        0.00000
        0.00000        0.00000        0.00000        0.00000        0.00000        0.00000        0.00000        0.00000        0.00000       -0.00000       14.00035       -0.00000        0.00000      639.02517        0.00000        0.00000       80.15757        0.00000
        0.00000        0.00000        0.00000        0.00000        0.00000        0.00000        0.00000        0.00000        0.00000       -0.00000       14.00035       -0.00000        0.00000      715.64625        0.00000        0.00000      217.13603        0.00000
        0.00000        0.00000        0.00000        0.00000        0.00000        0.00000        0.00000        0.00000        0.00000       -0.00000       14.00035       -0.00000        0.00000      727.56437        0.00000        0.00000      304.89978        0.00000
        0.00000        0.00000        0.00000        0.00000        0.00000        0.00000        0.00000        0.00000        0.00000       -0.00000       14.00035       -0.00000        0.00000      672.53286        0.00000        0.00000      262.27198        0.00000
        0.00000        0.00000        0.00000        0.00000        0.00000        0.00000        0.00000        0.00000        0.00000       -0.00000       14.00035       -0.00000        0.00000      634.54274        0.00000        0.00000      247.03543        0.00000
        0.00000        0.00000        0.00000        0.00000        0.00000        0.00000        0.00000        0.00000        0.00000       -0.00000       14.00035       -0.00000        0.00000      644.95545        0.00000        0.00000      311.77131        0.00000
        0.00000        0.00000        0.00000        0.00000        0.00000        0.00000        0.00000        0.00000        0.00000       -0.00000       14.00035       -0.00000        0.00000      690.99421        0.00000        0.00000      399.40014        0.00000
        0.00000        0.00000        0.00000        0.00000        0.00000        0.00000        0.00000        0.00000        0.00000       -0.00000       14.00035       -0.00000        0.00000      715.83908        0.00000        0.00000      507.97865        0.00000
        0.00000        0.00000        0.00000        0.00000        0.00000        0.00000        0.00000        0.00000        0.00000       -0.00000       14.00035       -0.00000        0.00000      703.16046        0.00000        0.00000      651.78328        0.00000
        0.00000        0.00000        0.00000        0.00000        0.00000        0.00000        0.00000        0.00000        0.00000       -0.00000       14.00035       -0.00000        0.00000      665.58257        0.00000        0.00000      746.94040        0.00000
        0.00000        0.00000        0.00000        0.00000        0.00000        0.00000        0.00000        0.00000        0.00000       -0.00000       14.00035       -0.00000        0.00000      629.93763        0.00000        0.00000      599.53957        0.00000
        0.00000        0.00000        0.00000        0.00000        0.00000        0.00000        0.00000        0.00000        0.00000       -0.00000       14.00035       -0.00000        0.00000      598.90300        0.00000        0.00000      396.42406        0.00000
        0.00000        0.00000        0.00000        0.00000        0.00000        0.00000        0.00000        0.00000        0.00000       -0.00000       14.00035       -0.00000        0.00000      581.59109        0.00000        0.00000      297.01315        0.00000
        0.00000        0.00000        0.00000        0.00000        0.00000        0.00000        0.00000        0.00000        0.00000       -0.00000       14.00035       -0.00000        0.00000      575.56450        0.00000        0.00000      292.69151        0.00000
        0.00000        0.00000        0.00000        0.00000        0.00000        0.00000        0.00000        0.00000        0.00000       -0.00000       14.00035       -0.00000        0.00000      569.07131        0.00000        0.00000      313.37492        0.00000
        0.00000        0.00000        0.00000        0.00000        0.00000        0.00000        0.00000        0.00000        0.00000       -0.00000       14.00035       -0.00000        0.00000      558.33187        0.00000        0.00000      319.41902        0.00000
        0.00000        0.00000        0.00000        0.00000        0.00000        0.00000        0.00000        0.00000        0.00000       -0.00000       14.00035       -0.00000        0.00000      530.32470        0.00000        0.00000      294.53195        0.00000
        0.00000        0.00000        0.00000        0.00000        0.00000        0.00000        0.00000        0.00000        0.00000       -0.00000       14.00035       -0.00000        0.00000      513.97305        0.00000        0.00000      254.35805        0.00000
        0.00000        0.00000        0.00000        0.00000        0.00000        0.00000        0.00000        0.00000        0.00000       -0.00000       14.00035       -0.00000        0.00000      525.24466        0.00000        0.00000      181.01003        0.00000
        0.00000        0.00000        0.00000        0.00000        0.00000        0.00000        0.00000        0.00000        0.00000       -0.00000       14.00035       -0.00000        0.00000      548.47427        0.00000        0.00000      195.14156        0.00000
        0.00000        0.00000        0.00000        0.00000        0.00000        0.00000        0.00000        0.00000        0.00000       -0.00000       14.00035       -0.00000        0.00000      569.82149        0.00000        0.00000      246.98116        0.00000
        0.00000        0.00000        0.00000        0.00000        0.00000        0.00000        0.00000        0.00000        0.00000       -0.00000       14.00035       -0.00000        0.00000      577.42159        0.00000        0.00000      328.94985        0.00000
        0.00000        0.00000        0.00000        0.00000        0.00000        0.00000        0.00000        0.00000        0.00000       -0.00000       14.00035       -0.00000        0.00000      591.19788        0.00000        0.00000      402.57193        0.00000
        0.00000        0.00000        0.00000        0.00000        0.00000        0.00000        0.00000        0.00000        0.00000       -0.00000       14.00035       -0.00000        0.00000      596.23953        0.00000        0.00000      401.10489        0.00000
        0.00000        0.00000        0.00000        0.00000        0.00000        0.00000        0.00000        0.00000        0.00000       -0.00000       14.00035       -0.00000        0.00000      596.54791        0.00000        0.00000      405.10676        0.00000
        0.00000        0.00000        0.00000        0.00000        0.00000        0.00000        0.00000        0.00000        0.00000       -0.00000       14.00035       -0.00000        0.00000      585.82241        0.00000        0.00000      414.87224        0.00000
        0.00000        0.00000        0.00000        0.00000        0.00000        0.00000        0.00000        0.00000        0.00000       -0.00000       14.00035       -0.00000        0.00000      577.00384        0.00000        0.00000      440.66177        0.00000
        0.00000        0.00000        0.00000        0.00000        0.00000        0.00000        0.00000        0.00000        0.00000       -0.00000       14.00035       -0.00000        0.00000      584.07468        0.00000        0.00000      429.83115        0.00000
        0.00000        0.00000        0.00000        0.00000        0.00000        0.00000        0.00000        0.00000        0.00000       -0.00000       14.00035       -0.00000        0.00000      594.66573        0.00000        0.00000      384.85179        0.00000
        0.00000        0.00000        0.00000        0.00000        0.00000        0.00000        0.00000        0.00000        0.00000       -0.00000       14.00035       -0.00000        0.00000      591.61420        0.00000        0.00000      287.58319        0.00000
        0.00000        0.00000        0.00000        0.00000        0.00000        0.00000        0.00000        0.00000        0.00000       -0.00000       14.00035       -0.00000        0.00000      584.66626        0.00000        0.00000      221.26397        0.00000
        0.00000        0.00000        0.00000        0.00000        0.00000        0.00000        0.00000        0.00000        0.00000       -0.00000       14.00035       -0.00000        0.00000      615.42741        0.00000        0.00000      217.19508        0.00000
        0.00000        0.00000        0.00000        0.00000        0.00000        0.00000        0.00000        0.00000        0.00000       -0.00000       14.00035       -0.00000        0.00000      651.82126        0.00000        0.00000      292.81476        0.00000
        0.00000        0.00000        0.00000        0.00000        0.00000        0.00000        0.00000        0.00000        0.00000       -0.00000       14.00035       -0.00000        0.00000      633.18437        0.00000        0.00000      300.20665        0.00000
        0.00000        0.00000        0.00000        0.00000        0.00000        0.00000        0.00000        0.00000        0.00000       -0.00000       14.00035       -0.00000        0.00000      629.83245        0.00000        0.00000      306.94349        0.00000
        0.00000        0.00000        0.00000        0.00000        0.00000        0.00000        0.00000        0.00000        0.00000       -0.00000       14.00035       -0.00000        0.00000      638.20777        0.00000        0.00000      323.62282        0.00000
        0.00000        0.00000        0.00000        0.00000        0.00000        0.00000        0.00000        0.00000        0.00000       -0.00000       14.00035       -0.00000        0.00000      642.78172        0.00000        0.00000      350.22696        0.00000
        0.00000        0.00000        0.00000        0.00000        0.00000        0.00000        0.00000        0.00000        0.00000       -0.00000       14.00035       -0.00000        0.00000      648.74199        0.00000        0.00000      391.51510        0.00000
        0.00000        0.00000        0.00000        0.00000        0.00000        0.00000        0.00000        0.00000        0.00000       -0.00000       14.00035       -0.00000        0.00000      660.41937        0.00000        0.00000      413.43460        0.00000
        0.00000        0.00000        0.00000        0.00000        0.00000        0.00000        0.00000        0.00000        0.00000       -0.00000       14.00035       -0.00000        0.00000      673.20783        0.00000        0.00000      373.59444        0.00000
        0.00000        0.00000        0.00000        0.00000        0.00000        0.00000        0.00000        0.00000        0.00000       -0.00000       14.00035       -0.00000        0.00000      664.47178        0.00000        0.00000      352.44157        0.00000
        0.00000        0.00000        0.00000        0.00000        0.00000        0.00000        0.00000        0.00000        0.00000       -0.00000       14.00035       -0.00000        0.00000      652.71037        0.00000        0.00000      350.35356        0.00000
        0.00000        0.00000        0.00000        0.00000        0.00000        0.00000        0.00000        0.00000        0.00000       -0.00000       14.00035       -0.00000        0.00000      644.88481        0.00000        0.00000      342.75983        0.00000
        0.00000        0.00000        0.00000        0.00000        0.00000        0.00000        0.00000        0.00000        0.00000       -0.00000       14.00035       -0.00000        0.00000      653.44495        0.00000        0.00000      370.70089        0.00000
        0.00000        0.00000        0.00000        0.00000        0.00000        0.00000        0.00000        0.00000        0.00000       -0.00000       14.00035       -0.00000        0.00000      644.12280        0.00000        0.00000      380.16443        0.00000
        0.00000        0.00000        0.00000        0.00000        0.00000        0.00000        0.00000        0.00000        0.00000       -0.00000       14.00035       -0.00000        0.00000      643.72905        0.00000        0.00000      392.31167        0.00000
        0.00000        0.00000        0.00000        0.00000        0.00000        0.00000        0.00000        0.00000        0.00000       -0.00000       14.00035       -0.00000        0.00000      650.98056        0.00000        0.00000      317.58738        0.00000
        0.00000        0.00000        0.00000        0.00000        0.00000        0.00000        0.00000        0.00000        0.00000       -0.00000       14.00035       -0.00000        0.00000      627.43971        0.00000        0.00000      262.67405        0.00000
        0.00000        0.00000        0.00000        0.00000        0.00000        0.00000        0.00000        0.00000        0.00000       -0.00000       14.00035       -0.00000        0.00000      479.42101        0.00000        0.00000      151.60161        0.00000
        0.00000        0.00000        0.00000        0.00000        0.00000        0.00000        0.00000        0.00000        0.00000       -0.00000       14.00035       -0.00000        0.00000      392.06363        0.00000        0.00000       82.62540        0.00000
        0.00000        0.00000        0.00000        0.00000        0.00000        0.00000        0.00000        0.00000        0.00000       -0.00000       14.00035       -0.00000        0.00000      479.98628        0.00000        0.00000      134.03350        0.00000
        0.00000        0.00000        0.00000        0.00000        0.00000        0.00000        0.00000        0.00000        0.00000       -0.00000       14.00035       -0.00000        0.00000      587.04598        0.00000        0.00000      291.87243        0.00000
        0.00000        0.00000        0.00000        0.00000        0.00000        0.00000        0.00000        0.00000        0.00000       -0.00000       14.00035       -0.00000        0.00000      636.62117        0.00000        0.00000      450.01357        0.00000
        0.00000        0.00000        0.00000        0.00000        0.00000        0.00000        0.00000        0.00000        0.00000       -0.00000       14.00035       -0.00000        0.00000      661.65680        0.00000        0.00000      621.04672        0.00000
        0.00000        0.00000        0.00000        0.00000        0.00000        0.00000        0.00000        0.00000        0.00000       -0.00000       14.00035       -0.00000        0.00000      704.45609        0.00000        0.00000      931.81137        0.00000
        0.00000        0.00000        0.00000        0.00000        0.00000        0.00000        0.00000        0.00000        0.00000       -0.00000       14.00035       -0.00000        0.00000      739.45999        0.00000        0.00000     1229.91089        0.00000
        0.00000        0.00000        0.00000        0.00000        0.00000        0.00000        0.00000        0.00000        0.00000       -0.00000       14.00035       -0.00000        0.00000      736.99305        0.00000        0.00000     1088.09269        0.00000
        0.00000        0.00000        0.00000        0.00000        0.00000        0.00000        0.00000        0.00000        0.00000       -0.00000       14.00035       -0.00000        0.00000      701.62656        0.00000        0.00000      577.37726        0.00000
        0.00000        0.00000        0.00000        0.00000        0.00000        0.00000        0.00000        0.00000        0.00000       -0.00000       14.00035       -0.00000        0.00000      687.67806        0.00000        0.00000      547.33152        0.00000
        0.00000        0.00000        0.00000        0.00000        0.00000        0.00000        0.00000        0.00000        0.00000       -0.00000       14.00035       -0.00000        0.00000      697.79519        0.00000        0.00000      668.21143        0.00000
        0.00000        0.00000        0.00000        0.00000        0.00000        0.00000        0.00000        0.00000        0.00000       -0.00000       14.00035       -0.00000        0.00000      718.88669        0.00000        0.00000      851.62556        0.00000
        0.00000        0.00000        0.00000        0.00000        0.00000        0.00000        0.00000        0.00000        0.00000       -0.00000       14.00035       -0.00000        0.00000      736.04179        0.00000        0.00000     1001.56010        0.00000
        0.00000        0.00000        0.00000        0.00000        0.00000        0.00000        0.00000        0.00000        0.00000       -0.00000       14.00035       -0.00000        0.00000      744.47881        0.00000        0.00000     1152.29798        0.00000
        0.00000        0.00000        0.00000        0.00000        0.00000        0.00000        0.00000        0.00000        0.00000       -0.00000       14.00035       -0.00000        0.00000      747.48817        0.00000        0.00000     1323.11938        0.00000
        0.00000        0.00000        0.00000        0.00000        0.00000        0.00000        0.00000        0.00000        0.00000       -0.00000       14.00035       -0.00000        0.00000      751.17663        0.00000        0.00000     1541.30281        0.00000
        0.00000        0.00000        0.00000        0.00000        0.00000        0.00000        0.00000        0.00000        0.00000       -0.00000       14.00035       -0.00000        0.00000      761.04470        0.00000        0.00000     2160.13043        0.00000
        0.00000        0.00000        0.00000        0.00000        0.00000        0.00000        0.00000        0.00000        0.00000       -0.00000       14.00035       -0.00000        0.00000      771.47204        0.00000        0.00000     2902.83029        0.00000
        0.00000        0.00000        0.00000        0.00000        0.00000        0.00000        0.00000        0.00000        0.00000       -0.00000       14.00035       -0.00000        0.00000      766.50243        0.00000        0.00000     2809.47053        0.00000
        0.00000        0.00000        0.00000        0.00000        0.00000        0.00000        0.00000        0.00000        0.00000       -0.00000       14.00035       -0.00000        0.00000      751.37159        0.00000        0.00000     2397.86056        0.00000
        0.00000        0.00000        0.00000        0.00000        0.00000        0.00000        0.00000        0.00000        0.00000       -0.00000       14.00035       -0.00000        0.00000      738.41204        0.00000        0.00000     1884.96666        0.00000
        0.00000        0.00000        0.00000        0.00000        0.00000        0.00000        0.00000        0.00000        0.00000       -0.00000       14.00035       -0.00000        0.00000      736.00507        0.00000        0.00000     1648.76789        0.00000
        0.00000        0.00000        0.00000        0.00000        0.00000        0.00000        0.00000        0.00000        0.00000       -0.00000       14.00035       -0.00000        0.00000      722.78446        0.00000        0.00000     1574.39352        0.00000
        0.00000        0.00000        0.00000        0.00000        0.00000        0.00000        0.00000        0.00000        0.00000       -0.00000       14.00035       -0.00000        0.00000      708.91863        0.00000        0.00000     1715.39139        0.00000
        0.00000        0.00000        0.00000        0.00000        0.00000        0.00000        0.00000        0.00000        0.00000       -0.00000       14.00035       -0.00000        0.00000      706.32605        0.00000        0.00000     2045.55909        0.00000
        0.00000        0.00000        0.00000        0.00000        0.00000        0.00000        0.00000        0.00000        0.00000       -0.00000       14.00035       -0.00000        0.00000      707.99456        0.00000        0.00000     2296.78507        0.00000
        0.00000        0.00000        0.00000        0.00000        0.00000        0.00000        0.00000        0.00000        0.00000       -0.00000       14.00035       -0.00000        0.00000      714.46953        0.00000        0.00000     2337.31157        0.00000
        0.00000        0.00000        0.00000        0.00000        0.00000        0.00000        0.00000        0.00000        0.00000       -0.00000       14.00035       -0.00000        0.00000      716.63292        0.00000        0.00000     2039.25385        0.00000
        0.00000        0.00000        0.00000        0.00000        0.00000        0.00000        0.00000        0.00000        0.00000       -0.00000       14.00035       -0.00000        0.00000      705.61995        0.00000        0.00000     1626.33964        0.00000
        0.00000        0.00000        0.00000        0.00000        0.00000        0.00000        0.00000        0.00000        0.00000       -0.00000       14.00035       -0.00000        0.00000      669.17354        0.00000        0.00000     1093.51623        0.00000
        0.00000        0.00000        0.00000        0.00000        0.00000        0.00000        0.00000        0.00000        0.00000       -0.00000       14.00035       -0.00000        0.00000      671.42788        0.00000        0.00000      745.84947        0.00000
        0.00000        0.00000        0.00000        0.00000        0.00000        0.00000        0.00000        0.00000        0.00000       -0.00000       14.00035       -0.00000        0.00000      682.83269        0.00000        0.00000      720.30666        0.00000
        0.00000        0.00000        0.00000        0.00000        0.00000        0.00000        0.00000        0.00000        0.00000       -0.00000       14.00035       -0.00000        0.00000      683.23534        0.00000        0.00000      696.65359        0.00000
        0.00000        0.00000        0.00000        0.00000        0.00000        0.00000        0.00000        0.00000        0.00000       -0.00000       14.00035       -0.00000        0.00000      685.11910        0.00000        0.00000      855.96632        0.00000
        0.00000        0.00000        0.00000        0.00000        0.00000        0.00000        0.00000        0.00000        0.00000       -0.00000       14.00035       -0.00000        0.00000      686.74194        0.00000        0.00000     1119.98382        0.00000
        0.00000        0.00000        0.00000        0.00000        0.00000        0.00000        0.00000        0.00000        0.00000       -0.00000       14.00035       -0.00000        0.00000      700.48966        0.00000        0.00000     1514.39171        0.00000
        0.00000        0.00000        0.00000        0.00000        0.00000        0.00000        0.00000        0.00000        0.00000       -0.00000       14.00035       -0.00000        0.00000      717.71894        0.00000        0.00000     1838.46050        0.00000
        0.00000        0.00000        0.00000        0.00000        0.00000        0.00000        0.00000        0.00000        0.00000       -0.00000       14.00035       -0.00000        0.00000      735.42959        0.00000        0.00000     1993.16616        0.00000
        0.00000        0.00000        0.00000        0.00000        0.00000        0.00000        0.00000        0.00000        0.00000       -0.00000       14.00035       -0.00000        0.00000      739.23907        0.00000        0.00000     1931.38378        0.00000
        0.00000        0.00000        0.00000        0.00000        0.00000        0.00000        0.00000        0.00000        0.00000       -0.00000       14.00035       -0.00000        0.00000      695.54567        0.00000        0.00000      759.85689        0.00000
        0.00000        0.00000        0.00000        0.00000        0.00000        0.00000        0.00000        0.00000        0.00000       -0.00000       14.00035       -0.00000        0.00000      673.82451        0.00000        0.00000      399.54426        0.00000
        0.00000        0.00000        0.00000        0.00000        0.00000        0.00000        0.00000        0.00000        0.00000       -0.00000       14.00035       -0.00000        0.00000      643.55277        0.00000        0.00000      302.85641        0.00000
        0.00000        0.00000        0.00000        0.00000        0.00000        0.00000        0.00000        0.00000        0.00000       -0.00000       14.00035       -0.00000        0.00000      617.33439        0.00000        0.00000      248.95870        0.00000
        0.00000        0.00000        0.00000        0.00000        0.00000        0.00000        0.00000        0.00000        0.00000       -0.00000       14.00035       -0.00000        0.00000      613.75985        0.00000        0.00000      201.68758        0.00000
        0.00000        0.00000        0.00000        0.00000        0.00000        0.00000        0.00000        0.00000        0.00000       -0.00000       14.00035       -0.00000        0.00000      607.92747        0.00000        0.00000      155.42822        0.00000
        0.00000        0.00000        0.00000        0.00000        0.00000        0.00000        0.00000        0.00000        0.00000       -0.00000       14.00035       -0.00000        0.00000      596.58935        0.00000        0.00000      137.82902        0.00000
        0.00000        0.00000        0.00000        0.00000        0.00000        0.00000        0.00000        0.00000        0.00000       -0.00000       14.00035       -0.00000        0.00000      554.43730        0.00000        0.00000      120.06718        0.00000
        0.00000        0.00000        0.00000        0.00000        0.00000        0.00000        0.00000        0.00000        0.00000       -0.00000       14.00035       -0.00000        0.00000      469.60470        0.00000        0.00000       81.30581        0.00000
        0.00000        0.00000        0.00000        0.00000        0.00000        0.00000        0.00000        0.00000        0.00000       -0.00000       14.00035       -0.00000        0.00000      420.74907        0.00000        0.00000       66.43422        0.00000
        0.00000        0.00000        0.00000        0.00000        0.00000        0.00000        0.00000        0.00000        0.00000       -0.00000       14.00035       -0.00000        0.00000      425.55069        0.00000        0.00000       80.82384        0.00000
        0.00000        0.00000        0.00000        0.00000        0.00000        0.00000        0.00000        0.00000        0.00000       -0.00000       14.00035       -0.00000        0.00000      455.84990        0.00000        0.00000      124.14622        0.00000
        0.00000        0.00000        0.00000        0.00000        0.00000        0.00000        0.00000        0.00000        0.00000       -0.00000       14.00035       -0.00000        0.00000      532.97660        0.00000        0.00000      236.80826        0.00000
        0.00000        0.00000        0.00000        0.00000        0.00000        0.00000        0.00000        0.00000        0.00000       -0.00000       14.00035       -0.00000        0.00000      607.79583        0.00000        0.00000      444.47180        0.00000
        0.00000        0.00000        0.00000        0.00000        0.00000        0.00000        0.00000        0.00000        0.00000       -0.00000       14.00035        0.00000        0.00000      668.47857        0.00000        0.00000      796.86917        0.00000
        0.00000        0.00000        0.00000        0.00000        0.00000        0.00000        0.00000        0.00000        0.00000        0.00000       14.00035        0.00000        0.00000      695.59383        0.00000        0.00000     1186.93831        0.00000
        0.00000        0.00000        0.00000        0.00000        0.00000        0.00000        0.00000        0.00000        0.00000        0.00000       14.00035        0.00000        0.00000      695.78106        0.00000        0.00000     1219.57459        0.00000
        0.00000        0.00000        0.00000        0.00000        0.00000        0.00000        0.00000        0.00000        0.00000        0.00000       14.00035        0.00000        0.00000      693.47884        0.00000        0.00000     1015.78751        0.00000
        0.00000        0.00000        0.00000        0.00000        0.00000        0.00000        0.00000        0.00000        0.00000        0.00000       14.00035        0.00000        0.00000      691.83372        0.00000        0.00000      889.10939        0.00000
        0.00000        0.00000        0.00000        0.00000        0.00000        0.00000        0.00000        0.00000        0.00000        0.00000       14.00035        0.00000        0.00000      688.29459        0.00000        0.00000      894.25572        0.00000
        0.00000        0.00000        0.00000        0.00000        0.00000        0.00000        0.00000        0.00000        0.00000        0.00000       14.00035        0.00000        0.00000      681.54526        0.00000        0.00000      831.81685        0.00000
        0.00000        0.00000        0.00000        0.00000        0.00000        0.00000        0.00000        0.00000        0.00000        0.00000       14.00035        0.00000        0.00000      662.00437        0.00000        0.00000      779.20700        0.00000
        0.00000        0.00000        0.00000        0.00000        0.00000        0.00000        0.00000        0.00000        0.00000        0.00000       14.00035        0.00000        0.00000      633.86477        0.00000        0.00000      718.74896        0.00000
        0.00000        0.00000        0.00000        0.00000        0.00000        0.00000        0.00000        0.00000        0.00000        0.00000       14.00035        0.00000        0.00000      637.56423        0.00000        0.00000      636.87925        0.00000
        0.00000        0.00000        0.00000        0.00000        0.00000        0.00000        0.00000        0.00000        0.00000        0.00000       14.00035        0.00000        0.00000      660.23425        0.00000        0.00000      538.35239        0.00000
        0.00000        0.00000        0.00000        0.00000        0.00000        0.00000        0.00000        0.00000        0.00000        0.00000       14.00035        0.00000        0.00000      690.71251        0.00000        0.00000      438.70373        0.00000
        0.00000        0.00000        0.00000        0.00000        0.00000        0.00000        0.00000        0.00000        0.00000        0.00000       14.00035        0.00000        0.00000      690.01368        0.00000        0.00000      286.95529        0.00000
        0.00000        0.00000        0.00000        0.00000        0.00000        0.00000        0.00000        0.00000        0.00000        0.00000       14.00035        0.00000        0.00000      638.61083        0.00000        0.00000      159.47161        0.00000
        0.00000        0.00000        0.00000        0.00000        0.00000        0.00000        0.00000        0.00000        0.00000        0.00000       14.00035        0.00000        0.00000      476.86196        0.00000        0.00000       75.90703        0.00000
        0.00000        0.00000        0.00000        0.00000        0.00000        0.00000        0.00000        0.00000        0.00000        0.00000       14.00035        0.00000        0.00000      295.84032        0.00000        0.00000        4.83808        0.00000
        0.00000        0.00000        0.00000        0.00000        0.00000        0.00000        0.00000        0.00000        0.00000        0.00000       14.00035        0.00000        0.00000      273.00000        0.00000        0.00000        0.00000        0.00000
        0.00000        0.00000        0.00000        0.00000        0.00000        0.00000        0.00000        0.00000        0.00000        0.00000       14.00035        0.00000        0.00000      273.00000        0.00000        0.00000        0.00000        0.00000
        0.00000        0.00000        0.00000        0.00000        0.00000        0.00000        0.00000        0.00000        0.00000        0.00000       14.00035        0.00000        0.00000      273.00000        0.00000        0.00000        0.00000        0.00000
        0.00000        0.00000        0.00000        0.00000        0.00000        0.00000        0.00000        0.00000        0.00000        0.00000       14.00035        0.00000        0.00000      273.00000        0.00000        0.00000        0.00000        0.00000
        0.00000        0.00000        0.00000        0.00000        0.00000        0.00000        0.00000        0.00000        0.00000        0.00000       14.00035        0.00000        0.00000      273.00000        0.00000        0.00000        0.00000        0.00000
        0.00000        0.00000        0.00000        0.00000        0.00000        0.00000        0.00000        0.00000        0.00000        0.00000       14.00035        0.00000        0.00000      273.00000        0.00000        0.00000        0.00000        0.00000
        0.00000        0.00000        0.00000        0.00000        0.00000        0.00000        0.00000        0.00000        0.00000        0.00000       14.00035        0.00000        0.00000      273.00000        0.00000        0.00000        0.00000        0.00000
        0.00000        0.00000        0.00000        0.00000        0.00000        0.00000        0.00000        0.00000        0.00000        0.00000       14.00035        0.00000        0.00000      273.00000        0.00000        0.00000        0.00000        0.00000
        0.00000        0.00000        0.00000        0.00000        0.00000        0.00000        0.00000        0.00000        0.00000        0.00000       14.00035        0.00000        0.00000      273.00000        0.00000        0.00000        0.00000        0.00000
        0.00000        0.00000        0.00000        0.00000        0.00000        0.00000        0.00000        0.00000        0.00000        0.00000       14.00035        0.00000        0.00000      273.00000        0.00000        0.00000        0.00000        0.00000
        0.00000        0.00000        0.00000        0.00000        0.00000        0.00000        0.00000        0.00000        0.00000        0.00000       14.00035        0.00000        0.00000      273.00000        0.00000        0.00000        0.00000        0.00000
        0.00000        0.00000        0.00000        0.00000        0.00000        0.00000        0.00000        0.00000        0.00000        0.00000       14.00035        0.00000        0.00000      273.00000        0.00000        0.00000        0.00000        0.00000
        0.00000        0.00000        0.00000        0.00000        0.00000        0.00000        0.00000        0.00000        0.00000        0.00000       14.00035        0.00000        0.00000      273.00000        0.00000        0.00000        0.00000        0.00000
        0.00000        0.00000        0.00000        0.00000        0.00000        0.00000        0.00000        0.00000        0.00000        0.00000       14.00035        0.00000        0.00000      273.00000        0.00000        0.00000        0.00000        0.00000
        0.00000        0.00000        0.00000        0.00000        0.00000        0.00000        0.00000        0.00000        0.00000        0.00000       14.00035        0.00000        0.00000      273.00000        0.00000        0.00000        0.00000        0.00000
        0.00000        0.00000        0.00000        0.00000        0.00000        0.00000        0.00000        0.00000        0.00000        0.00000       14.00035        0.00000        0.00000      273.00000        0.00000        0.00000        0.00000        0.00000
        0.00000        0.00000        0.00000        0.00000        0.00000        0.00000        0.00000        0.00000        0.00000        0.00000       14.00035        0.00000        0.00000      273.00000        0.00000        0.00000        0.00000        0.00000
        0.00000        0.00000        0.00000        0.00000        0.00000        0.00000        0.00000        0.00000        0.00000        0.00000       14.00035        0.00000        0.00000      273.00000        0.00000        0.00000        0.00000        0.00000
        0.00000        0.00000        0.00000        0.00000        0.00000        0.00000        0.00000        0.00000        0.00000        0.00000       14.00035        0.00000        0.00000      273.00000        0.00000        0.00000        0.00000        0.00000
        0.00000        0.00000        0.00000        0.00000        0.00000        0.00000        0.00000        0.00000        0.00000        0.00000       14.00035        0.00000        0.00000      273.00000        0.00000        0.00000        0.00000        0.00000
        0.00000        0.00000        0.00000        0.00000        0.00000        0.00000        0.00000        0.00000        0.00000        0.00000       14.00035        0.00000        0.00000      273.00000        0.00000        0.00000        0.00000        0.00000
        0.00000        0.00000        0.00000        0.00000        0.00000        0.00000        0.00000        0.00000        0.00000        0.00000       14.00035        0.00000        0.00000      273.00000        0.00000        0.00000        0.00000        0.00000
        0.00000        0.00000        0.00000        0.00000        0.00000        0.00000        0.00000        0.00000        0.00000        0.00000       14.00035        0.00000        0.00000      273.00000        0.00000        0.00000        0.00000        0.00000
        0.00000        0.00000        0.00000        0.00000        0.00000        0.00000        0.00000        0.00000        0.00000        0.00000       14.00035        0.00000        0.00000      273.00000        0.00000        0.00000        0.00000        0.00000
        0.00000        0.00000        0.00000        0.00000        0.00000        0.00000        0.00000        0.00000        0.00000        0.00000       14.00035        0.00000        0.00000      273.00000        0.00000        0.00000        0.00000        0.00000
        0.00000        0.00000        0.00000        0.00000        0.00000        0.00000        0.00000        0.00000        0.00000        0.00000       14.00035        0.00000        0.00000      273.00000        0.00000        0.00000        0.00000        0.00000
        0.00000        0.00000        0.00000        0.00000        0.00000        0.00000        0.00000        0.00000        0.00000        0.00000       14.00035        0.00000        0.00000      273.00000        0.00000        0.00000        0.00000        0.00000
        0.00000        0.00000        0.00000        0.00000        0.00000        0.00000        0.00000        0.00000        0.00000        0.00000       14.00035        0.00000        0.00000      273.00000        0.00000        0.00000        0.00000        0.00000
        0.00000        0.00000        0.00000        0.00000        0.00000        0.00000        0.00000        0.00000        0.00000        0.00000       14.00035        0.00000        0.00000      273.00000        0.00000        0.00000        0.00000        0.00000
        0.00000        0.00000        0.00000        0.00000        0.00000        0.00000        0.00000        0.00000        0.00000        0.00000       14.00035        0.00000        0.00000      273.00000        0.00000        0.00000        0.00000        0.00000
        0.00000        0.00000        0.00000        0.00000        0.00000        0.00000        0.00000        0.00000        0.00000        0.00000       14.00035        0.00000        0.00000      273.00000        0.00000        0.00000        0.00000        0.00000
        0.00000        0.00000        0.00000        0.00000        0.00000        0.00000        0.00000        0.00000        0.00000        0.00000        0.00000        0.00000        0.00000        0.00000        0.00000        0.00000        0.00000        0.00000
        0.00000        0.00000        0.00000        0.00000        0.00000        0.00000        0.00000        0.00000        0.00000        0.00000        0.00000        0.00000        0.00000        0.00000        0.00000        0.00000        0.00000        0.00000
        0.00000        0.00000        0.00000        0.00000        0.00000        0.00000        0.00000        0.00000        0.00000        0.00000        0.00000        0.00000        0.00000        0.00000        0.00000        0.00000        0.00000        0.00000
        0.00000        0.00000        0.00000        0.00000        0.00000        0.00000        0.00000        0.00000        0.00000        0.00000        0.00000        0.00000        0.00000        0.00000        0.00000        0.00000        0.00000        0.00000
        0.00000        0.00000        0.00000        0.00000        0.00000        0.00000        0.00000        0.00000        0.00000        0.00000        0.00000        0.00000        0.00000        0.00000        0.00000        0.00000        0.00000        0.00000
        0.00000        0.00000        0.00000        0.00000        0.00000        0.00000        0.00000        0.00000        0.00000        0.00000        0.00000        0.00000        0.00000        0.00000        0.00000        0.00000        0.00000        0.00000
        0.00000        0.00000        0.00000        0.00000        0.00000        0.00000        0.00000        0.00000        0.00000        0.00000        0.00000        0.00000        0.00000        0.00000        0.00000        0.00000        0.00000        0.00000
        0.00000        0.00000        0.00000        0.00000        0.00000        0.00000        0.00000        0.00000        0.00000        0.00000        0.00000        0.00000        0.00000        0.00000        0.00000        0.00000        0.00000        0.00000
        0.00000        0.00000        0.00000        0.00000        0.00000        0.00000        0.00000        0.00000        0.00000        0.00000        0.00000        0.00000        0.00000        0.00000        0.00000        0.00000        0.00000        0.00000
        0.00000        0.00000        0.00000        0.00000        0.00000        0.00000        0.00000        0.00000        0.00000        0.00000        0.00000        0.00000        0.00000        0.00000        0.00000        0.00000        0.00000        0.00000
        0.00000        0.00000        0.00000        0.00000        0.00000        0.00000        0.00000        0.00000        0.00000        0.00000        0.00000        0.00000        0.00000        0.00000        0.00000        0.00000        0.00000        0.00000
        0.00000        0.00000        0.00000        0.00000        0.00000        0.00000        0.00000        0.00000        0.00000        0.00000        0.00000        0.00000        0.00000        0.00000        0.00000        0.00000        0.00000        0.00000
        0.00000        0.00000        0.00000        0.00000        0.00000        0.00000        0.00000        0.00000        0.00000        0.00000        0.00000        0.00000        0.00000        0.00000        0.00000        0.00000        0.00000        0.00000
        0.00000        0.00000        0.00000        0.00000        0.00000        0.00000        0.00000        0.00000        0.00000        0.00000        0.00000        0.00000        0.00000        0.00000        0.00000        0.00000        0.00000        0.00000
        0.00000        0.00000        0.00000        0.00000        0.00000        0.00000        0.00000        0.00000        0.00000        0.00000        0.00000        0.00000        0.00000        0.00000        0.00000        0.00000        0.00000        0.00000
        0.00000        0.00000        0.00000        0.00000        0.00000        0.00000        0.00000        0.00000        0.00000        0.00000        0.00000        0.00000        0.00000        0.00000        0.00000        0.00000        0.00000        0.00000
        0.00000        0.00000        0.00000        0.00000        0.00000        0.00000        0.00000        0.00000        0.00000        0.00000        0.00000        0.00000        0.00000        0.00000        0.00000        0.00000        0.00000        0.00000
        0.00000        0.00000        0.00000        0.00000        0.00000        0.00000        0.00000        0.00000        0.00000        0.00000        0.00000        0.00000        0.00000        0.00000        0.00000        0.00000        0.00000        0.00000
        0.00000        0.00000        0.00000        0.00000        0.00000        0.00000        0.00000        0.00000        0.00000        0.00000        0.00000        0.00000        0.00000        0.00000        0.00000        0.00000        0.00000        0.00000
        0.00000        0.00000        0.00000        0.00000        0.00000        0.00000        0.00000        0.00000        0.00000        0.00000        0.00000        0.00000        0.00000        0.00000        0.00000        0.00000        0.00000        0.00000
        0.00000        0.00000        0.00000        0.00000        0.00000        0.00000        0.00000        0.00000        0.00000        0.00000        0.00000        0.00000        0.00000        0.00000        0.00000        0.00000        0.00000        0.00000
        0.00000        0.00000        0.00000        0.00000        0.00000        0.00000        0.00000        0.00000        0.00000        0.00000        0.00000        0.00000        0.00000        0.00000        0.00000        0.00000        0.00000        0.00000
        0.00000        0.00000        0.00000        0.00000        0.00000        0.00000        0.00000        0.00000        0.00000        0.00000        0.00000        0.00000        0.00000        0.00000        0.00000        0.00000        0.00000        0.00000
        0.00000        0.00000        0.00000        0.00000        0.00000        0.00000        0.00000        0.00000        0.00000        0.00000        0.00000        0.00000        0.00000        0.00000        0.00000        0.00000        0.00000        0.00000
        0.00000        0.00000        0.00000        0.00000        0.00000        0.00000        0.00000        0.00000        0.00000        0.00000        0.00000        0.00000        0.00000        0.00000        0.00000        0.00000        0.00000        0.00000
        0.00000        0.00000        0.00000        0.00000        0.00000        0.00000        0.00000        0.00000        0.00000        0.00000        0.00000        0.00000        0.00000        0.00000        0.00000        0.00000        0.00000        0.00000
        0.00000        0.00000        0.00000        0.00000        0.00000        0.00000        0.00000        0.00000        0.00000        0.00000        0.00000        0.00000        0.00000        0.00000        0.00000        0.00000        0.00000        0.00000
        0.00000        0.00000        0.00000        0.00000        0.00000        0.00000        0.00000        0.00000        0.00000        0.00000        0.00000        0.00000        0.00000        0.00000        0.00000        0.00000        0.00000        0.00000
        0.00000        0.00000        0.00000        0.00000        0.00000        0.00000        0.00000        0.00000        0.00000        0.00000        0.00000        0.00000        0.00000        0.00000        0.00000        0.00000        0.00000        0.00000
        0.00000        0.00000        0.00000        0.00000        0.00000        0.00000        0.00000        0.00000        0.00000        0.00000        0.00000        0.00000        0.00000        0.00000        0.00000        0.00000        0.00000        0.00000
        0.00000        0.00000        0.00000        0.00000        0.00000        0.00000        0.00000        0.00000        0.00000        0.00000        0.00000        0.00000        0.00000        0.00000        0.00000        0.00000        0.00000        0.00000
        0.00000        0.00000        0.00000        0.00000        0.00000        0.00000        0.00000        0.00000        0.00000        0.00000        0.00000        0.00000        0.00000        0.00000        0.00000        0.00000        0.00000        0.00000
        0.00000        0.00000        0.00000        0.00000        0.00000        0.00000        0.00000        0.00000        0.00000        0.00000        0.00000        0.00000        0.00000        0.00000        0.00000        0.00000        0.00000        0.00000
        0.00000        0.00000        0.00000        0.00000        0.00000        0.00000        0.00000        0.00000        0.00000        0.00000        0.00000        0.00000        0.00000        0.00000        0.00000        0.00000        0.00000        0.00000
        0.00000        0.00000        0.00000        0.00000        0.00000        0.00000        0.00000        0.00000        0.00000        0.00000        0.00000        0.00000        0.00000        0.00000        0.00000        0.00000        0.00000        0.00000
        0.00000        0.00000        0.00000        0.00000        0.00000        0.00000        0.00000        0.00000        0.00000        0.00000        0.00000        0.00000        0.00000        0.00000        0.00000        0.00000        0.00000        0.00000
        0.00000        0.00000        0.00000        0.00000        0.00000        0.00000        0.00000        0.00000        0.00000        0.00000        0.00000        0.00000        0.00000        0.00000        0.00000        0.00000        0.00000        0.00000
        0.00000        0.00000        0.00000        0.00000        0.00000        0.00000        0.00000        0.00000        0.00000        0.00000        0.00000        0.00000        0.00000        0.00000        0.00000        0.00000        0.00000        0.00000
        0.00000        0.00000        0.00000        0.00000        0.00000        0.00000        0.00000        0.00000        0.00000        0.00000        0.00000        0.00000        0.00000        0.00000        0.00000        0.00000        0.00000        0.00000
        0.00000        0.00000        0.00000        0.00000        0.00000        0.00000        0.00000        0.00000        0.00000        0.00000        0.00000        0.00000        0.00000        0.00000        0.00000        0.00000        0.00000        0.00000
        0.00000        0.00000        0.00000        0.00000        0.00000        0.00000        0.00000        0.00000        0.00000        0.00000        0.00000        0.00000        0.00000        0.00000        0.00000        0.00000        0.00000        0.00000
        0.00000        0.00000        0.00000        0.00000        0.00000        0.00000        0.00000        0.00000        0.00000        0.00000        0.00000        0.00000        0.00000        0.00000        0.00000        0.00000        0.00000        0.00000
        0.00000        0.00000        0.00000        0.00000        0.00000        0.00000        0.00000        0.00000        0.00000        0.00000        0.00000        0.00000        0.00000        0.00000        0.00000        0.00000        0.00000        0.00000
        0.00000        0.00000        0.00000        0.00000        0.00000        0.00000        0.00000        0.00000        0.00000        0.00000        0.00000        0.00000        0.00000        0.00000        0.00000        0.00000        0.00000        0.00000
        0.00000        0.00000        0.00000        0.00000        0.00000        0.00000        0.00000        0.00000        0.00000        0.00000        0.00000        0.00000        0.00000        0.00000        0.00000        0.00000        0.00000        0.00000
        0.00000        0.00000        0.00000        0.00000        0.00000        0.00000        0.00000        0.00000        0.00000        0.00000        0.00000        0.00000        0.00000        0.00000        0.00000        0.00000        0.00000        0.00000
        0.00000        0.00000        0.00000        0.00000        0.00000        0.00000        0.00000        0.00000        0.00000        0.00000        0.00000        0.00000        0.00000        0.00000        0.00000        0.00000        0.00000        0.00000
        0.00000        0.00000        0.00000        0.00000        0.00000        0.00000        0.00000        0.00000        0.00000        0.00000        0.00000        0.00000        0.00000        0.00000        0.00000        0.00000        0.00000        0.00000
        0.00000        0.00000        0.00000        0.00000        0.00000        0.00000        0.00000        0.00000        0.00000        0.00000        0.00000        0.00000        0.00000        0.00000        0.00000        0.00000        0.00000        0.00000
        0.00000        0.00000        0.00000        0.00000        0.00000        0.00000        0.00000        0.00000        0.00000        0.00000        0.00000        0.00000        0.00000        0.00000        0.00000        0.00000        0.00000        0.00000
        0.00000        0.00000        0.00000        0.00000        0.00000        0.00000        0.00000        0.00000        0.00000        0.00000        0.00000        0.00000        0.00000        0.00000        0.00000        0.00000        0.00000        0.00000
        0.00000        0.00000        0.00000        0.00000        0.00000        0.00000        0.00000        0.00000        0.00000        0.00000        0.00000        0.00000        0.00000        0.00000        0.00000        0.00000        0.00000        0.00000
        0.00000        0.00000        0.00000        0.00000        0.00000        0.00000        0.00000        0.00000        0.00000        0.00000        0.00000        0.00000        0.00000        0.00000        0.00000        0.00000        0.00000        0.00000
        0.00000        0.00000        0.00000        0.00000        0.00000        0.00000        0.00000        0.00000        0.00000        0.00000        0.00000        0.00000        0.00000        0.00000        0.00000        0.00000        0.00000        0.00000
