!------------------------------------------------------------!
  Date: 20191117
  Simulation name: CWZ7 
  Filename:massinchannel.txt                                                                                                                                     
  Produced in mod-subroutine:  massdist/massinchannel                                                                                                                                
  Written by AK September 2019
  Description:Calculate mass distribution in different parts of the channel                                                                                         
  Data format: t Total Mass (m^3) Elutriated % Med Dense InChannel WidthChannel 0ScaleH ScaleH buoyant current                                                      
!------------------------------------------------------------!
   1       4992000.0000000000             0.0000000000             0.0000000000             0.0000000000             1.0000000000             1.0000000000             0.9900000000             1.0000000000             0.0000000000             0.0000000000             0.0000000000
   2      86180735.5015298277       3839315.3033083985             0.0000032975             0.0083130843             0.9916862644             0.9544100682             0.9960469629             1.0000000000             0.0000000000             0.0000321771             0.0445173998
   3     169417684.8150505424      12048341.7172187176             0.0000046993             0.0161990633             0.9837996726             0.9190546019             0.9850923284             1.0000000000             0.0000000000             0.0001608757             0.0709553229
   4     242092047.6634630859      17136020.0680176541             0.0000086398             0.0261945496             0.9738034503             0.9096797259             0.9702899051             1.0000000000             0.0000000000             0.0004305252             0.0703525519
   5     214065438.2207562625       2593218.2708048141             0.0000200344             0.0582394804             0.9417563869             0.9306195057             0.8790514196             1.0000000000             0.0000000000             0.0011523586             0.0109617794
   6     198685641.6484114230      12205804.6585946064             0.0000354446             0.1073035092             0.8926895160             0.7822049643             0.6699950156             1.0000000000             0.0000000000             0.0021328009             0.0592999456
   7     194751341.0281570554      15952331.7866393216             0.0000588446             0.1813551219             0.8186336214             0.7036417349             0.5590856077             1.0000000000             0.0000000000             0.0040071605             0.0779041204
   8     199326629.4672239423      11132975.4206507746             0.0000833918             0.2190605772             0.7809236183             0.7770151996             0.5908579418             1.0000000000             0.0000000000             0.0049272539             0.0509256718
