!------------------------------------------------------------!
  Date: 20191113
  Simulation name: CWZ7 
  Filename:PEbyx.txt                                                                                                                                             
  Produced in mod-subroutine:  massdist/energypotential                                                                                                                              
  Written by AK September 2019
  Description:Integrates by width potential energy necessary to overflow at each height                                                                             
  Data format: RMAX by t potential energy (J)                                                                                                                       
!------------------------------------------------------------!
        0.0000000000
  2494711.7033636570
     4914.3392179335
     4731.8260327413
     4549.3128475491
     4366.7996623569
     4184.2864771647
     5015.7353916380
     4833.2222064457
     4650.7090212535
     4468.1958360613
     4285.6826508691
     4103.1694656769
     4934.6183801502
     4752.1051949580
     4569.5920097658
     4387.0788245735
     4204.5656393813
     5036.0145538546
     4853.5013686624
     4670.9881834702
     4488.4749982780
     4305.9618130858
     4123.4486278935
     4954.8975423669
     4772.3843571746
     4589.8711719824
     4451.4315666581
     4224.8448015980
     5056.2937160713
     4873.7805308791
     4691.2673456869
     4508.7541604946
     4326.2409753024
     4143.7277901102
     4975.1767045835
     4792.6635193913
     4610.1503341991
     4427.6371490069
     4245.1239638147
     4062.6107786224
     4894.0596930957
     4711.5465079035
     4529.0333227113
     4346.5201375191
     4164.0069523269
     4995.4558668002
     4812.9426816080
     4630.4294964158
     4447.9163112235
     4265.4031260313
     4082.8899408391
     4914.3388553124
     4731.8256701202
     4549.3124849280
     4366.7992997358
     4184.2861145435
     5015.7350290169
     4833.2218438246
     4650.7086586324
     4468.1954734402
     4285.6822882480
     4103.1691030558
     4934.6180175291
     4752.1048323369
     4569.5916471447
     4387.0784619524
     4204.5652767602
     5036.0141912335
     4853.5010060413
     4670.9878208491
     4488.4746356569
     4305.9614504647
     4123.4482652724
     4954.8971797458
     4772.3839945535
     4589.8708093613
     4451.4312004108
     4224.8444389769
     5056.2933534502
     4873.7801682580
     4691.2669830658
     4508.7537978735
     4326.2406126813
     4143.7274274891
     4975.1763419624
     4792.6631567702
     4610.1499715780
     4427.6367863858
     4245.1236011936
     4062.6104160013
     4894.0593304746
     4711.5461452824
     4529.0329600902
     4346.5197748980
     4164.0065897058
     4995.4555041791
     4812.9423189869
     4630.4291337947
     4447.9159486024
     4265.4027634102
     4082.8895782180
     4914.3384926913
     4731.8253074991
     4549.3121223069
     4366.7989371147
     4184.2857519224
     5015.7346663958
     4833.2214812035
     4650.7082960113
     4468.1951108191
     4285.6819256269
     4103.1687404347
     4934.6176549080
     4752.1044697158
     4569.5912845235
     4387.0780993313
     4204.5649141391
     5036.0138286124
     4853.5006434202
     4670.9874582280
     4488.4742730358
     4305.9610878436
     4123.4479026513
     4954.8968171246
     4772.3836319324
     4589.8704467402
     4451.4308341635
     4224.8440763558
     5056.2929908291
     4873.7798056369
     4691.2666204447
     4508.7534352524
     4326.2402500602
     4143.7270648680
     4975.1759793413
     4792.6627941491
     4610.1496089569
     4427.6364237647
     4245.1232385724
     4062.6100533802
     4894.0589678535
     4711.5457826613
     4529.0325974691
     4346.5194122769
     4164.0062270847
     4995.4551415580
     4812.9419563658
     4630.4287711735
     4447.9155859813
     4265.4024007891
     4082.8892155969
     4963.4815113709
     4731.8249448780
     4549.3117596858
     4366.7985744936
     4184.2853893013
     5015.7343037747
     4833.2211185824
     4650.7079333902
     4468.1947481980
     4285.6815630058
     4103.1683778136
     4934.6172922869
     4752.1041070947
     4569.5909219024
     4387.0777367102
     4204.5645515180
     5036.0134659913
     4853.5002807991
     4670.9870956069
     4488.4739104147
     4305.9607252224
     4123.4475400302
     4954.8964545035
     4772.3832693113
     4589.8700841191
     4451.4304679162
     4224.8437137347
     5056.2926282080
     4873.7794430158
     4691.2662578236
     4508.7530726313
     4326.2398874391
     4143.7267022469
     4975.1756167202
     4792.6624315280
     4610.1492463358
     4427.6360611436
     4245.1228759513
     4062.6096907591
     4894.0586052324
     4711.5454200402
     4529.0322348480
     4346.5190496558
     4164.0058644636
     4995.4547789369
     4812.9415937447
     4630.4284085524
     4447.9152233602
     4265.4020381680
     4082.8888529758
     4914.3377674491
     4731.8245822569
     4549.3113970647
     4366.7982118725
     4184.2850266802
     5015.7339411535
     4833.2207559613
     4650.7075707691
     4468.1943855769
     4285.6812003847
     4103.1680151925
     4934.6169296658
     4752.1037444736
     4569.5905592813
     4387.0773740891
     4204.5641888969
     5036.0131033702
     4853.4999181780
     4670.9867329858
     4488.4735477936
     4305.9603626013
     4123.4471774091
     4954.8960918824
     4772.3829066902
     4589.8697214980
     4451.4301016688
     4224.8433511136
     5056.2922655869
     4873.7790803947
     4691.2658952024
     4508.7527100102
     4326.2395248180
     4143.7263396258
     4975.1752540991
     4792.6620689069
     4610.1488837147
     4427.6356985225
     4245.1225133302
     4062.6093281380
     4894.0582426113
     4711.5450574191
     4529.0318722269
     4346.5186870347
     4164.0055018425
     4995.4544163158
     4812.9412311236
     4630.4280459313
     4447.9148607391
     4265.4016755469
     4082.8884903547
     4914.3374048280
     4731.8242196358
     4549.3110344436
     4366.7978492513
     4184.2846640591
     5015.7335785324
     4833.2203933402
     4650.7072081480
     4468.1940229558
     4285.6808377636
     4103.1676525714
     4934.6165670447
     4752.1033818525
     4569.5901966602
     4387.0770114680
     4204.5638262758
     5036.0127407491
     4853.4995555569
     4670.9863703647
     4488.4731851725
     4305.9599999802
     4123.4468147880
     4954.8957292613
     4772.3825440691
     4589.8693588769
     4451.4297354215
     4224.8429884925
     5056.2919029658
     4873.7787177736
     4691.2655325813
     4508.7523473891
     4326.2391621969
     4143.7259770047
     4975.1748914780
     4792.6617062858
     4610.1485210936
     4427.6353359014
     4245.1221507091
     4062.6089655169
     4894.0578799902
     4711.5446947980
     4529.0315096058
     4346.5183244136
     4164.0051392214
     4995.4540536947
     4812.9408685025
     4630.4276833102
     4447.9144981180
     4265.4013129258
     4082.8881277336
     4963.4804126290
     4731.8238570147
     4549.3106718225
     4366.7974866302
     4184.2843014380
     5015.7332159113
     4833.2200307191
     4650.7068455269
     4468.1936603347
     4285.6804751425
     4103.1672899503
     4934.6162044236
     4752.1030192313
     4569.5898340391
     4387.0766488469
     4204.5634636547
     5036.0123781280
     4853.4991929358
     4670.9860077436
     4488.4728225514
     4305.9596373591
     4123.4464521669
     4954.8953666402
     4772.3821814480
     4589.8689962558
     4451.4293691742
     4224.8426258714
     5056.2915403447
     4873.7783551525
     4691.2651699602
     4508.7519847680
     4326.2387995758
     4143.7256143836
     4975.1745288569
     4792.6613436647
     4610.1481584725
     4427.6349732802
     4245.1217880880
     4062.6086028958
     4894.0575173691
     4711.5443321769
     4529.0311469847
     4346.5179617925
     4164.0047766003
     4995.4536910736
     4812.9405058813
     4630.4273206891
     4447.9141354969
     4265.4009503047
     4082.8877651125
     4914.3366795858
     4731.8234943936
     4549.3103092014
     4366.7971240091
     4184.2839388169
     5015.7328532902
     4833.2196680980
     4650.7064829058
     4468.1932977136
     4285.6801125214
     4103.1669273291
     4934.6158418025
     4752.1026566102
     4569.5894714180
     4387.0762862258
     4204.5631010336
     5036.0120155069
     4853.4988303147
     4670.9856451225
     4488.4724599302
     4305.9592747380
     4123.4460895458
     4954.8950040191
     4772.3818188269
     4589.8686336347
     4451.4290029269
     4224.8422632503
     5056.2911777236
     4873.7779925314
     4691.2648073391
     4508.7516221469
     4326.2384369547
     4143.7252517625
     4975.1741662358
     4792.6609810436
     4610.1477958514
     4427.6346106591
     4245.1214254669
     4062.6082402747
     4894.0571547480
     4711.5439695558
     4529.0307843636
     4346.5175991714
     4164.0044139791
     4995.4533284525
     4812.9401432602
     4630.4269580680
     4447.9137728758
     4265.4005876836
     4082.8874024914
        0.0000000000
        0.0000000000
        0.0000000000
  2494711.7033636570
  3052759.1893395116
  2932938.9714842457
  2792141.6756234965
  2641100.5635548476
  2465089.6616231571
  2947428.6119056321
  2753146.4759716229
  2535146.4260982643
  2274858.4375642710
  2041847.3745505039
  1808202.0394327349
  2176708.7918652236
  1940770.0047877224
  1681271.0804640574
  1466060.4595920832
  1246489.5943016254
  1603960.8012236129
  1404429.7692594570
  1166767.1463699474
   987116.7998140114
   807301.3099086144
   672314.9050309216
   929568.4211052260
   754309.0049243388
   653923.2073000863
   589618.1457322515
   443101.6757918372
   623450.4526385874
   486225.2078564418
   374974.3456493953
   272081.0693837439
   183361.4255397468
   120301.5373218606
   165570.0860467459
   124249.8457248574
    87686.5542504051
    58841.7781248344
    42281.5163757046
    29712.0062676024
    40426.2630771247
    30267.4729046558
    24233.1870675201
    21231.4592470955
    19834.5997845937
    18938.0549913172
    13985.2544025320
     7871.8832319059
     4422.4261667085
     4195.4115378585
     4068.6464076414
     4911.9743635839
     4731.9299654856
     4549.3143767412
     4366.8003838664
     4184.2870031078
     5015.7373392118
     4833.2234148635
     4650.7095797659
     4468.1962508075
     4285.6827449646
     4103.1696247046
     4934.6201439215
     4752.1061258594
     4569.5925586366
     4387.0791721093
     4204.5659338292
     5036.0159183386
     4853.5020594150
     4670.9886267220
     4488.4753792628
     4305.9621386970
     4123.4489493499
     4954.8990705616
     4772.3852041739
     4589.8715024005
     4451.4320573353
     4224.8449240671
     5056.2949967973
     4873.7812958863
     4691.2679028186
     4508.7546444645
     4326.2414107381
     4143.7282283902
     4975.1779695717
     4792.6640831411
     4610.1507900285
     4427.6375185892
     4245.1241656045
     4062.6109728030
     4894.0608565387
     4711.5469034280
     4529.0334658994
     4346.5202183018
     4164.0070616605
     4995.4566546968
     4812.9429454083
     4630.4296026751
     4447.9164096648
     4265.4032028120
     4082.8897419994
     4914.3396299455
     4731.8258951137
     4549.3122334484
     4366.7993570963
     4184.2862042395
     5015.7353526304
     4833.2220434571
     4650.7087462062
     4468.1952342256
     4285.6820236613
     4103.1688749264
     4934.6183106838
     4752.1046472728
     4569.5917249877
     4387.0785237101
     4204.5650566677
     5036.0144220882
     4853.5007938559
     4670.9875270012
     4488.4743825459
     4305.9611795811
     4123.4480302752
     4954.8974028635
     4772.3837829921
     4589.8705522687
     4451.4315583109
     4224.8442358870
     5056.2935248389
     4873.7799390206
     4691.2666909408
     4508.7535509562
     4326.2403676594
     4143.7274836222
     4975.1768643537
     4792.6629731748
     4610.1496924301
     4427.6365712627
     4245.1236379252
     4062.6104850203
     4894.0595012708
     4711.5459194939
     4529.0327000927
     4346.5198004038
     4164.0066554802
     4995.4556218479
     4812.9421063376
     4630.4291783479
     4447.9160374999
     4265.4025295370
     4082.8893724146
     4963.4826638438
     4731.8251086309
     4549.3118642277
     4366.7989609866
     4184.2858248052
     5015.7347326284
     4833.2212541458
     4650.7083357939
     4468.1952001858
     4285.6816840109
     4103.1685115073
     4934.6177046249
     4752.1045476312
     4569.5913323537
     4387.0778409705
     4204.5646789405
     5036.0138455220
     4853.5007133475
     4670.9875107436
     4488.4740564003
     4305.9608118582
     4123.4476717142
     4954.8968099930
     4772.3833529436
     4589.8701722424
     4451.4311833991
     4224.8438835231
     5056.2929708504
     4873.7795195072
     4691.2663081835
     4508.7531711910
     4326.2399683837
     4143.7268408710
     4975.1759709774
     4792.6625088359
     4610.1493050928
     4427.6365447052
     4245.1232881272
     4062.6098650471
     4894.0589791134
     4711.5454996040
     4529.0322899391
     4346.5191329875
     4164.0063836920
     4995.4554965686
     4812.9417021290
     4630.4288764447
     4447.9156639953
     4265.4021735908
     4082.8893928394
     4914.3385141825
     4731.8247008780
     4549.3118746831
     4366.7986160054
     4184.2855999574
     5015.7346904832
     4833.2212913526
     4650.7079849786
     4468.1949398857
     4285.6816339092
     4103.1686603304
     4934.6179975549
     4752.1042683302
     4569.5911565162
     4387.0780699933
     4204.5650102554
     5036.0140178320
     4853.5005626394
     4670.9874495219
     4488.4743542722
     4305.9611840828
     4123.4480763056
     4954.8973351264
     4772.3837648057
     4589.8702774485
     4451.4309762821
     4224.8439299036
     5056.2934029734
     4873.7799527212
     4691.2667863828
     4508.7536161195
     4326.2403763763
     4143.7271957934
     4975.1762789310
     4792.6626819300
     4610.1496528592
     4427.6364762795
     4245.1231578847
     4062.6099703687
     4894.0592643183
     4711.5456520660
     4529.0323754993
     4346.5192029832
     4164.0060409760
     4995.4552147189
     4812.9416999707
     4630.4286021935
     4447.9153869219
     4265.4021827422
     4082.8887354085
     4914.3381443647
     4731.8247094551
     4549.3112199652
     4366.7983062909
     4184.2852015751
     5015.7339411458
     4833.2208548709
     4650.7077598355
     4468.1942259923
     4285.6809763250
     4103.1678466893
     4934.6168816757
     4752.1034854886
     4569.5907151736
     4387.0774835129
     4204.5640228600
     5036.0130130488
     4853.4996395116
     4670.9865383037
     4488.4733648769
     4305.9601230620
     4123.4469910219
     4954.8959987364
     4772.3826443800
     4589.8695588319
     4451.4304652005
     4224.8432045566
     5056.2921811580
     4873.7788188006
     4691.2657010652
     4508.7525259022
     4326.2393244663
     4143.7264188423
     4975.1755659255
     4792.6618911069
     4610.1487201935
     4427.6355702375
     4245.1225655544
     4062.6094202141
     4894.0583491159
     4711.5448682584
     4529.0317449312
     4346.5187456359
     4164.0055972620
     4995.4545883024
     4812.9411086876
     4630.4282294242
     4447.9150282823
     4265.4015249763
     4082.8883610257
     4963.4816900133
     4731.8241728196
     4549.3109585546
     4366.7979394067
     4184.2847895399
     5015.7339572742
     4833.2203720319
     4650.7074441134
     4468.1942297695
     4285.6807172691
     4103.1675237714
     4934.6170630735
     4752.1036849415
     4569.5904352838
     4387.0769034529
     4204.5637106018
     5036.0133097210
     4853.4999060489
     4670.9866806193
     4488.4731876567
     4305.9598623621
     4123.4467104428
     4954.8963684411
     4772.3826507069
     4589.8693824526
     4451.4301808020
     4224.8429624995
     5056.2926143897
     4873.7788635628
     4691.2655732371
     4508.7523132237
     4326.2390410294
     4143.7258975277
     4975.1756914645
     4792.6619110637
     4610.1486126768
     4427.6356371987
     4245.1223801037
     4062.6089360777
     4894.0587720135
     4711.5449410710
     4529.0315453902
     4346.5182533703
     4164.0053776291
     4995.4553539306
     4812.9412229499
     4630.4281320375
     4447.9148518588
     4265.4012862861
     4082.8883615167
     4914.3383869271
     4731.8242346484
     4549.3110715559
     4366.7977471914
     4184.2845699438
     5015.7345714474
     4833.2207498283
     4650.7073678397
     4468.1940482650
     4285.6807314019
     4103.1676011938
     4934.6177080246
     4752.1038569276
     4569.5903772046
     4387.0771120722
     4204.5639232707
     5036.0138130886
     4853.4999981442
     4670.9867735890
     4488.4735274594
     4305.9601967041
     4123.4469796592
     4954.8969031714
     4772.3831537684
     4589.8695311676
     4451.4299662067
     4224.8428589389
     5056.2928636090
     4873.7793408909
     4691.2660310101
     4508.7527190594
     4326.2393057195
     4143.7260126007
     4975.1754748113
     4792.6619562782
     4610.1488777521
     4427.6356177368
     4245.1219603770
     4062.6087204353
     4894.0584707105
     4711.5448157886
     4529.0315260614
     4346.5180070706
     4164.0048366282
     4995.4541439680
     4812.9409112178
     4630.4276033716
     4447.9144547770
     4265.4015414994
     4082.8883436507
        0.0000000000
        0.0000000000
        0.0000000000
  2494711.7033636570
  3058890.0660355482
  2942518.3219229253
  2807553.2203524951
  2669711.2462771120
  2498605.3910945160
  2983242.0160763096
  2809556.9626892745
  2626674.4481734284
  2416517.1249106308
  2234097.6848674407
  2051656.1407523949
  2499986.9595337538
  2309916.5317397937
  2104113.9377503102
  1931289.6320671204
  1765546.4448310845
  2227036.1494774441
  2058613.3173089176
  1871258.3636843166
  1722084.3271519258
  1577314.4894626162
  1437365.1689552490
  1884209.1616096897
  1731545.7965718578
  1584130.0722398660
  1445291.0624099625
  1284702.0499019914
  1704421.1704869058
  1559625.4752977958
  1424201.4893824346
  1297339.3167883428
  1176494.0021066468
  1060233.6524210307
  1430683.3079875105
  1305649.1278320514
  1186543.8582067024
  1074603.3057049718
   993150.6805624112
   888809.6180908135
  1196514.5031053904
  1089696.5527564122
   988443.3394946994
   886665.2026901353
   778571.2320430105
  1070751.9725500459
   961957.2903823169
   863642.1185188728
   802440.1092352454
   715049.3002717643
   627254.3901558166
   847347.6955014711
   747816.2220895495
   660203.4266029712
   612209.9102752325
   529707.4568558509
   695497.5382947444
   602942.3464351668
   548116.5212400686
   470218.6573033402
   426572.1224291126
   348638.2319949215
   417536.3220138447
   371671.8094608722
   307083.7367285664
   266862.4993625638
   230476.0987816020
   287077.2818884627
   236776.1243190212
   206376.4123387777
   181057.0515404635
   154808.5863334394
   128886.7451215645
   155411.1706934771
   133728.2125130275
   115711.2233705229
    98928.9779986640
    82703.0159597697
   101699.3197305968
    87257.8630734115
    74421.7360211308
    63266.7260168851
    52870.6927238488
    43104.3175628736
    53358.4961238559
    45566.6531602280
    39469.1817662243
    33917.6162059820
    28561.7659443151
    23484.8563476224
    29812.7559384176
    26210.2702646421
    23181.7818381334
    20537.9618029374
    18109.1679809468
    21475.0684758605
    19569.9628194390
    18075.9461168978
    16949.0916563625
    15937.8237955444
    15008.7882000828
    17620.9101514167
    16942.8756273862
    16211.2133812354
    15327.3033745627
    14267.2862920328
    15454.5527586553
    13975.4027672024
    12427.6822994484
    11000.5519222165
     9593.8283199273
     8090.0014812271
     7567.8104059697
     6071.0619226629
     4948.3086445764
     4363.8467657794
     4184.3772332549
     5036.0233376421
     4853.5077646490
     4670.9926111787
     4488.4779183821
     4305.9635354523
     4123.4494412668
     4954.9042248661
     4772.3889345928
     4589.8741161535
     4451.4340709232
     4224.8457498522
     5056.2995267223
     4873.7841431311
     4691.2693550376
     4508.7551116191
     4326.2412406666
     4143.7280701819
     4975.1825895975
     4792.6670192861
     4610.1520995510
     4427.6378525756
     4245.1245093615
     4062.6108700206
     4894.0648747426
     4711.5493474128
     4529.0345814154
     4346.5209424386
     4164.0071860561
     4995.4601639870
     4812.9448701864
     4630.4308364412
     4447.9168561448
     4265.4030438612
     4082.8896048497
     4963.4874941863
     4731.8279929782
     4549.3132718928
     4366.7997902213
     4184.2862623486
     5015.7388179045
     4833.2235744466
     4650.7096677637
     4468.1958637865
     4285.6821146643
     4103.1687524958
     4934.6218196930
     4752.1070464235
     4569.5925916907
     4387.0784749054
     4204.5649879569
     5036.0175316223
     4853.5029653822
     4670.9886536727
     4488.4746349353
     4305.9611181364
     4123.4479096730
     4954.9007089387
     4772.3854580512
     4589.8711230166
     4451.4319571080
     4224.8443540042
     5056.2966220243
     4873.7814725654
     4691.2671876681
     4508.7535412984
     4326.2402063208
     4143.7270978250
     4975.1797720633
     4792.6645441049
     4610.1502287673
     4427.6370482932
     4245.1238480949
     4062.6103025679
     4894.0628261794
     4711.5475564147
     4529.0331961628
     4346.5195301781
     4164.0068010547
     4995.4593904694
     4812.9438279903
     4630.4299232338
     4447.9163695854
     4265.4026066837
     4082.8898284387
     4914.3426453330
     4731.8269452843
     4549.3129550068
     4366.7993237568
     4184.2861752799
     5015.7386452746
     4833.2235581606
     4650.7092538010
     4468.1956149887
     4285.6822422438
     4103.1692628323
     4934.6221158342
     4752.1069062034
     4569.5925174403
     4387.0788520920
     4204.5656822281
     5036.0182393704
     4853.5030292620
     4670.9887419844
     4488.4751367901
     4305.9618884554
     4123.4488447030
     4954.9016465971
     4772.3864008706
     4589.8717382393
     4451.4321723918
     4224.8445689625
     5056.2971977214
     4873.7823393004
     4691.2682044598
     4508.7546063231
     4326.2412378790
     4143.7280491112
     4975.1806467246
     4792.6650044619
     4610.1508555590
     4427.6373078423
     4245.1240677989
     4062.6105169109
     4894.0630245342
     4711.5480107691
     4529.0333209540
     4346.5199357576
     4164.0065002348
     4995.4586782767
     4812.9434395295
     4630.4295950399
     4447.9158471464
     4265.4027637238
     4082.8890607112
     4914.3412841380
     4731.8265307351
     4549.3118516277
     4366.7986729751
     4184.2857376066
     5015.7367778268
     4833.2222574088
     4650.7086117744
     4468.1945256056
     4285.6811472160
     4103.1680020832
     4934.6195570429
     4752.1046755446
     4569.5912319541
     4387.0780607780
     4204.5642825352
     5036.0154928657
     4853.5006900495
     4670.9868777241
     4488.4735177644
     4305.9602561802
     4123.4471328470
     4954.8984160250
     4772.3836390336
     4589.8698824902
     4451.4310963749
     4224.8435054396
     5056.2944448475
     4873.7797211300
     4691.2659976798
     4508.7526793665
     4326.2394725073
     4143.7268427545
     4975.1779814561
     4792.6629281018
     4610.1490622123
     4427.6357431228
     4245.1229921522
     4062.6097872506
     4894.0606151380
     4711.5457637729
     4529.0320317945
     4346.5191990009
     4164.0059837517
     4995.4567280288
     4812.9419804481
     4630.4288309371
     4447.9153830505
     4265.4018165910
     4082.8886465512
     4963.4842606365
     4731.8251717978
     4549.3112877198
     4366.7984253542
     4184.2852454659
     5015.7360946398
     4833.2212570711
     4650.7080659979
     4468.1945821112
     4285.6810327294
     4103.1678950292
     4934.6191554341
     4752.1048608731
     4569.5909127576
     4387.0772504387
     4204.5641302985
     5036.0153851399
     4853.5011008240
     4670.9872016471
     4488.4734933810
     4305.9601280904
     4123.4471642903
     4954.8985497920
     4772.3835426959
     4589.8696891689
     4451.4309373627
     4224.8435978562
     5056.2948468420
     4873.7797869643
     4691.2659102006
     4508.7524920407
     4326.2393058232
     4143.7264850747
     4975.1780144077
     4792.6628745857
     4610.1489764628
     4427.6360052276
     4245.1230280576
     4062.6096812780
     4894.0611468548
     4711.5458835640
     4529.0318730745
     4346.5185923810
     4164.0062939972
     4995.4580740925
     4812.9422781830
     4630.4287254045
     4447.9154088816
     4265.4017388953
     4082.8893633947
     4914.3411021776
     4731.8252411469
     4549.3116507664
     4366.7984343922
     4184.2856862481
     5015.7372205673
     4833.2219510951
     4650.7080981688
     4468.1946220735
     4285.6814589486
     4103.1688038338
     4934.6203176885
     4752.1051521179
     4569.5911727339
     4387.0779195412
     4204.5651673008
     5036.0164063791
     4853.5012825110
     4670.9877395007
     4488.4744003141
     4305.9611821946
     4123.4483218145
     4954.8993329713
     4772.3843931008
     4589.8702832234
     4451.4310015018
     4224.8438556242
     5056.2949446437
     4873.7806091959
     4691.2672535361
     4508.7537991945
     4326.2402391700
     4143.7270429209
     4975.1771179639
     4792.6629778270
     4610.1500384442
     4427.6366210667
     4245.1226480444
     4062.6094118695
     4894.0598347694
     4711.5457941629
     4529.0323573136
     4346.5185303067
     4164.0053155618
     4995.4551261428
     4812.9418353595
     4630.4285361994
     4447.9154027609
     4265.4027465704
     4082.8895345401
        0.0000000000
        0.0000000000
        0.0000000000
     1392.2609771655
  3060390.3143661455
  2945477.3936628695
  2811069.0396495606
  2675922.1162455953
  2510870.4415278165
  2998672.1144424407
  2828674.1201916803
  2649280.9128330518
  2441772.6222702777
  2265424.2893222799
  2090081.8621182702
  2550643.3731824001
  2368593.9707511063
  2168114.0398732205
  2004100.0123083205
  1848076.0402552132
  2328828.8475110163
  2169320.2920193416
  1986982.5175043033
  1841796.6287697561
  1702529.1224240253
  1568293.9898011354
  2045605.5146194836
  1902344.0796174393
  1760297.7140435292
  1624440.5758070459
  1467817.3911387038
  1939519.6078227665
  1801263.2505722602
  1668669.8842355327
  1546678.7283155492
  1430185.9490044964
  1315782.6089618579
  1762352.0231507844
  1636017.5114701202
  1512201.1589658239
  1398559.5071647000
  1312262.4463011196
  1202307.7587746684
  1609730.0256723606
  1486265.0810103547
  1366115.4479765804
  1251194.5504881702
  1140505.2680971511
  1550243.3478436964
  1429368.7476502096
  1313958.1124627613
  1234044.0328612234
  1132132.5721256491
  1032608.5375773951
  1401250.7027796388
  1292872.1858688993
  1184831.1840089872
  1108836.8779464175
  1005769.2097792344
  1350045.7530096995
  1240179.1905066739
  1164496.2061784137
  1067276.7007173977
   999614.6211933180
   904765.8768838536
  1204299.7703384256
  1133855.7476503514
  1039075.8017562233
   962477.4686135228
   883060.5713712560
  1163173.0973590696
  1061685.9440148431
   982658.4358445992
   908754.1497222750
   836326.2363208014
   762911.5645372948
   999537.5068701917
   921595.4861226548
   848134.2962935148
   773640.3918150759
   693316.4471729267
   914502.1513816916
   831701.8039484527
   758589.3678651636
   690421.8346739822
   623940.5188410747
   557265.0856959593
   747647.4504450090
   685867.0730595494
   632009.3857781887
   581336.5809116336
   524910.5728750317
   457626.8425647010
   595478.8961967742
   516306.3671659784
   460842.2228553530
   416695.1727992359
   372487.3059445976
   521631.0774592119
   462863.7137178348
   416812.3622991067
   382260.7107709330
   345666.4612680082
   302807.8823156473
   425737.0269036301
   364651.6085380892
   322506.9882223362
   285290.3666801932
   245083.8520654890
   343703.6318243786
   288361.0573363361
   248892.4939508078
   220224.9520007593
   194067.3858430487
   165860.1912361589
   236054.3885373529
   196465.5725136827
   168658.6768126288
   145740.3516913206
   122267.7723443602
   181668.2932722107
   153938.3540086653
   134026.6506768460
   118835.8885579549
   102880.3750605937
    85948.8777630165
   123938.8004470277
   108685.2100404995
    98306.8220414952
    86284.9125310547
    72309.4291811712
   101838.8004361717
    89376.3691382661
    80084.6105688458
    69711.8333264362
    59563.8335699960
    48916.9322255207
    68848.2812340925
    61251.9384536526
    54496.9993590397
    47336.8576324753
    40206.6093830609
    33484.1232201913
    47025.5857665788
    41661.2331401624
    36543.5065114613
    31380.7082496796
    26255.8970229726
    33654.8512574513
    29475.1071186952
    25785.8045079099
    22322.9183287968
    19531.7350056765
    17200.4612946878
    21540.1515541064
    18892.6501505655
    16626.0633762891
    14823.0093958076
    13145.2020704701
    15402.5820825375
    14281.2479582494
    13647.5150285521
    11961.4873313591
    11032.8883960008
    10007.8039942220
    11650.1442534362
    10750.1105860918
     8892.3195061894
     8326.5066027002
     7934.0183448621
     9969.7158654967
     9614.3462554854
     8545.2790862151
     8126.8410999574
     7664.6511389806
     7096.5064615312
     8780.5490574927
     8310.7603781877
     7937.6324505425
     7756.5873521386
     6564.5018520763
     7901.6743807148
     7286.7962926923
     6703.0609179713
     6146.7950470119
     5678.3237634190
     5306.6978555387
     6137.1198412401
     5628.9863640737
     5070.9170247029
     4607.2792679493
     4274.6527089079
     4049.8111976296
     4893.2997149019
     4711.7447593992
     4529.0371924742
     4346.5222788970
     4164.0091046233
     4995.4645069613
     4812.9477799704
     4630.4328224441
     4447.9180789547
     4265.4040873815
     4082.8914070425
     4914.3476793685
     4731.8306941364
     4549.3155781723
     4366.8009277355
     4184.2878849083
     5015.7432946350
     4833.2269952252
     4650.7113626158
     4468.1972008007
     4285.6833531083
     4103.1708414110
     4934.6271392385
     4752.1103058582
     4569.5950252350
     4387.0805804717
     4204.5672728734
     5036.0228741847
     4853.5065095578
     4670.9909646714
     4488.4765929266
     4305.9630868315
     4123.4503114411
     4954.9066916192
     4772.3898104366
     4589.8738459703
     4451.4340099701
     4224.8461992268
     5056.3020618464
     4873.7856472715
     4691.2703362625
     4508.7560948831
     4326.2425382919
     4143.7296572814
     4975.1859451347
     4792.6684568659
     4610.1529968337
     4427.6387119612
     4245.1253851726
     4062.6119793149
     4894.0679405211
     4711.5512169353
     4529.0351359760
     4346.5212494670
     4164.0078636972
     4995.4631660425
     4812.9461937547
     4630.4311994179
     4447.9168312069
     4265.4036802525
     4082.8901960602
     4914.3457870686
     4731.8292289772
     4549.3132265799
     4366.7996817576
     4184.2868992956
     5015.7407933855
     4833.2246880834
     4650.7099115810
     4468.1952072901
     4285.6817401157
     4103.1689092477
     4934.6235400201
     4752.1068501432
     4569.5924726312
     4387.0789146473
     4204.5652257642
     5036.0191748626
     4853.5025797982
     4670.9877331635
     4488.4740105632
     4305.9607503343
     4123.4479687234
     4954.9020839070
     4772.3854594861
     4589.8707694273
     4451.4320341546
     4224.8444070039
     5056.2978045995
     4873.7812962097
     4691.2666858103
     4508.7531254365
     4326.2400128362
     4143.7277948815
     4975.1815671390
     4792.6644952967
     4610.1497329663
     4427.6362321431
     4245.1235946331
     4062.6108243414
     4894.0638064282
     4711.5471291345
     4529.0326622393
     4346.5197779065
     4164.0069880198
     4995.4596382869
     4812.9432454886
     4630.4294984845
     4447.9159725130
     4265.4022742846
     4082.8895188585
     4963.4875637219
     4731.8263801166
     4549.3118124242
     4366.7989763167
     4184.2862815664
     5015.7387982018
     4833.2223598652
     4650.7086721641
     4468.1950931781
     4285.6814558729
     4103.1687729477
     4934.6219173477
     4752.1061171916
     4569.5915532781
     4387.0776775631
     4204.5650356891
     5036.0180624505
     4853.5023561488
     4670.9878457963
     4488.4738098041
     4305.9605419002
     4123.4481510183
     4954.9013468682
     4772.3846411785
     4589.8701676589
     4451.4318373380
     4224.8447218361
     5056.2976897022
     4873.7809178234
     4691.2663370048
     4508.7527582527
     4326.2397894473
     4143.7276508737
     4975.1811080099
     4792.6641380032
     4610.1494839907
     4427.6365479616
     4245.1238418171
     4062.6109725682
     4894.0643725440
     4711.5471988079
     4529.0324194696
     4346.5192411091
     4164.0078158352
     4995.4615848235
     4812.9437042392
     4630.4295391837
     4447.9160397923
     4265.4025207940
     4082.8909611152
     4914.3447333065
     4731.8267095272
     4549.3125454299
     4366.7994141820
     4184.2873470340
     5015.7408331836
     4833.2236381550
     4650.7089735490
     4468.1954057424
     4285.6825096873
     4103.1705676972
     4934.6240031325
     4752.1068283871
     4569.5922447607
     4387.0790409156
     4204.5668541152
     5036.0199518718
     4853.5031180384
     4670.9888583580
     4488.4753827387
     4305.9624144341
     4123.4500676607
     4954.9027105449
     4772.3859432903
     4589.8711972633
     4451.4322658815
     4224.8452845842
     5056.2978782688
     4873.7821783103
     4691.2685865838
     4508.7550234346
     4326.2413517187
     4143.7284153747
     4975.1795051156
     4792.6643258945
     4610.1513430797
     4427.6378222263
     4245.1234841065
     4062.6103584287
     4894.0616978587
     4711.5469929140
     4529.0334314481
     4346.5191371210
     4164.0059259066
     4995.4564587398
     4812.9430223271
     4630.4297884411
     4447.9166649496
     4265.4042279082
     4082.8910147778
        0.0000000000
        0.0000000000
        0.0000000000
     1392.2609771655
  1334078.0959245816
  1290641.6041416461
  1208627.2287237432
  1123348.0069199353
   994414.7959301132
  1459411.2832261107
  1350645.8412323019
  1255626.7473143721
  1133126.0754211252
  1038718.7901561800
   942991.8526433700
  1409008.1985502318
  1295429.5508690795
  1166750.7084910304
  1076365.7713755430
   992376.2359832006
  1456215.3436385256
  1353782.4955052009
  1233776.0909882342
  1156052.5279401573
  1084443.3533331016
  1013494.2657176985
  1475131.7706172238
  1376864.3574655051
  1287092.3016895682
  1204669.5000892954
  1094061.9350124230
  1565084.2811044788
  1460197.7031860326
  1362710.9366878755
  1274410.6925823172
  1190748.7130090499
  1107568.4254260736
  1587529.5735847098
  1482202.3103476064
  1378740.6988795816
  1283866.8955538808
  1212489.2437840274
  1119070.5032843561
  1591630.7254976076
  1479323.2756798014
  1367105.8300733157
  1258505.2990759187
  1153713.6781436661
  1651798.8174841539
  1532213.4303557861
  1417386.2479606788
  1331955.5062193244
  1226271.4454008681
  1121815.9368534945
  1598512.9923505718
  1480979.7137647814
  1363996.4054709382
  1271657.3855011961
  1155519.6844444743
  1616488.8624374978
  1493041.8114017772
  1397616.2040230590
  1287367.1297732375
  1200036.7357664476
  1086590.5621078589
  1518317.6284688311
  1419044.2815379063
  1304448.2782323610
  1210321.2162952612
  1111548.3205924872
  1530074.7147704326
  1409971.3641048190
  1309669.5826534939
  1214114.1355545137
  1117082.3521324659
  1016042.6385251940
  1408218.2147747418
  1303709.4041192320
  1204370.3778943713
  1110042.6102673700
  1004763.6762906570
  1399559.2042165603
  1292226.6931689030
  1192787.0008458844
  1099915.8436443093
  1007493.5215225250
   910846.8504367900
  1288051.1652684233
  1180865.9866149668
  1089616.6325167527
  1008167.9555020934
   924627.4889716861
   828679.2020672126
  1182449.6848542485
  1073411.1239801249
   975738.1806419957
   884701.2149098701
   790214.0678081762
  1157845.7328469555
  1050540.3997963944
   955403.1847948824
   864945.1582473660
   779257.1005650829
   686042.8000009804
  1014391.1410821618
   896355.8885416179
   801702.2006735033
   713971.0946861611
   630582.4919588100
   963846.1118370772
   855389.6036253463
   763788.3487737875
   682608.1079969049
   601349.1323656201
   514837.4181318182
   812344.6147143539
   698312.8739899511
   615161.7445728468
   546121.6777629586
   476280.2266313769
   759271.8440992149
   662028.7359582994
   584244.7228729142
   528572.1337212824
   479637.6848113178
   417028.2054996105
   692906.5623764157
   590935.1995997591
   516218.4838873849
   467142.8879306255
   400899.1654618613
   635967.5150741780
   549652.5994980558
   473692.0081967116
   424299.2906406616
   389463.8732690656
   352787.0423579461
   509064.9641357102
   430845.5741772205
   370289.4349283546
   332662.8523695310
   306940.1375188816
   256161.0775653687
   366865.5555513368
   321175.3224567702
   303002.1165081435
   282367.6359680434
   225298.5827073703
   321508.8326053044
   267925.6141914928
   227811.3649605554
   195479.9610615803
   182195.9804767493
   171906.2910165222
   230862.0570641088
   178662.6172465646
   158980.7248127430
   148114.2835425576
   117032.7726573036
   152899.1589981769
   136667.6178048844
   125603.4187912264
   101798.1102013371
    96586.3829456104
    91008.0203551561
   118681.0030587194
   110250.9074267895
    80454.9570056470
    72084.2195293770
    66111.8023779264
    84830.4144516085
    79852.4238178227
    57668.4961127186
    47574.5479328896
    38668.4246330386
    30988.5481951137
    35472.5216723026
    28099.6972588655
    21884.1556465691
    17637.6963186395
    13350.1638097611
    20005.7032097873
    17121.3158023314
    14888.6343657396
    13113.7786652856
    11693.6076544067
    10295.8613356938
    15538.2169606252
    13762.0372895246
    12273.3361995773
    10974.8349243183
    10430.0269165174
     9565.6205369258
    13537.4177830831
    12051.4470479702
    10370.3974249124
     8731.6281793519
     7358.7269215948
    10235.8652270683
     9206.4247070143
     8330.3440456720
     7819.6714132783
     7057.1234091606
     6286.0827115015
     8513.8601702537
     7727.2142562809
     7022.0062206353
     6549.7132881041
     5959.5344268784
     7574.1902471583
     6945.0541942076
     6343.1908088124
     5789.2820486799
     5305.9149695374
     4889.6476253465
     6113.5625969533
     5693.2137995234
     5296.9410782302
     4948.2871502365
     4651.2693137956
     5686.6647462138
     5362.6585983509
     5039.3037355639
     4737.1122197434
     4475.7140115482
     4251.9939920425
     5126.7184624396
     4894.6674882469
     4659.0006239718
     4466.5841519703
     4193.2451890243
     4963.5309983103
     4759.3297636283
     4571.9125316683
     4394.6115131406
     4216.9509167389
     4040.3106107791
     4861.1800997843
     4685.9986822216
     4513.8018487690
     4350.0567941938
     4185.8408744978
     4017.3808192901
     4852.7188539702
     4679.2500618368
     4505.1906602880
     4335.2452774789
     4163.5252231143
     4995.4704871064
     4812.9528742732
     4630.4369325611
     4447.9212268341
     4265.4068380277
     4082.8923739158
     4914.3515914248
     4731.8348019294
     4549.3180669271
     4366.8032064166
     4184.2891600313
     5015.7459678587
     4833.2294614848
     4650.7139008967
     4468.1980471157
     4285.6834788866
     4103.1698502424
     4934.6283987558
     4752.1115062486
     4569.5961942491
     4387.0813245652
     4204.5665634254
     5036.0235569423
     4853.5066402564
     4670.9907871911
     4488.4758286590
     4305.9616880205
     4123.4484784376
     4954.9067021905
     4772.3896136768
     4589.8737315862
     4451.4338077293
     4224.8453297521
     5056.3019202289
     4873.7848553422
     4691.2690474841
     4508.7543856057
     4326.2407049774
     4143.7284009392
     4975.1862178480
     4792.6683056680
     4610.1520967936
     4427.6374624180
     4245.1243712509
     4062.6114522647
     4894.0683381872
     4711.5506293171
     4529.0347496386
     4346.5209427987
     4164.0076972023
     4995.4635293012
     4812.9462491814
     4630.4313652819
     4447.9169614360
     4265.4029088882
     4082.8901152271
     4963.4920513704
     4731.8295671114
     4549.3135922540
     4366.7999963605
     4184.2869682991
     5015.7425413452
     4833.2251136332
     4650.7103276874
     4468.1959979821
     4285.6820382468
     4103.1693225290
     4934.6259275443
     4752.1091238885
     4569.5932313290
     4387.0784851437
     4204.5655658748
     5036.0216486478
     4853.5051021186
     4670.9893851517
     4488.4745649456
     4305.9610339661
     4123.4486537713
     4954.9052005024
     4772.3873580845
     4589.8715957992
     4451.4328522703
     4224.8453175989
     5056.3012652588
     4873.7834606489
     4691.2676203886
     4508.7533490211
     4326.2401730654
     4143.7281496710
     4975.1850008679
     4792.6668747899
     4610.1508438298
     4427.6373323089
     4245.1244004286
     4062.6116204395
     4894.0682948809
     4711.5499428134
     4529.0337362535
     4346.5198134329
     4164.0085490932
     4995.4654195641
     4812.9463638605
     4630.4309815694
     4447.9167614147
     4265.4029677508
     4082.8918303382
     4914.3488999534
     4731.8294450653
     4549.3139716309
     4366.8001394030
     4184.2883223042
     5015.7448224461
     4833.2263106419
     4650.7102365030
     4468.1961216147
     4285.6831392145
     4103.1717278066
     4934.6282670185
     4752.1094848004
     4569.5936228734
     4387.0798669582
     4204.5680034664
     5036.0239847218
     4853.5055849447
     4670.9899949732
     4488.4760688864
     4305.9632597107
     4123.4514197708
     4954.9066978383
     4772.3881159134
     4589.8721386252
     4451.4333167382
     4224.8464067574
     5056.3012244643
     4873.7839027984
     4691.2696177997
     4508.7559648637
     4326.2423738940
     4143.7296408477
     4975.1823587792
     4792.6655869545
     4610.1522520051
     4427.6386941476
     4245.1243569022
     4062.6112277347
     4894.0636196405
     4711.5479195472
     4529.0341953979
     4346.5197338597
     4164.0065259426
     4995.4576107703
     4812.9439129330
     4630.4307052672
     4447.9176565267
     4265.4054030696
     4082.8922143001
        0.0000000000
        0.0000000000
        0.0000000000
     1392.2609771655
   414355.7961549858
   392176.5058674246
   361458.0129286766
   324063.1048512397
   279303.9190972681
   687326.5515187420
   633582.3210098783
   588449.3752704551
   516327.8962995420
   461046.9322635701
   402265.0771863186
   807239.5631877809
   741115.8838967546
   655117.4503775382
   598107.9641606150
   540667.4400522014
   962070.0495891696
   893188.1902826166
   804798.3694841767
   747921.6265726031
   691951.4368669763
   627766.7035646494
  1034866.2956746469
   928530.2945951981
   829243.1280530990
   736972.5688354444
   632177.8523194059
  1050234.8424136455
   947127.0931391320
   855928.2459438024
   772473.6327596602
   690733.4539872953
   610844.4060883858
  1041198.8652758281
   937049.6904198742
   841888.5132371839
   754656.5794352016
   679303.4658998783
   592030.2708339064
  1025185.8106571399
   915247.2384099364
   810318.0897214304
   709680.9783143033
   610492.7933240308
  1057274.1716086338
   946532.8712287395
   846029.3726107952
   761481.9044525918
   673056.4371807827
   582869.2376454424
  1034620.0421202477
   925295.4228021010
   820593.9822969428
   720252.4687474087
   617486.7603070091
  1077216.6773632246
   966827.3389854662
   865938.3543478724
   773727.5696415020
   688194.4476065781
   594869.6177919820
  1050911.8846998208
   946502.4287376419
   843770.9858090038
   734870.6838595875
   623473.7924831058
  1092478.4227897897
   992854.7256247709
   893555.1828313179
   798250.3268758153
   703200.5879047274
   604199.7766650836
  1063165.3451650604
   966766.2398442499
   870897.9208891509
   779297.3759305226
   652700.9221218600
  1126919.8784208109
  1021738.3651590236
   927308.4936600012
   834347.9204386609
   737291.1044189157
   635603.1372039594
  1093616.3889688491
   986607.8526679275
   915709.9640550555
   836836.7822481871
   745584.5030586207
   630062.5358496833
  1082542.2243552371
   972944.7910580424
   869311.4056139489
   776411.8772119080
   670293.5007074330
  1145977.9856262228
  1021232.6653895119
   932246.7454179529
   835739.1707963864
   764268.7097652173
   660182.1441138319
  1082250.2748638021
   983356.6426905637
   880019.0257920718
   783759.7102094409
   710676.0181457602
  1150075.2719781573
  1016157.3323935177
   927686.0012971978
   830630.2831588952
   745242.0126889854
   658692.4733924323
  1055780.0904475676
   937729.2577422927
   843446.8540505836
   789229.8944752560
   705219.6132881705
  1107605.1061875110
   992326.4547985453
   887893.0391388966
   797514.7216289071
   717480.5909723361
   640726.6169611774
   986440.2331652436
   883244.3160645484
   801410.8003686478
   731766.8048199980
   642376.4160231217
   987571.0106901136
   898487.8562515347
   814740.3978751093
   739442.2977528707
   674742.1862398980
   615517.8748796381
   870676.9928960165
   790939.1006769270
   727487.9487305172
   669575.1257505128
   619319.7849286888
   551461.0829591303
   784014.4569828586
   693819.9252035028
   628583.7860685056
   572175.2984173568
   493889.5989165057
   706605.5784558289
   644357.7588951202
   576356.9542335875
   476144.8420403120
   432783.4478919597
   402164.0682267334
   556273.3734328947
   487644.3297197939
   456039.0510735811
   421017.5566373597
   357732.9954348370
   461812.9043473864
   406257.6155817054
   377614.8269153080
   318901.5672105984
   287464.9799691461
   250878.9399558781
   344266.7690806330
   303271.3139905864
   244017.5854789437
   214240.4809764201
   194855.6408665093
   279288.2126377408
   255944.3021117900
   195720.5910883244
   169726.8221646792
   146610.9620808640
   125678.6346543857
   180664.7518834801
   158249.2152574653
   137618.9410671202
   118954.0786269935
    95914.1816487742
   140542.5463614547
   116584.1598735438
    93421.1791032583
    72394.7068098707
    54562.4123370318
    40932.1037727715
    75131.7556303114
    60629.6716584732
    48111.9523587978
    37346.8540543559
    32960.1351396816
    26057.4520492996
    51268.3029656074
    41876.8978838962
    34091.0212624133
    27666.2107771177
    21477.1902492864
    42530.9079936967
    34946.5905796025
    28388.2742365198
    25248.7577255408
    21358.8784530979
    17698.7937349552
    32194.3309661390
    27461.6519796911
    23362.9593478051
    20743.5169687957
    17756.6813211678
    29181.0295939477
    25600.9681807461
    22552.7120243586
    19659.3990717802
    17385.4074783742
    15266.3481307007
    23859.9652876134
    21496.0632963686
    19063.6410650953
    16819.0517984862
    14473.0450044515
    20285.1649503071
    17328.7376328930
    14951.4552381249
    13080.9259801705
    11516.8759188679
    10035.0211066010
    14622.0480990964
    13057.0610813745
    11636.0585407578
    10271.1806101817
     8940.0192470117
    11887.0215266277
    10695.2762399774
     9661.0365599489
     8769.4744576109
     7980.3366746381
     7257.0476747057
     9653.8876044461
     8891.6778432335
     8210.3552224661
     7581.5478990382
     6973.9364624638
     6379.7646349210
     8180.1780538965
     7532.9723760042
     6859.2141415871
     6169.6024311028
     5504.8144051034
     6724.2883069093
     6142.9925889411
     5657.5399524853
     5271.9695377613
     4978.9404220725
     4737.8611587621
     5954.2504328769
     5725.7645258141
     5478.6418415050
     5131.4328782517
     4718.5760610815
     5350.4625198436
     5012.4519192008
     4760.7910274987
     4553.5862740469
     4351.0427050588
     4150.4847901529
     4941.8022673249
     4734.1998397629
     4524.9947698583
     4321.8293912335
     4144.2584805661
     4997.9170639030
     4826.3815270262
     4641.9237766342
     4476.9754781035
     4316.0948689922
     4145.7736141444
     4973.1039935175
     4773.8296314657
     4582.1317930055
     4450.7111118793
     4224.8520216515
     5056.3133897839
     4873.7955624578
     4691.2784772886
     4508.7621720395
     4326.2464567213
     4143.7318222619
     4975.1945938717
     4792.6769364245
     4610.1600279801
     4427.6439042652
     4245.1289682922
     4062.6140158254
     4894.0764272139
     4711.5585083778
     4529.0415692452
     4346.5260887846
     4164.0108419559
     4995.4711704483
     4812.9531549511
     4630.4370262083
     4447.9213155387
     4265.4058381096
     4082.8910955859
     4963.4978942960
     4731.8361632387
     4549.3192458440
     4366.8038746868
     4184.2888920289
     5015.7484142419
     4833.2306478993
     4650.7148939821
     4468.1993776146
     4285.6840425360
     4103.1696404024
     4934.6309927316
     4752.1144520959
     4569.5980446296
     4387.0817985753
     4204.5667172670
     5036.0259801943
     4853.5096828161
     4670.9935331044
     4488.4774766832
     4305.9624067080
     4123.4485302209
     4954.9095211335
     4772.3922563910
     4589.8756774904
     4451.4352479798
     4224.8461858987
     5056.3051226224
     4873.7878415530
     4691.2713596579
     4508.7556872109
     4326.2410744303
     4143.7277665218
     4975.1887835767
     4792.6715537412
     4610.1547872588
     4427.6396422435
     4245.1253986530
     4062.6115523879
     4894.0721188765
     4711.5545822836
     4529.0375381586
     4346.5217474178
     4164.0086629589
     4995.4687212619
     4812.9507630768
     4630.4344528554
     4447.9188798761
     4265.4038189407
     4082.8915354631
     4914.3528681701
     4731.8342410875
     4549.3174830426
     4366.8018641355
     4184.2886033293
     5015.7486548392
     4833.2307538572
     4650.7134896225
     4468.1978320471
     4285.6837907402
     4103.1718104135
     4934.6328384506
     4752.1142761381
     4569.5967538885
     4387.0813017454
     4204.5684417072
     5036.0284709184
     4853.5098133649
     4670.9925211384
     4488.4772786690
     4305.9638532577
     4123.4519864258
     4954.9117505074
     4772.3921597579
     4589.8743434445
     4451.4345927856
     4224.8471644412
     5056.3056008004
     4873.7869109979
     4691.2711261355
     4508.7570007340
     4326.2434019095
     4143.7307992073
     4975.1865857806
     4792.6677115382
     4610.1532238379
     4427.6395683406
     4245.1253709637
     4062.6121430776
     4894.0662534395
     4711.5491246771
     4529.0349903988
     4346.5203903634
     4164.0072076956
     4995.4589866294
     4812.9448451577
     4630.4316028970
     4447.9187449541
     4265.4065989685
     4082.8934650685
        0.0000000000
        0.0000000000
        0.0000000000
     1392.2609771655
    34956.9520078545
    32004.0077786018
    28043.9222996746
    22374.9662900849
    17200.5627744846
   145257.7812761939
   138239.2255419956
   129966.5022835433
   109117.0440575822
    84526.6407785991
    54196.5113648861
   265786.4338355613
   205127.5276528082
   164367.0150486755
   136422.4942316300
   104998.4969456361
   403243.5324916166
   332885.3430350162
   276099.0680703438
   243801.5134836257
   213569.0649789211
   172221.3101085066
   515609.8254615132
   428511.7714336552
   357905.8176026061
   292718.2680899234
   222896.3523190249
   580698.9786417334
   486880.2745891382
   411987.1248262746
   352348.4283644345
   298195.6594314832
   240752.1156573387
   627359.2825495151
   531486.6636469065
   446636.3383678471
   376691.0135457292
   323956.5704800913
   261914.5095798097
   658216.2096472454
   556252.0297610660
   463963.7153948929
   381811.4882213206
   304190.3496220505
   723246.6107394984
   615504.1382498405
   519968.7567450639
   448021.3226415991
   380609.6949636317
   312589.2918511633
   728145.9488925145
   625966.8280475024
   527511.4974739844
   436612.5631132182
   350597.3360916241
   776820.9929806520
   679985.5160659022
   584019.3120491857
   502455.8972526096
   428023.7648094963
   360164.2145909055
   778552.0335517359
   684386.8290992161
   592724.5510042273
   488005.6813233313
   388952.6529550732
   815602.1281102626
   737785.6089418627
   636027.0030479463
   544208.9965715407
   463692.5113696257
   391857.3481229688
   795956.3461599831
   712832.2810164206
   620425.7044332633
   551000.4517653290
   438147.7510146522
   842069.4306281755
   754163.8716063981
   665887.7197304432
   589341.5399628483
   527082.9418212329
   472918.7733988216
   866825.4278710500
   773085.4037638243
   704586.9659579804
   634945.5592891360
   566555.4837702314
   483683.3268726925
   842163.5842600403
   776040.6808400968
   677158.1942666183
   603554.5011254542
   511461.1896610713
   862874.3748382765
   758941.8625073656
   689996.3676973013
   596737.2796346212
   546520.9693683705
   479452.4304938344
   792777.0539709328
   744163.8888351207
   667250.5934929131
   594569.8724765537
   543374.6161349643
   845960.8554461357
   756698.1515094615
   705274.3938288352
   629009.3730687464
   567221.5948259304
   516444.2578726175
   846714.1718729543
   772609.2770911437
   697821.2524522503
   658845.0566038759
   594535.9333194525
   917405.2296010371
   818146.0873669637
   728568.6948295840
   669535.4899046165
   619420.9763923817
   573791.7554199498
   888933.2680246272
   801977.3564888702
   730522.6219007033
   670484.5150536028
   599346.2863078682
   919978.5224941738
   857554.3015605871
   812961.3784835150
   781636.1923717578
   749472.1961530348
   709586.5333588616
   949654.7797877881
   830045.0179350289
   741078.0539085988
   681845.2778181050
   635411.3746505216
   561005.2140685042
   817565.5073369336
   754614.9818116167
   703886.8644058204
   656917.7966662545
   575983.0535271579
   851069.2673447634
   776832.4281388124
   716729.8602598514
   658210.6221050845
   632722.4074873389
   608594.0762770654
   854006.7757472729
   740156.0276035370
   669414.1919863218
   604899.0625473626
   524090.3172526191
   740755.3471721574
   681559.7335704139
   643761.3487161271
   564204.7116460139
   526071.6596110656
   482406.0284213239
   704898.1001378917
   624645.5323019325
   517269.3481234312
   436779.9112004961
   360446.5712163692
   538957.6143510254
   467676.2618264140
   388354.5927677723
   342041.3139426181
   296012.1756010001
   256912.5468896035
   431752.1525318684
   392293.7203878979
   358692.6618926559
   316141.7172278351
   246593.9167140781
   384831.2476345595
   341622.4619790725
   299414.3180257966
   257097.9757913478
   217491.0516215795
   178967.2183903012
   261839.2728139572
   217928.1721927231
   184155.9708111496
   158487.0138042205
   143809.4935631772
   124321.3598332240
   200719.4727373826
   174326.3794859407
   149789.4073867109
   126629.2769553422
   103867.9433790607
   170525.8759936083
   144450.9063790543
   121396.1754407797
   103040.1864666519
    83113.5948370022
    65096.7214424570
   114396.6825706673
    95052.6732346295
    78120.5464328332
    67103.3403862326
    56011.8462356629
    98634.0159485054
    85979.5219371610
    74329.8148555663
    62170.5089324207
    51073.1986606598
    40539.5046679030
    70680.2160430532
    59831.1361596791
    50709.2128422324
    42953.2711745922
    35767.1233112454
    62324.4926322770
    53034.8579375567
    44300.0803337167
    36410.2831267981
    29490.7358233898
    23397.3134651968
    42995.2743401303
    36005.7940195006
    29718.4655870354
    24409.9362753089
    19838.4186064738
    36660.5972433310
    32318.5726164060
    28763.5113190573
    25881.8953714195
    23151.7573752606
    20192.1839049240
    34024.0099495013
    29761.7481937598
    25801.9569089142
    22273.2650521028
    19135.8458772134
    16292.9709102341
    27586.0156277550
    24153.3009970587
    21018.1793692638
    18348.6202772006
    15832.8377833025
    24725.2026609362
    21695.4921493950
    18856.6704444337
    16328.5690014635
    14219.3267791333
    12331.2724536722
    19475.7125468565
    17247.5392085369
    15225.1654634807
    13424.0213996983
    11782.2277571955
    17668.7833163985
    15881.9542054392
    14431.7252484234
    13193.4327241242
    12128.0980638590
    11080.5046701959
    15621.4235757472
    14103.2227415667
    12283.3047447179
    10696.2877579268
     9072.6285593335
    11197.5209696560
    10165.9355218751
     9342.5591062355
     8610.1152234712
     7962.3270495873
     7365.3850340373
     8749.9556128085
     8055.6252305143
     7430.1152574237
     6962.7297407900
     6219.4875917621
     7010.2435212313
     6602.4288988046
     6243.5122620986
     5844.4701242467
     5436.7622061063
     5036.9087171656
     5624.1837325645
     5274.8499679441
     5057.0680135695
     4862.9340199438
     4617.9783796546
     4388.2818169116
     5126.2967203267
     4930.5169406838
     4770.3154541239
     4618.9112396630
     4265.9577832005
     5094.5282403733
     4882.0822083230
     4713.7339317772
     4475.2827971688
     4277.7525000296
     4061.1528937190
     4947.0735089472
     4728.4783663242
     4549.0974940955
     4366.8133522338
     4184.2969653994
     5015.7601046779
     4833.2410067815
     4650.7230242007
     4468.2063474183
     4285.6899718899
     4103.1743523917
     4934.6386676960
     4752.1202896309
     4569.6033260392
     4387.0866588046
     4204.5708670005
     5036.0334890187
     4853.5150162767
     4670.9981049283
     4488.4815228333
     4305.9657331174
     4123.4509605184
     4954.9150483592
     4772.3966408120
     4589.8794004066
     4451.4381314037
     4224.8489158133
     5056.3108990921
     4873.7921576006
     4691.2748006284
     4508.7585895914
     4326.2433050083
     4143.7293592477
     4975.1932670616
     4792.6750619136
     4610.1579551772
     4427.6424288283
     4245.1274412965
     4062.6133003815
     4894.0766129417
     4711.5580454015
     4529.0405887860
     4346.5243407257
     4164.0106502511
     4995.4729307496
     4812.9540986633
     4630.4373419845
     4447.9212631451
     4265.4056636797
     4082.8929831242
     4914.3569065357
     4731.8376824582
     4549.3205072834
     4366.8042605317
     4184.2905271384
     5015.7528463546
     4833.2341835322
     4650.7164024662
     4468.1999929146
     4285.6853029416
     4103.1733591601
     4934.6371809088
     4752.1180143850
     4569.5998705607
     4387.0835010759
     4204.5701286889
     5036.0327372244
     4853.5135296724
     4670.9952738660
     4488.4789776964
     4305.9649883704
     4123.4534392144
     4954.9164738228
     4772.3958193950
     4589.8766899296
     4451.4363182921
     4224.8487573408
     5056.3100439188
     4873.7900018717
     4691.2729007056
     4508.7581595687
     4326.2445737193
     4143.7324898201
     4975.1909094854
     4792.6701634537
     4610.1544286160
     4427.6404594887
     4245.1263561622
     4062.6134506519
     4894.0691652523
     4711.5503643243
     4529.0357890916
     4346.5210984760
     4164.0080293530
     4995.4605421743
     4812.9457916930
     4630.4326687612
     4447.9199629212
     4265.4079564649
     4082.8948226742
        0.0000000000
        0.0000000000
        0.0000000000
     1392.2609771655
     6173.0345346556
     5869.1098472011
     5597.6734167370
     5322.4200329454
     5502.4594484904
    37910.0780734392
    34299.3165527696
    30945.5087819500
    25734.5812549229
    19327.5271382698
    13149.9136946316
    93061.3706137462
    65426.7858689475
    47529.2496104322
    36689.6877038796
    26250.5233576982
   162681.3577668018
   124964.1484998836
    95862.6578659256
    79874.3411563255
    66437.3229952220
    48137.0520293362
   233960.0248119079
   174437.4369528227
   136547.6077037451
   107734.2072393849
    71189.4805976485
   290996.8951380576
   218377.8544027988
   171122.3591048763
   140384.7402379111
   114789.1137036525
    87113.3221728025
   340572.2720890979
   265723.5071203976
   210403.8060967732
   172051.7238938949
   139863.0838212220
   107904.1817442041
   377259.9495402945
   296904.1338073578
   234886.2568976769
   185637.4044268153
   142489.0426466848
   428432.2952302273
   344413.4774649867
   279722.0980664165
   233648.9141031791
   197518.2864680114
   161220.7926334047
   461073.3657656222
   377868.5977156436
   308491.3385368429
   246813.9068477112
   198492.0731387238
   510536.5531281579
   429332.9199251957
   354411.3820700679
   308167.4858987405
   262234.2325846457
   225990.6110925086
   542797.9041784542
   459231.8030518781
   392324.3847423363
   322923.2178440656
   265013.1992944579
   590297.5569144678
   521700.8075792957
   443712.6610051333
   385151.3130082150
   338408.8122266632
   297245.9949068551
   622536.7637415748
   551019.2964806913
   482295.8814510389
   449816.0447460461
   382549.4722280603
   719415.6781679644
   649445.4695990451
   591398.0978590141
   558176.2821316092
   539517.8294127258
   518663.1191422258
   877191.9643379672
   778400.3841459120
   720565.0732658815
   685349.6223107575
   652878.1804518604
   589005.3519228681
   919205.7123416691
   856166.0006867892
   784968.0426268252
   742198.9524190510
   678682.7414866429
  1012711.3706724632
   913214.3283642759
   852333.8076497295
   775606.2073527675
   734920.7718732356
   700360.6768119137
  1057854.7202121920
  1017922.5659279608
   905016.6478401140
   795340.8453342572
   736722.1234617364
  1023018.3973951906
   934362.8824989388
   881935.5900656725
   818334.0167710898
   765583.2999433530
   722964.3444679753
  1024600.2695559300
   971612.3791928707
   928418.5449241021
   898120.2244836538
   820435.5689817993
  1093312.8467680882
  1003418.6233567938
   941543.1325831956
   895368.7676845953
   869561.2249456011
   823162.5049249190
  1087159.1062245835
   990395.3368738117
   913549.8887002600
   847320.5232701325
   758876.8906296565
  1015066.3127621410
   925297.5831788691
   849287.6173745815
   805651.9072920412
   766366.5988105095
   708207.6116087160
   952554.8709683710
   891945.9504784483
   839955.4925939769
   789848.1942191847
   739006.4570466039
   641977.7862211205
   909562.0384963452
   828554.0354212930
   746599.7349718033
   670587.4447345148
   597784.8038403201
   907605.0690046261
   862847.7925867764
   820037.7373205655
   736478.3198964093
   679692.6114478875
   620722.0431610547
   880910.7546163086
   733662.9074099862
   626714.2138686683
   540957.6363626770
   458473.6200243157
   738685.9884315000
   693246.9979443422
   657814.6479033951
   606779.0442323005
   566263.5488036326
   525888.0218336101
   809190.4475606044
   724085.1489356613
   619699.5381574034
   535651.2543573069
   454837.6061272062
   694946.1114078951
   610765.8383191084
   519533.9322664349
   455139.5116518073
   392777.7961364525
   336956.8787079141
   554685.4231183854
   502315.5520793214
   459775.5494841922
   420679.3228338782
   355237.8144525438
   556188.2437724372
   479865.9868204047
   407819.8019862009
   347623.2938516682
   298931.8538893023
   259113.8189353008
   446982.0897765190
   398024.5463924139
   352716.1461231817
   315389.4591109973
   281813.9522106585
   244834.8706043684
   410075.6808182740
   363356.6090743691
   317111.2500997245
   272549.8189295962
   230869.7781433128
   368431.6950487404
   320000.9583279773
   278007.0950306910
   238010.1827402252
   199017.2666876319
   166247.1708311503
   292360.3861542210
   258171.3302947368
   227124.5304943033
   198600.1985629568
   167037.0875897581
   273598.2008833889
   233032.2019726261
   194708.5823065465
   160086.9449261046
   132332.2252563633
   108035.9124315855
   189045.0757170083
   162392.2811462503
   138106.5730985551
   117762.2249949409
   100776.4733328201
   176406.1671583085
   159429.1333625963
   145015.1814475841
   131462.7933675347
   117637.6892487124
   101998.3456371553
   167461.5497054805
   146936.4421185667
   127460.7660987496
   109288.8171831629
    89120.5334686615
   140336.9438010427
   117561.2692725991
    97625.1979837303
    81669.8222466557
    68871.8838536425
    57870.7865629438
   101696.2732812437
    87138.6583986193
    74355.3689386836
    63285.2308303157
    53355.6819647408
    43555.3684136540
    77684.7279666388
    66454.7458656345
    54520.1203035648
    45597.8989038946
    36431.0787565116
    65429.9983929068
    55259.9391825259
    48125.4782522349
    41088.8380359757
    36281.5239768076
    31178.4175302462
    54173.3713595040
    47730.6822711204
    41035.7406257990
    35373.9070437650
    30786.7771821219
    48719.4505319070
    42224.3263362735
    37595.5920812998
    32852.8744906190
    28669.9896837123
    24631.3187447421
    37309.9394727056
    32557.3765988499
    28226.8566798582
    25096.5322230414
    21910.8355912620
    31088.4599564240
    28007.9716235274
    25068.6459222426
    22122.4035906733
    18886.0539626136
    16220.7747119192
    22091.9298085985
    19962.9621038985
    17986.9224027328
    16037.8873088838
    14016.4204928891
    17684.1965533066
    16172.1354829183
    14788.8161705863
    13749.7593659922
    12714.2246956612
    11554.3276365239
    13666.3952637634
    12657.4059863831
    11700.0847015162
    10778.9500706851
     9997.5886882629
     9013.5298837479
    11256.2049489693
    10097.3718658602
     9099.6708903025
     8393.8267393340
     7416.3313970040
     9379.2199703773
     8590.6532823092
     7929.1754916562
     6904.2773127211
     6211.2741719511
     5670.7293962300
     6919.8562821073
     6292.4281744347
     6035.8916148636
     5587.7525142155
     4938.4212127180
     5800.2246850525
     5624.7423433104
     5387.1143332648
     4930.8801065977
     4590.5996205118
     4352.3173096198
     5223.0235729584
     5009.8832412999
     4780.2638253048
     4622.5997959610
     4456.8164196348
     5391.2890069304
     5165.7252515255
     4822.0502454816
     4546.2731186807
     4334.6617179577
     4125.4952491035
     4931.5934418174
     4755.6954561934
     4588.2570773297
     4451.4468654811
     4224.8555538238
     5056.3204905901
     4873.8011385511
     4691.2827314268
     4508.7652863086
     4326.2487134691
     4143.7331537031
     4975.1996678190
     4792.6810268421
     4610.1632049722
     4427.6468964890
     4245.1309143172
     4062.6158407510
     4894.0823157773
     4711.5634146588
     4529.0452993050
     4346.5282637283
     4164.0133341860
     4995.4780343907
     4812.9590032839
     4630.4416570700
     4447.9248694703
     4265.4086575680
     4082.8946609122
     4914.3610698133
     4731.8418186948
     4549.3243901222
     4366.8075120377
     4184.2926880521
     5015.7573418997
     4833.2385011437
     4650.7203512111
     4468.2034145565
     4285.6876208832
     4103.1743771416
     4934.6410836008
     4752.1220894709
     4569.6038821119
     4387.0867272536
     4204.5719052269
     5036.0368537856
     4853.5177064745
     4670.9991094555
     4488.4818758687
     4305.9665925078
     4123.4539168864
     4954.9206776549
     4772.4003704422
     4589.8804702608
     4451.4388346218
     4224.8497983845
     5056.3144744272
     4873.7941533787
     4691.2756989061
     4508.7597888420
     4326.2456881070
     4143.7335363060
     4975.1962232937
     4792.6737901241
     4610.1561595996
     4427.6414265394
     4245.1273251799
     4062.6144030604
     4894.0728571987
     4711.5521614338
     4529.0365962713
     4346.5217677243
     4164.0087648775
     4995.4623704901
     4812.9466805840
     4630.4334471001
     4447.9209995766
     4265.4090672995
     4082.8959741473
        0.0000000000
        0.0000000000
