!------------------------------------------------------------!
  Date: 20191122
  Simulation name: CWZ7 
  Filename:KEbyx.txt                                                                                                                                             
  Produced in mod-subroutine:  massdist/energypotential                                                                                                                              
  Written by AK September 2019
  Description: Integrates by width K energy necessary height                                                                                                        
  Data format: RMAX by t kinetic energy (J)                                                                                                                         
!------------------------------------------------------------!
        0.0000000000
   440044.8498490767
        0.0000000000
        0.0000000000
        0.0000000000
        0.0000000000
        0.0000000000
        0.0000000000
        0.0000000000
        0.0000000000
        0.0000000000
        0.0000000000
        0.0000000000
        0.0000000000
        0.0000000000
        0.0000000000
        0.0000000000
        0.0000000000
        0.0000000000
        0.0000000000
        0.0000000000
        0.0000000000
        0.0000000000
        0.0000000000
        0.0000000000
        0.0000000000
        0.0000000000
        0.0000000000
        0.0000000000
        0.0000000000
        0.0000000000
        0.0000000000
        0.0000000000
        0.0000000000
        0.0000000000
        0.0000000000
        0.0000000000
        0.0000000000
        0.0000000000
        0.0000000000
        0.0000000000
        0.0000000000
        0.0000000000
        0.0000000000
        0.0000000000
        0.0000000000
        0.0000000000
        0.0000000000
        0.0000000000
        0.0000000000
        0.0000000000
        0.0000000000
        0.0000000000
        0.0000000000
        0.0000000000
        0.0000000000
        0.0000000000
        0.0000000000
        0.0000000000
        0.0000000000
        0.0000000000
        0.0000000000
        0.0000000000
        0.0000000000
        0.0000000000
        0.0000000000
        0.0000000000
        0.0000000000
        0.0000000000
        0.0000000000
        0.0000000000
        0.0000000000
        0.0000000000
        0.0000000000
        0.0000000000
        0.0000000000
        0.0000000000
        0.0000000000
        0.0000000000
        0.0000000000
        0.0000000000
        0.0000000000
        0.0000000000
        0.0000000000
        0.0000000000
        0.0000000000
        0.0000000000
        0.0000000000
        0.0000000000
        0.0000000000
        0.0000000000
        0.0000000000
        0.0000000000
        0.0000000000
        0.0000000000
        0.0000000000
        0.0000000000
        0.0000000000
        0.0000000000
        0.0000000000
        0.0000000000
        0.0000000000
        0.0000000000
        0.0000000000
        0.0000000000
        0.0000000000
        0.0000000000
        0.0000000000
        0.0000000000
        0.0000000000
        0.0000000000
        0.0000000000
        0.0000000000
        0.0000000000
        0.0000000000
        0.0000000000
        0.0000000000
        0.0000000000
        0.0000000000
        0.0000000000
        0.0000000000
        0.0000000000
        0.0000000000
        0.0000000000
        0.0000000000
        0.0000000000
        0.0000000000
        0.0000000000
        0.0000000000
        0.0000000000
        0.0000000000
        0.0000000000
        0.0000000000
        0.0000000000
        0.0000000000
        0.0000000000
        0.0000000000
        0.0000000000
        0.0000000000
        0.0000000000
        0.0000000000
        0.0000000000
        0.0000000000
        0.0000000000
        0.0000000000
        0.0000000000
        0.0000000000
        0.0000000000
        0.0000000000
        0.0000000000
        0.0000000000
        0.0000000000
        0.0000000000
        0.0000000000
        0.0000000000
        0.0000000000
        0.0000000000
        0.0000000000
        0.0000000000
        0.0000000000
        0.0000000000
        0.0000000000
        0.0000000000
        0.0000000000
        0.0000000000
        0.0000000000
        0.0000000000
        0.0000000000
        0.0000000000
        0.0000000000
        0.0000000000
        0.0000000000
        0.0000000000
        0.0000000000
        0.0000000000
        0.0000000000
        0.0000000000
        0.0000000000
        0.0000000000
        0.0000000000
        0.0000000000
        0.0000000000
        0.0000000000
        0.0000000000
        0.0000000000
        0.0000000000
        0.0000000000
        0.0000000000
        0.0000000000
        0.0000000000
        0.0000000000
        0.0000000000
        0.0000000000
        0.0000000000
        0.0000000000
        0.0000000000
        0.0000000000
        0.0000000000
        0.0000000000
        0.0000000000
        0.0000000000
        0.0000000000
        0.0000000000
        0.0000000000
        0.0000000000
        0.0000000000
        0.0000000000
        0.0000000000
        0.0000000000
        0.0000000000
        0.0000000000
        0.0000000000
        0.0000000000
        0.0000000000
        0.0000000000
        0.0000000000
        0.0000000000
        0.0000000000
        0.0000000000
        0.0000000000
        0.0000000000
        0.0000000000
        0.0000000000
        0.0000000000
        0.0000000000
        0.0000000000
        0.0000000000
        0.0000000000
        0.0000000000
        0.0000000000
        0.0000000000
        0.0000000000
        0.0000000000
        0.0000000000
        0.0000000000
        0.0000000000
        0.0000000000
        0.0000000000
        0.0000000000
        0.0000000000
        0.0000000000
        0.0000000000
        0.0000000000
        0.0000000000
        0.0000000000
        0.0000000000
        0.0000000000
        0.0000000000
        0.0000000000
        0.0000000000
        0.0000000000
        0.0000000000
        0.0000000000
        0.0000000000
        0.0000000000
        0.0000000000
        0.0000000000
        0.0000000000
        0.0000000000
        0.0000000000
        0.0000000000
        0.0000000000
        0.0000000000
        0.0000000000
        0.0000000000
        0.0000000000
        0.0000000000
        0.0000000000
        0.0000000000
        0.0000000000
        0.0000000000
        0.0000000000
        0.0000000000
        0.0000000000
        0.0000000000
        0.0000000000
        0.0000000000
        0.0000000000
        0.0000000000
        0.0000000000
        0.0000000000
        0.0000000000
        0.0000000000
        0.0000000000
        0.0000000000
        0.0000000000
        0.0000000000
        0.0000000000
        0.0000000000
        0.0000000000
        0.0000000000
        0.0000000000
        0.0000000000
        0.0000000000
        0.0000000000
        0.0000000000
        0.0000000000
        0.0000000000
        0.0000000000
        0.0000000000
        0.0000000000
        0.0000000000
        0.0000000000
        0.0000000000
        0.0000000000
        0.0000000000
        0.0000000000
        0.0000000000
        0.0000000000
        0.0000000000
        0.0000000000
        0.0000000000
        0.0000000000
        0.0000000000
        0.0000000000
        0.0000000000
        0.0000000000
        0.0000000000
        0.0000000000
        0.0000000000
        0.0000000000
        0.0000000000
        0.0000000000
        0.0000000000
        0.0000000000
        0.0000000000
        0.0000000000
        0.0000000000
        0.0000000000
        0.0000000000
        0.0000000000
        0.0000000000
        0.0000000000
        0.0000000000
        0.0000000000
        0.0000000000
        0.0000000000
        0.0000000000
        0.0000000000
        0.0000000000
        0.0000000000
        0.0000000000
        0.0000000000
        0.0000000000
        0.0000000000
        0.0000000000
        0.0000000000
        0.0000000000
        0.0000000000
        0.0000000000
        0.0000000000
        0.0000000000
        0.0000000000
        0.0000000000
        0.0000000000
        0.0000000000
        0.0000000000
        0.0000000000
        0.0000000000
        0.0000000000
        0.0000000000
        0.0000000000
        0.0000000000
        0.0000000000
        0.0000000000
        0.0000000000
        0.0000000000
        0.0000000000
        0.0000000000
        0.0000000000
        0.0000000000
        0.0000000000
        0.0000000000
        0.0000000000
        0.0000000000
        0.0000000000
        0.0000000000
        0.0000000000
        0.0000000000
        0.0000000000
        0.0000000000
        0.0000000000
        0.0000000000
        0.0000000000
        0.0000000000
        0.0000000000
        0.0000000000
        0.0000000000
        0.0000000000
        0.0000000000
        0.0000000000
        0.0000000000
        0.0000000000
        0.0000000000
        0.0000000000
        0.0000000000
        0.0000000000
        0.0000000000
        0.0000000000
        0.0000000000
        0.0000000000
        0.0000000000
        0.0000000000
        0.0000000000
        0.0000000000
   440044.8498490767
   454499.5974921973
   438037.0495080538
   434943.7752831074
   452708.6224227434
   422569.2737335015
   458473.4636069809
   462563.4074193609
   480836.0323583633
   475150.1711343645
   476936.5561653884
   465581.4882812522
   546745.1386900876
   549327.3610825734
   527833.2575499995
   502238.4565343373
   468184.6367283505
   545789.1980259123
   522867.0625816321
   459933.4975695843
   422810.0663418729
   378212.3117179949
   327860.4932583600
   449399.8961431672
   374390.3684026379
   322761.6544114002
   289639.0130607448
   219469.7644016669
   297026.1957325974
   226386.4148793170
   160201.5357905080
   116981.1373312761
    90723.9181603967
    68078.7207373834
    89718.8847664767
    62350.9223608707
    46058.6416952662
    33506.0504061520
    25368.2732666100
    19079.6803987686
    24143.8780916529
    17285.1478851446
    14026.2792972874
    13196.9952438679
    12555.7158538436
    11331.5587599331
     7256.9760847741
     2208.1106695865
      580.9796267934
      247.3201156127
       95.9737201588
       77.0455416841
       65.4788757215
       34.1810597035
       41.8441509140
       24.1060687288
       29.4944746434
       20.7270418106
       25.2868846100
       18.6992530393
       23.3638444342
       17.6411495904
       17.5426113672
       20.1598761437
       16.9228708003
       16.6740865498
       16.5106628376
       18.2190260361
       16.0276322167
       15.7638615115
       15.4813452438
       15.2728496937
       14.9894905173
       14.5665132169
       14.3007736350
       14.0638612705
       13.8503073351
       13.5936870003
       13.1989519877
       12.9566688709
       12.7393938443
       12.5518087013
       12.3546927882
       12.0994217221
       11.6140413824
       11.3374677622
       11.0214744706
       10.8117032198
       10.6111600920
       10.4539937806
        9.9294429597
        9.5901504255
        9.3771463380
        9.1470514177
        8.9984138898
        8.4912857902
        8.2186158604
        7.9999211788
        7.8937214652
        7.7561805169
        7.6456925485
        7.2162868693
        6.9059591841
        6.6907205414
        6.5470968652
        6.4263793676
        5.9933721562
        5.7209753479
        5.5315606613
        5.4216515928
        5.3255586836
        5.2755524519
        4.9310893842
        4.6884512299
        4.5516182684
        4.4600385219
        4.4544536430
        4.1899116429
        4.0264689808
        3.9707636756
        3.9915263592
        4.0299455117
        4.1334026137
        4.0004708805
        3.9078324115
        3.9127793726
        3.9864101907
        4.1395302223
        4.0458882462
        3.9739476025
        3.9995094056
        4.0774731888
        4.1394566330
        4.2340992848
        4.0994175026
        3.9070429696
        3.8194413722
        3.7722721596
        3.7085699967
        3.7126618970
        3.4380330374
        3.1492677650
        2.9593275680
        2.8232655500
        2.8074945526
        2.5577015007
        2.3014185509
        2.1565403640
        2.1106543531
        2.0041013284
        2.0305453170
        2.0015621849
        1.7979400889
        1.7168100112
        1.6968461623
        1.8332385144
        1.8198874014
        1.6951000973
        1.6619501856
        1.7003233560
        1.6957718928
        1.8396088561
        1.9103324447
        1.8058814100
        1.8125214364
        1.8060105028
        1.9612754519
        2.0471423887
        1.9416711536
        1.9462478540
        1.9240121949
        1.9581014576
        2.1330998405
        2.2247419417
        2.1185910297
        2.0930430237
        2.1552632530
        2.2829053793
        2.3631042055
        2.2432913681
        2.2017816915
        2.1864976623
        2.1998114951
        2.3547541393
        2.4111361802
        2.2738103024
        2.2082410901
        2.1912460095
        2.1902360155
        2.3311671583
        2.3676122515
        2.2333518511
        2.1657524661
        2.1395419442
        2.2938656590
        2.3377680052
        2.2291851682
        2.1943957584
        2.1804955007
        2.2057165253
        2.3818740182
        2.4749032493
        2.4245512718
        2.4220947815
        2.4780775914
        2.6923895111
        2.8187834514
        2.8380899304
        2.8988500929
        2.9810067997
        3.1043436187
        3.3231525443
        3.4653762550
        3.5752262140
        3.6804339876
        3.8136746494
        4.0611804067
        4.2470360578
        4.3362579370
        4.4561664588
        4.6067783400
        4.7663973859
        4.9381165524
        5.0395463460
        5.1889179984
        5.3393984117
        5.4803332536
        5.5629569167
        5.5766372266
        5.7058887030
        5.8164602013
        5.9150004404
        5.9811033758
        5.9218274243
        5.8018423910
        5.9317274324
        5.9020240118
        5.9824398864
        5.9933622030
        5.8178654794
        5.5983967647
        5.6971113762
        5.6988800141
        5.6888234903
        5.4646066299
        5.2695350210
        5.3234133331
        5.3705141671
        5.3713163758
        5.3851074504
        5.1450522436
        4.9113684491
        5.0412048818
        5.0734855485
        5.0583546548
        4.8741612017
        4.6541633945
        4.7438564805
        4.8309090856
        4.8586705243
        4.8553582188
        4.6292387784
        4.4299703408
        4.5561096723
        4.6212506418
        4.6757707621
        4.4275736979
        4.2072165296
        4.3265162339
        4.3865469564
        4.4450650778
        4.4503918962
        4.2136859652
        3.9708536145
        4.0771680675
        4.1281212847
        4.1303382222
        3.9022992264
        3.6395119508
        3.7267723702
        3.7571087276
        3.7828198825
        3.7617109571
        3.5247823607
        3.2440671202
        3.3168821896
        3.3210003121
        3.3219919210
        3.2797890610
        3.0444866905
        2.7861875634
        2.8266978550
        2.8209477799
        2.7816627550
        2.5752041865
        2.3576040701
        2.3895254455
        2.3678935200
        2.3358403381
        2.3007557050
        2.1354538049
        1.9349573248
        1.9770350451
        1.9653278447
        1.9306795654
        1.7718768312
        1.6475542768
        1.6762149290
        1.6502194706
        1.6022448171
        1.5766405744
        1.4653045828
        1.3784022279
        1.4287590949
        1.4062246168
        1.4077337297
        1.3334485395
        1.2841376868
        1.3498012425
        1.3197312198
        1.3398130424
        1.3524080250
        1.3299943201
        1.2970322391
        1.3956404341
        1.4824161212
        1.5823993690
        1.5418637632
        1.5391817025
        1.6596605336
        1.7375597867
        1.8372251045
        1.9520823654
        2.0441193446
        2.0887656244
        2.2966775554
        2.4536721600
        2.4882397221
        2.8627780079
        3.0401829163
        3.1646762831
        3.5044613270
        3.8237746720
        4.1541658930
        4.1346839913
        4.5829202496
        5.0848204617
        5.1312726338
        5.8176784143
        6.3443337331
        6.3762950749
        6.9604842249
        7.6514716607
        7.7168678664
        8.6369190039
        8.7262322937
        9.4474536065
        9.6659642823
       10.5758907872
       10.6804309232
       11.6547473307
       11.6081565595
       11.9294957199
       12.8860545600
       12.9011456009
       13.3573248056
       13.7911486566
       14.3393393667
       14.3393861781
       14.6411059153
       14.9378076534
       15.2160877726
       15.4644152527
       15.4899082248
       15.6713783513
       15.8168913486
       15.9267397277
       16.0134945347
       15.8742113449
       15.8668202482
       15.8538909967
       15.8144955723
       15.7457329815
       15.6678178152
       15.4003618813
       15.2561358187
       15.1174005284
       14.9753341188
       14.8207181677
       14.6639455455
       14.3148146261
       14.0949763941
       13.9049905093
       13.6830368417
       13.4552364034
       13.0371834382
       12.7697438773
       12.4897765217
       12.2206731954
       11.9307522336
       11.6281522202
        0.0000000000
        0.0000000000
        0.0000000000
   440044.8498490767
   450570.0871604412
   425293.4360124073
   406420.9581396426
   405369.4869246170
   382794.1801141241
   407543.3735470723
   399145.6354425433
   410342.8999991883
   397493.9526650268
   395092.7491105180
   386286.9771750714
   422711.6787935020
   425701.3980929946
   411788.8745232714
   404654.9486846181
   388884.2493291622
   424463.8683077255
   423367.7612676549
   404324.3559430052
   396189.9414453580
   384618.6357570817
   362915.7135278332
   399231.1688363164
   382298.1413331985
   366815.2913283549
   360873.0409217765
   333918.9201232952
   363607.4525433587
   341147.2307384050
   324420.6960902805
   311993.9747111846
   296584.4436538625
   273956.6822226067
   301853.4896361107
   280402.9093528358
   260642.1947694069
   237641.0173968579
   224314.6964612039
   209972.0515975963
   247454.5701571339
   231258.6865841063
   214840.8133917340
   204429.4090320805
   177638.9782364619
   214628.4445585894
   206595.2761402520
   180597.7911894486
   178245.0877539445
   182914.6379148488
   168649.0994306316
   201491.8979803570
   197060.4797089311
   170300.9239308428
   170050.0700181023
   146898.8988613879
   155965.2574176372
   125416.9942529887
   118476.4137716024
    92790.0150433662
    93837.7474879592
    72185.8153256042
    68945.5096118597
    65437.6765567698
    54743.3483647364
    50139.4648023746
    47276.6314221444
    50571.0831264584
    45128.8681404594
    41710.7079294332
    38813.6309454718
    35184.0652535515
    31447.7059420990
    30865.3971996090
    28014.2109543052
    25870.5687484732
    24234.7768569344
    22810.3467945739
    25897.5261649837
    25093.0487809541
    24262.1510228624
    23276.4527544327
    22395.4737607183
    21509.3049293417
    27034.7968854885
    25529.3035653513
    24371.0060258447
    23459.6508219552
    22407.3784015025
    20631.8542412169
    24088.3907062613
    22039.8021242359
    20200.5986739505
    18798.2699486855
    17436.9630743143
    19873.5108211080
    18789.3147787118
    18067.3406341630
    17686.6096892304
    17323.2010447657
    17004.1068811379
    19699.2585195044
    20157.8096750281
    20691.2116070364
    20988.8633363910
    20702.9891000657
    21414.0934255172
    20002.5432362575
    18318.2427362522
    16671.9737371820
    14799.0354243132
    12075.4763351397
     9041.5586173763
     5663.9074177399
     3304.2990569369
     2158.9720322743
     1637.9077340096
     1378.7881643962
     1123.9690471122
      934.6801652624
      790.5860251136
      674.3840142843
      572.7074981614
      498.6706381751
      428.1026374814
      372.1906821941
      326.5384303789
      285.0555783936
      246.8968456905
      217.3351802195
      193.2434873501
      173.3949091497
      155.8444504435
      138.6357126490
      120.8345786583
      107.7017149615
       96.6754309474
       87.3601194016
       78.7950677198
       70.3351878229
       60.0786271557
       53.0280910857
       47.0432719017
       41.7380054176
       36.7916895876
       30.2767154906
       26.4525937919
       23.2397016872
       20.7091946146
       18.3855747625
       16.0829220769
       12.9824427929
       11.4243519890
       10.1348900152
        9.0539744689
        8.1577332037
        6.6337153893
        6.0828767170
        5.6833813877
        5.4159717116
        5.1829862218
        4.8641014519
        4.1975740206
        4.2181564010
        4.2722686085
        4.3424352800
        4.2586897095
        3.9249006912
        4.1547269871
        4.3519677188
        4.5423189694
        4.6534853871
        4.6208548595
        4.3982244683
        4.6973069057
        4.9610403685
        5.2493108187
        5.2717875866
        5.1134739114
        5.4527160789
        5.7432643733
        5.9586405927
        6.1201150938
        6.1134548457
        5.9367657036
        6.3042258930
        6.6159244140
        6.8506065542
        6.9692047508
        6.8967617836
        6.7099781789
        7.0933595232
        7.4100727755
        7.6346790183
        7.6164474990
        7.3886691183
        7.6833476602
        7.9425551169
        8.1200551277
        8.2196055664
        8.1746411039
        7.9540606827
        8.2093854480
        8.4203108846
        8.5527600662
        8.4821563079
        8.2585365572
        8.4395627039
        8.5757730243
        8.6514930501
        8.6916813005
        8.6113257243
        8.4065186564
        8.4944573203
        8.5279282851
        8.5660690954
        8.5010720329
        8.2873545044
        8.2947047891
        8.3100580231
        8.3027165169
        8.2485049117
        8.1780228842
        7.9996685713
        7.9459195484
        7.8861173157
        7.8367881649
        7.7915123625
        7.6542192892
        7.5628831824
        7.4783209277
        7.4049171098
        7.3433475846
        7.3420857859
        7.2154724203
        7.1353160012
        6.9978328239
        6.9257680350
        6.8501799417
        6.8932440319
        6.7632263448
        6.6062108545
        6.4960353203
        6.3927587430
        6.4333834189
        6.3033702237
        6.1600878438
        6.0498158526
        5.9854745503
        5.9413784657
        5.9746859510
        5.8521334925
        5.7176784796
        5.6022072718
        5.5566543578
        5.6398215078
        5.4689856701
        5.3501835350
        5.3003748950
        5.2483992038
        5.2361154317
        5.3257565686
        5.1537560738
        5.0510499556
        5.0128856455
        5.0224465441
        5.0936449859
        4.8885584654
        4.8043571764
        4.7843777924
        4.8029311125
        4.8345723475
        4.9350376181
        4.7007655352
        4.6141292115
        4.5911162578
        4.5848246440
        4.6970304503
        4.4311844526
        4.3634931144
        4.3670031495
        4.4066471139
        4.4471088677
        4.5261874673
        4.2578636212
        4.1924806917
        4.1924928305
        4.2186143103
        4.2505092722
        4.3409996061
        4.0283816457
        3.9384733393
        3.9071411418
        3.9148715138
        3.9955994413
        3.6760722324
        3.6005317632
        3.6044658443
        3.6271705747
        3.6550360995
        3.7072363316
        3.4003714635
        3.3150358921
        3.2764054732
        3.2919131814
        3.3581688211
        3.0752122632
        3.0043831406
        3.0211103448
        3.0185438351
        3.0327920358
        3.0939311124
        2.8293628932
        2.7794700175
        2.7168292561
        2.7057036237
        2.7638793475
        2.5195642107
        2.4914418280
        2.4412569237
        2.4263669878
        2.4108494023
        2.4593757023
        2.2602009332
        2.1607183683
        2.0835194633
        2.1087122165
        2.1199814517
        1.9524911405
        1.8721832867
        1.8269506417
        1.7837055207
        1.7529163483
        1.7923863832
        1.6539516761
        1.5706626163
        1.5295828333
        1.4541882637
        1.4134235206
        1.4094661107
        1.2706644881
        1.1793064229
        1.1125342557
        1.0821475386
        1.0762046425
        0.9559737670
        0.8912032860
        0.8351308462
        0.7969679000
        0.7653475953
        0.7666789456
        0.6615507984
        0.6181449697
        0.5950809373
        0.5869688310
        0.5830927974
        0.5164419978
        0.5053475195
        0.5069221153
        0.5161171118
        0.5325563908
        0.5543377639
        0.5175716229
        0.5354688535
        0.5476418207
        0.6123294479
        0.6234625093
        0.5803156140
        0.5939426022
        0.6495718488
        0.6808799726
        0.7064752112
        0.7342402633
        0.6984761178
        0.7279910574
        0.7616708318
        0.8016714951
        0.8270463445
        0.7859831799
        0.8113751426
        0.8407374966
        0.8686412563
        0.8955676081
        0.9220094357
        0.8687503561
        0.8976069703
        0.9351418434
        0.9606571310
        0.9783516719
        1.0171682706
        0.9524859322
        0.9690315151
        1.0011681074
        1.0202590186
        1.0516234337
        0.9678178268
        0.9922218407
        1.0048392597
        1.0402315539
        1.0477446593
        1.0466939775
        0.0000000000
        0.0000000000
        0.0000000000
        0.0000000000
   447999.4985711324
   418927.6355173858
   398683.1448713218
   390536.8248828827
   363357.2679839446
   385535.2752490833
   373741.5615854886
   381859.9839843105
   366054.6363361114
   361430.2046973089
   348863.4191337777
   373323.5827139439
   374642.0454311343
   358527.0792511181
   348902.1608058604
   335091.0764362920
   351882.4630937102
   350045.1765587360
   332700.8352221768
   321903.1345167678
   310362.6576498314
   295459.4176444979
   307113.1878599518
   293804.7659148091
   283279.2337689811
   280454.3222475191
   255507.4455695477
   256171.3448183241
   241480.6477725021
   229218.1941182143
   219069.8126690791
   210114.3407230806
   199494.7510829603
   200252.9065809082
   184780.4974052222
   174198.3946683244
   160617.0362434125
   155422.0051058958
   149269.4926083980
   158056.5548140351
   144871.1544779036
   134223.6524191054
   127449.9381131447
   109961.3758670179
   141702.6220747773
   131280.6123298941
   111489.1986200701
   104647.8701330960
   103462.9871878349
    89838.3993521748
   136949.1722053417
   133219.6794638115
   114064.6230674765
   116129.9973214507
   106481.1361883516
   172481.1028248438
   160707.4626899098
   164538.3235564484
   156757.2613564532
   166282.1540926348
   163721.8167775889
   235124.2819713090
   243429.8916719815
   243493.2554130776
   247889.4000828894
   252540.0666579462
   340123.4243678872
   343341.1863332878
   349760.6134405797
   356351.4172059524
   362317.0254675767
   365042.5417513732
   461576.3385609555
   457265.9779958845
   453731.1586017124
   447749.9232608439
   436043.3137213323
   540147.8404727518
   532230.1866141252
   528054.3481571052
   524570.4519371685
   519663.1115354878
   508062.0707425715
   637744.9017585285
   631564.8071985383
   630803.2643247464
   626401.0658964583
   610317.4293610011
   577180.8727723481
   697713.0056795959
   648829.6843922726
   622969.6352184070
   608304.6770042472
   594342.8473587793
   765390.9183279928
   740494.5682404160
   703401.6013786094
   667998.1631381970
   630113.6722896261
   578251.8786996389
   727225.9781734654
   663927.5057806360
   617804.7787189621
   580423.2398804725
   537228.7106156858
   673557.0072785411
   618331.7054091286
   567913.1255698354
   523944.0353022317
   481495.2134433538
   435475.6931575646
   535774.2164441216
   475611.1847317893
   422446.2428605804
   375820.9780761938
   332485.0787782421
   412042.2848419696
   370271.9762130814
   330842.9956745221
   303055.8323712229
   280758.2421387683
   259753.7606455708
   329110.0703878625
   294613.0464959823
   264255.7592075628
   241032.5992266497
   218045.5044227207
   262552.8659978033
   236414.7997812411
   213439.7206332417
   193408.6800725324
   177996.4083272702
   158796.5526402926
   189417.9324768860
   167041.6337195037
   148566.6525681752
   133493.0752567552
   120194.7200465746
   104791.5259105973
   122036.5983114291
   108240.5802060062
    96360.3296026633
    84828.7175363876
    72921.0645629082
    77819.9195286837
    68710.0286605101
    60597.4679773999
    53470.1380264576
    46975.9801840666
    40599.7704281621
    40600.6763434777
    35419.9278065617
    31205.5492175953
    27712.5421151538
    24694.0811602677
    23189.7985412466
    20147.9493964213
    17181.8000633920
    14551.5595824440
    12297.3830904778
    10562.8336769864
    10485.6208267843
     9314.2021673200
     7945.5473586566
     7165.8257117609
     6594.0075427354
     7191.3824364138
     6487.6600435511
     5787.4331080566
     5273.4927619089
     4721.9323718044
     3952.2798011091
     3012.8794736410
     2334.2493038726
     2091.4057359434
     2410.2417319958
     1744.6640158072
     1473.0595781649
      884.3994823414
      571.2830992450
      518.4409577968
      704.9873041550
     1098.3632233992
     2210.4953670818
     2237.1048080624
     1873.8199943885
     1463.0097578212
      876.5924760259
      231.7717967687
       82.5277045890
       62.3291359717
       52.6809659750
       43.0591160005
       36.3920758518
       31.5770631266
       26.8290827189
       23.2139699206
       19.6974452646
       16.9068024140
       14.8571941997
       13.8959911789
       12.1613924754
       10.4274010776
        9.4904917073
        8.1780628672
        7.7750809274
        6.8883770509
        6.5747033288
        5.6391483057
        5.5208952328
        4.7065740326
        4.2984574057
        4.4251214801
        3.7825235076
        3.5670529470
        3.4193975181
        3.7781103126
        3.1038443603
        2.9730842162
        2.8948359822
        2.8371110036
        2.7841288185
        2.6874898311
        2.6880297320
        2.7089229294
        2.7375056136
        2.7693154076
        2.7560190714
        2.8051130203
        2.8687229578
        2.9353064814
        2.9897378978
        3.0273686932
        3.0938429972
        2.9806920801
        3.0795158761
        3.1928589687
        3.3787798569
        3.3008648668
        3.3629849576
        3.5337615053
        3.4739972058
        3.6605733551
        3.6474909936
        3.7726134157
        3.7446439857
        3.9831702754
        4.0014180276
        4.2354364180
        4.3128580146
        4.2577403036
        4.4239761946
        4.4698178551
        4.4683860219
        4.6756103258
        4.5795344788
        4.5578378513
        4.7773427992
        4.8313162180
        4.9328334169
        5.0325864043
        4.9384406879
        4.9472076439
        4.8871966452
        5.0111437808
        4.9982821698
        4.8076060946
        4.7926026530
        4.8330425504
        4.8966890258
        4.9330116307
        4.9617105551
        4.7246514842
        4.6512638742
        4.6240325958
        4.7080056732
        4.6457164930
        4.3486314456
        4.2721148825
        4.2550887730
        4.2686158659
        4.2607024057
        4.3708262059
        3.9789772740
        3.8905221763
        3.8465721672
        3.8260192325
        3.9119616466
        3.7830045723
        3.4705968635
        3.3333175759
        3.2349233216
        3.2614898236
        3.1211996228
        2.8148621141
        2.6961999866
        2.7244207765
        2.5922766027
        2.5498925929
        2.4858461058
        2.2632581290
        2.0957427468
        2.0024727275
        2.0275801589
        1.8793150887
        1.6654452733
        1.5756005433
        1.6233051757
        1.4811430261
        1.4501530065
        1.4004509462
        1.2380215098
        1.2652929145
        1.0897817634
        1.0521704523
        1.0113203961
        0.8831899755
        0.9495124368
        0.7927342551
        0.7752380484
        0.7354466552
        0.6906214575
        0.6031593085
        0.5489938274
        0.5188228464
        0.6155308205
        0.4569440555
        0.3799792305
        0.3389058324
        0.3111686792
        0.2913033770
        0.2759070237
        0.2615620242
        0.2370104254
        0.2380731542
        0.2474984289
        0.1010572815
        0.2856769626
        0.2937057285
        0.3560958842
        0.4500266370
        0.5618288242
        0.6713089762
        0.5614505537
        0.8625049627
        1.0650674704
        1.0413581117
        1.4225364628
        1.6925250710
        1.7192925854
        2.1704664900
        2.5760132765
        2.6817038416
        3.2407537116
        3.4087927224
        4.0191723294
        4.2864631847
        4.9354934378
        5.2066021950
        5.9038680324
        6.1575538602
        6.7094426919
        7.5038407867
        7.8375935468
        8.4047131895
        8.9869849554
        9.8013680197
       10.1511589387
       10.6920623512
       11.2437890734
       11.7928091948
       12.3340277544
       12.8778888191
       13.3749955841
       13.8385190257
       14.2738992990
       14.6774318604
       15.0426357206
       15.3389368294
       15.6122450366
       15.8403610217
       16.0181893642
       16.1426375519
       16.2069700714
       16.1954776461
       16.1795925434
       16.1131912975
       15.9992593179
       15.8300833965
       15.5714735130
       15.2759193815
       14.9801430310
       14.6326642161
       14.2413422292
       13.7579392644
       13.2947362291
       12.8186788945
       12.3317947066
       11.8206367505
       11.2937963740
        0.0000000000
        0.0000000000
        0.0000000000
        0.0000000000
    50234.6177279151
    48585.6814372718
    46917.2883635370
    48797.7396791809
    51833.1310420691
    60167.0977486610
    61169.9720307163
    64325.0937393851
    67950.7515950866
    68777.1298007029
    67231.1192542893
    77148.8112973756
    74715.3562821361
    70562.0167093574
    67766.2044583015
    64322.7560565917
    76250.6056676677
    72827.8083518142
    66914.5072764871
    64924.0767663519
    63620.2906240846
    62294.5949977314
    75190.7219918234
    74347.9969423396
    74180.6904221234
    75638.3129619961
    70539.7777676793
    81256.8040719363
    77170.4044039777
    74317.8844080759
    72359.0587134917
    71543.8865941666
    70861.1598758004
    81049.8416964713
    74879.6379413223
    70635.7472943828
    65700.3332622630
    65577.0218179903
    66481.9760595319
    80993.5644525990
    75016.5101235949
    70821.7719762868
    68795.8665913813
    62522.7194126304
    94650.0481224063
    86320.1149417250
    75273.2722402683
    71938.5057045381
    72673.0883847822
    67979.2113031031
   121045.7714754428
   115666.6824701293
   101400.9307668882
   100841.8223833382
    94775.0504372323
   189182.1396186013
   174417.2793216580
   171985.9485444448
   164351.1559585819
   169385.3541482473
   166464.8323301933
   292693.2360084847
   291174.2573179263
   284656.7739178753
   282506.7231596019
   281616.6289459274
   453769.5257371461
   445360.5579924156
   442258.5786521263
   440042.8738209050
   437585.6895765943
   432516.9548520166
   644045.0386186645
   639015.6663959053
   635424.0040778368
   630872.8686182315
   619208.7763167528
   869337.4703606600
   860003.7199294661
   851587.1590358806
   845397.6942480119
   835231.9752085363
   812625.0160623488
  1105083.6373150514
  1086035.3501720915
  1064356.8252571349
  1042939.5238567877
  1018576.7450773101
   981459.3196374085
  1302809.7270141160
  1264251.2167265569
  1224617.2282619912
  1180212.1346698650
  1122642.0111638270
  1464122.4598753103
  1416084.2391955501
  1364691.6017381530
  1310061.5845104826
  1253212.2324684998
  1179223.2341374047
  1542463.8049357550
  1456697.1822918879
  1372360.4525918858
  1278476.1719225354
  1174910.5175193164
  1533507.6179429619
  1444013.5916764680
  1351688.1759788459
  1262058.7520403990
  1167219.6513138742
  1070579.4778481862
  1482189.5457510774
  1374357.2838225837
  1270115.1544164270
  1153570.5839078943
  1032047.0704760967
  1388000.3409153672
  1282876.1332371829
  1165518.9932382328
  1064773.1575089199
   964203.0190745746
   876868.8428928804
  1229020.0422244554
  1130070.1152496380
  1015965.6358572604
   899566.0368408619
   796854.8519499988
  1021388.9060849691
   937388.8996420951
   842684.6125883793
   758132.5093174455
   683632.0907946908
   615427.8783089269
   779901.7289528317
   705240.5650318358
   626655.7562926218
   567697.2432140703
   525367.0300977920
   484715.9311685673
   578755.1417958463
   525433.7686997016
   453866.9644593990
   378927.6214447257
   319198.4946159291
   329633.5950743152
   300683.0750712779
   280387.5498124521
   246870.2036508272
   214193.1615437888
   184571.6236620521
   202527.1401426043
   180557.7529319189
   162169.8081798225
   145311.6668525445
   130489.7486871068
   128966.9718167027
   116136.8106590670
   105785.0685790786
    97017.6175726063
    86984.2853278707
    76664.4383930978
    81887.8675796051
    69556.3575611431
    57876.5146118097
    49791.0735951830
    41503.2567012489
    41759.9905052054
    34147.8765369555
    27061.6291068727
    20451.7437072760
    13689.8633271722
     8205.8426285435
     7340.8465738994
     5327.5306567864
     4187.9794309016
     3435.4235065333
     2318.6330120522
     4698.0114439731
     4185.6079623103
     3879.5262372837
     3501.9414592226
     3102.5990001082
     2687.9622095122
     4927.8154504337
     4173.8410833620
     3688.2063920423
     3297.7138854156
     2830.8182161148
     2517.8885887231
     4052.2099659375
     3151.7729447379
     2446.9058156341
     2033.7818758124
     1850.1114932729
     2275.1545189497
     2053.5496022739
     1930.9838608338
     1741.0926478769
     1573.3468798650
     1430.6431008630
     1868.0624783106
     1669.0794178104
     1439.8775243430
     1248.5445236054
     1086.6126945932
     1674.4969411633
     1587.1264056580
     1512.1626857903
     1393.5649101102
     1402.3903426983
     1499.7224876416
     1981.6269766980
     2089.7413900135
     2265.0121071582
     2506.4181440437
     2667.0048521468
     3381.0669973146
     3431.4353708255
     3524.2056229694
     3724.6227388215
     3950.4514184499
     4096.2785581384
     4527.7965622910
     4409.9175071252
     4288.2338893233
     4142.2000415870
     4015.5724507018
     4069.0100644978
     3847.2151606246
     3469.1015251077
     2968.1404273663
     2419.3291044121
     1865.0114611130
     1408.1140215003
     1049.2497911834
      803.0410157582
      643.0785219325
      542.0714427408
      469.0756464528
      411.6052013846
      343.9227817672
      301.1068527983
      277.1337382534
      244.4571916751
      220.0621287562
      201.4337851445
      187.3328211596
      175.1671427524
      164.4956920905
      152.8130707779
      141.8164855627
      133.0511680968
      125.1700884893
      117.7963031293
      110.1565471879
      101.4054862707
       95.2943511036
       90.2403938932
       85.2723578067
       80.4614607507
       75.0186829020
       69.0826627300
       64.6731334679
       60.7785499439
       57.1039914714
       52.8879048471
       48.1857965289
       44.9427019244
       42.0898764616
       39.5151341751
       36.9615561603
       34.1630071333
       31.0813834144
       28.7242907339
       26.6138555504
       24.5617343695
       22.5671319475
       20.2933152188
       18.6405393429
       17.1979092921
       15.9302551867
       14.7065130969
       13.4715889730
       12.1352407637
       11.0416330866
       10.0901857396
        9.2594414180
        8.4756374462
        7.7599477866
        7.0039554241
        6.2971683362
        5.6738850482
        5.1181361956
        4.6683659557
        4.1985848787
        3.7530926945
        3.3817393251
        3.0755352117
        2.8103491163
        2.6004640655
        2.3965256294
        2.1388902329
        1.9169311920
        1.7361593378
        1.6184637885
        1.5244814483
        1.3715915164
        1.2614604225
        1.1616375160
        1.0919469878
        1.0600560630
        1.0451517108
        0.9583460683
        0.8692605367
        0.8148001309
        0.8010851979
        0.7992591824
        0.7559014183
        0.7067351955
        0.6847423644
        0.6654110181
        0.6719810301
        0.6942048760
        0.6515364943
        0.6228835186
        0.6259494635
        0.6151360780
        0.6227260534
        0.5967671289
        0.5905987650
        0.5887343021
        0.5920765057
        0.6124744234
        0.6240166224
        0.6078495481
        0.6077133595
        0.5895643051
        0.6181645033
        0.6318897570
        0.6388457510
        0.6249494247
        0.6247622109
        0.6287469953
        0.6074943869
        0.6173702657
        0.6199242258
        0.5980318508
        0.6455592653
        0.6721951968
        0.6493657287
        0.6594379795
        0.6868584721
        0.6617220296
        0.7301778995
        0.7208229533
        0.7419246486
        0.7431001102
        0.8338188767
        0.8462376575
        0.9468647257
        0.9373645712
        0.9555779244
        1.0834680144
        1.1002244061
        1.1842723417
        1.2706146861
        1.3785490957
        1.4073005105
        1.4944798307
        1.5912338500
        1.6910072718
        1.7933806578
        1.8682938269
        1.9727518821
        2.0711547787
        2.1665733550
        2.2631858421
        2.3301991075
        2.4042109309
        2.4747782242
        2.5390019675
        2.5972410417
        2.6567564275
        2.6871307810
        2.7107230923
        2.7317190810
        2.7442049793
        2.7533031156
        2.7698313441
        2.7305257330
        2.6959300378
        2.6727102201
        2.6332936089
        2.5985577109
        2.5042788097
        2.4400944235
        2.3709337012
        2.3029169205
        2.2256021063
        2.1447510753
        0.0000000000
        0.0000000000
        0.0000000000
        0.0000000000
    21748.1092077517
    26615.0926883313
    25640.0377078953
    24746.8181447794
    24815.4568324013
    30544.1109095148
    28536.1696928618
    25793.3628793114
    22169.0277951896
    19132.5461589182
    17167.4467296291
    18908.7277299460
    18413.1400261675
    15185.2098838703
    13989.9084990548
    13069.3671278466
    15526.2728710541
    17149.4380785941
    14581.1963416754
    14089.8823442842
    13764.7392432527
    13135.7595216711
    15085.5312290297
    14474.7925148977
    14904.4010099352
    16557.6399814471
    15334.7284004359
    17692.7229880611
    16635.4141931277
    16775.8068540496
    16967.9441500553
    17078.2702344778
    16954.2652535549
    21140.7524904150
    19588.1815614776
    19170.3615940735
    18742.0065798964
    19015.4369935242
    19226.0612612032
    29015.7032436824
    26409.0354408236
    24692.0536671179
    23369.1265131712
    22009.7649396476
    44347.2077651661
    40394.6110300364
    37653.6499874056
    36740.8956024099
    35598.9066079309
    34125.7489930429
    76351.8423071983
    71021.3653973873
    64564.1668467175
    60197.5614215152
    55242.5833598251
   125595.0337916857
   114929.5635766427
   107868.3427248215
   101225.4028386636
    95988.8882858993
    88726.6791258646
   197500.5816957684
   186926.9518537472
   172610.1500277274
   158044.9598962031
   143239.8871855299
   298204.2138903517
   282520.6196646220
   268139.7154059254
   254507.2924574184
   239518.4580469554
   220788.4579024401
   431859.0720315175
   414529.2783886718
   394225.4190347249
   368594.7667815146
   334320.2643921859
   603217.5546630725
   577833.9397916512
   554483.6118309107
   530703.2717961253
   501503.4325589503
   461794.4740740393
   796280.3528367188
   765034.3376306426
   742108.3998233281
   715193.9677287004
   679581.9915546902
   620127.6792731563
  1004392.4025683729
   953861.7993600571
   903299.7328991756
   849090.0042312437
   780450.3450614802
  1198451.9717518918
  1142436.4904782297
  1086912.6768302862
  1031140.0126526667
   976136.2950149644
   900304.6792883688
  1306496.6308674305
  1226948.9118677818
  1152080.5678374285
  1084589.7904734905
  1007407.7039303626
  1426557.8002089593
  1361285.2035063019
  1291441.8696222361
  1225241.4619645649
  1155823.8230819213
  1075368.3438283838
  1426358.8417578870
  1337801.2802842997
  1249844.5067426751
  1156847.5660075990
  1059686.6487707982
  1382677.2219109538
  1316890.7987299447
  1254474.3132688112
  1187260.9765508105
  1117809.6637886071
  1031557.5211197161
  1297241.5684009881
  1224478.5643848837
  1138699.3769501857
  1055196.5728165687
   979082.9566183561
  1124817.0353250429
  1036559.6671631339
   970776.9377247582
   919022.6005903943
   865387.1508399199
   816486.6086828490
   914096.4679498890
   861191.9848594182
   790928.3699239206
   721524.6524385147
   672949.1430117014
   658680.3105394113
   754140.1104675112
   679021.9486388922
   593595.7595337956
   526553.8889705327
   476513.0462002993
   518838.2541103210
   489219.0770302198
   467696.6978484422
   422926.7607353305
   391705.5563825782
   352365.4475907103
   351567.6431427153
   294958.7201464672
   269795.5948220359
   256229.7441662776
   232206.2081137695
   242405.0221701484
   209870.5651674836
   183964.0842738784
   156581.4276603974
   136269.3286849511
   122367.3203798284
   143335.5538308445
   124393.7930189808
   113649.8568158980
   103148.6449626263
    87299.6503417216
   110924.9010630482
    93867.0331056074
    76772.0023121543
    63743.3283987424
    52235.9413756925
    40165.5278434788
    62768.2033719622
    55488.4900515206
    48527.1662873548
    41184.7386566718
    32452.5543164392
    47152.1660964065
    30866.8582968402
    18810.2821864695
    12265.5444777664
    10092.2596590478
     8708.6020763244
    14894.5862181896
    10402.7202613062
     7506.8941724625
     6604.1980929517
     5839.7436258191
     6125.6779463372
    13000.4212227024
    11172.6817226940
     9841.2741325844
     8929.5253112489
     8220.7076677977
    14417.7541073408
    12413.2844166269
    11486.4886098239
    10802.8949803388
    10548.2886259644
    10180.9200628194
    17726.7310604380
    16209.9613212545
    14592.9535387780
    13244.7128815053
    11981.1403552251
    18757.9759925263
    17220.1963112095
    15795.5702305909
    14400.2105714662
    13331.3807745877
    12363.1647938777
    20169.3188626065
    19283.5200814619
    18126.9676816292
    16860.2884811555
    15554.8130713407
    23154.3392167784
    21510.9054710740
    20106.8011198576
    18976.3149360041
    17813.5798492042
    16495.3506029688
    22940.3250826918
    21640.8132737244
    20353.0295067875
    19022.8020384934
    17686.4974285912
    21849.2078802492
    20354.3745521370
    18870.3601968045
    17607.5106383112
    16401.7223678190
    14876.9308805382
    17639.4414688007
    16505.5837509305
    15592.8848982953
    14781.6596374441
    14015.4514540984
    13157.7732339854
    15038.5513683180
    13923.8674587800
    12668.2772016721
    11249.1059825305
     9678.1189500778
    10058.0095418165
     9039.4233142809
     8325.7040827217
     7874.0263803861
     7638.6707374375
     7583.0375314788
     9242.1920785931
     9503.1167069624
     9473.2549708426
     8850.4981972267
     7792.5866363126
     6756.5013746619
     5932.2567720102
     5408.6504416573
     5053.6045251418
     4770.6013058945
     4476.0629848903
     3857.9754199550
     3331.9989321848
     2824.5743522588
     2502.0714860736
     2330.0775189785
     1922.6113152822
     1629.7799278991
     1457.8211558958
     1436.2742658678
     1378.2299488164
     1143.8232531922
      740.4549574650
      452.7568465387
      277.7036424564
      191.7048704609
      149.0760315067
      111.5852117271
       91.0135516632
       75.1903575030
       62.7604818050
       52.6988936230
       44.2833563866
       34.7294658112
       29.0322011178
       24.4133747377
       20.6863760858
       18.0403202045
       14.8965856958
       11.3634976797
        9.4067238478
        7.8612792410
        7.0917712779
        5.6698473305
        4.1194397439
        3.5077201994
        3.4529295249
        2.7607779209
        2.4480345634
        2.1744736529
        2.0142611689
        1.5987733139
        1.5344919357
        1.8304769418
        1.4541500726
        1.1810426595
        1.2302154350
        1.5341234246
        1.3401126480
        1.3711048259
        1.3554510789
        1.1727705971
        1.4280843009
        1.3254007497
        1.3847491637
        1.3842228877
        1.2362763805
        1.4529171073
        1.4174286757
        1.4960441423
        1.5796227399
        1.5475187328
        1.3468106677
        1.4200314507
        1.4913146381
        1.6206694207
        1.4986927734
        1.3067379077
        1.3773602078
        1.4437372221
        1.5028115668
        1.5332788230
        1.4367024552
        1.2044499003
        1.2324497941
        1.2791362240
        1.2994716648
        1.3485663551
        1.1865976636
        0.9494782552
        0.9243410383
        0.9247114727
        0.9333789871
        0.8080342930
        0.6491010683
        0.6157306694
        0.5640549356
        0.5742435064
        0.5381020578
        0.4193120748
        0.3147291448
        0.2872877439
        0.2406026422
        0.2439482426
        0.1986096749
        0.1520683881
        0.1432172492
        0.1449537283
        0.1619292135
        0.1841353106
        0.2109901719
        0.2507783839
        0.3013235160
        0.3512998018
        0.4135823226
        0.5261838875
        0.5920446042
        0.6916268027
        0.7658536373
        0.8855027197
        1.0008042570
        1.1208549075
        1.2092257215
        1.3233644106
        1.4442121931
        1.5683462774
        1.6704274247
        1.7244665807
        1.8269319561
        1.9285107059
        2.0251923016
        2.1059475499
        2.1395495512
        2.1193188104
        2.1694614949
        2.2148947365
        2.2500368548
        2.2616685963
        2.2214796494
        2.1379766349
        2.1229655102
        2.0954536007
        2.0500900543
        1.9710873487
        1.8430431576
        1.7724994056
        1.6922682251
        1.6137892418
        1.5230605086
        1.4241374320
        0.0000000000
        0.0000000000
        0.0000000000
        0.0000000000
     2288.8592663058
     2483.1833664761
     2165.0819083775
     1909.7637235506
     1811.1654557035
     3992.1390435494
     4181.3821062315
     4136.4092026121
     3642.8891628822
     2970.9885843590
     2567.4966186978
     3323.5089076537
     3195.4600572963
     3073.2272864947
     3017.9401860944
     3169.0124058608
     3995.1032971737
     4038.4077207034
     3847.6979794692
     3791.0577631156
     3684.1505788244
     3688.4606870204
     5010.7745012696
     4764.1675133209
     4528.8070051580
     4329.0836609006
     4027.5404862624
     5393.1195495373
     5037.5566494899
     5028.8802877866
     5037.5462441755
     5011.6256283310
     5110.9232142821
     8553.4724355496
     8082.0777573664
     7606.7549605087
     6724.6653905080
     6560.4850112378
     6856.6381213784
    14071.0110140677
    12953.6408453974
    11872.0173255200
    11029.3124426461
     9503.2014021923
    22240.4791664907
    19264.6744049964
    16053.2464138105
    15533.6864814633
    15007.5333383818
    12983.5048244924
    35972.1252055719
    32511.4274798015
    26149.0870104156
    23096.9878690348
    19442.7548664148
    59606.3167584475
    52982.7059380487
    47219.1223298837
    42003.7438371028
    39139.6114312577
    35512.8196017816
    99854.0663159213
    93459.8915933013
    81761.8089047778
    70403.0333626335
    60892.3836129075
   157095.9729663962
   146287.2668677936
   131572.2960659554
   118848.0068573582
   107213.9431406743
    95647.8027371969
   231872.6675933709
   217238.8122476781
   194190.1024724903
   168590.6425376833
   141756.0336391072
   316520.9183964133
   292839.3702980497
   267037.6330232788
   243805.7791429011
   225509.4145262908
   207913.3639797379
   419496.7789700440
   400692.5132553778
   379310.9211238002
   358361.4934863668
   334637.9837715231
   311005.9228818477
   518360.8540271642
   487296.1645578718
   453605.2041361552
   406184.1720561651
   352376.7948451752
   558574.2894256794
   516601.2046385317
   460701.1691935093
   412507.3771442715
   380297.8312957475
   352573.7954012051
   512202.0963075950
   457788.6681602867
   413353.3745696875
   367427.2269912618
   322272.9513867545
   485048.9180144376
   441112.1588981980
   407395.1626993753
   386277.2750583301
   359934.2405847168
   320063.4871844577
   461112.9482857719
   410652.5147297787
   392913.3132006841
   363488.6461950862
   330661.3294575965
   445169.3072893282
   400949.3852304865
   363253.5083454500
   340153.1099011761
   330469.3988111227
   349103.2679420177
   481017.8338724491
   480456.3520750262
   470376.7714598495
   446185.3873983796
   426582.7925246587
   461289.5432138740
   439614.5826940188
   419025.7333972594
   415851.3851141114
   430160.5217276398
   414333.7447333652
   442268.4462387036
   417028.7946309158
   411335.2732744630
   402083.2872171161
   372666.0129915897
   318035.0677807812
   321727.5016414943
   271730.0866634277
   245815.0283789317
   239528.0530860028
   228784.7148316370
   279354.0609561972
   268830.3690694018
   266482.2288334017
   262518.6712088104
   252622.5973055552
   223972.9157246749
   281461.0283075217
   251156.9572461902
   239951.5067907456
   216297.4226442214
   175851.4731724922
   208111.8626435852
   182923.6019092959
   189834.7884754192
   180326.0176090966
   173938.6519640763
   153275.2858600157
   184170.3642636677
   147693.7240418516
   123701.4890926572
   108791.7679796229
    97573.8155961680
   118280.1937114407
   106455.2865531658
    97172.1830623554
    88379.8907186628
    83348.0476684202
    83669.9929651188
   134202.3303324034
   119519.6164718418
   100453.2046494369
    84199.5937470998
    74807.2679856455
   117280.8626521219
   107475.5583220597
    99706.9545962618
    92143.8619065047
    82285.7222003484
    70091.2408385942
   109259.1619523140
    95113.4705335618
    89888.2621558687
    91180.0379251577
    87438.4740467935
    76191.2740132194
    98932.7723217536
    85188.7243554321
    74855.6821724581
    66494.0426393038
    60190.9623087834
    84017.3931940029
    75166.2580892577
    67907.1341638074
    60570.0659899875
    55579.7097200994
    50934.8733847818
    71514.0348330298
    61728.3345035891
    51147.8297413194
    42976.2921733666
    37363.3853474458
    62929.3885417004
    58881.0981907483
    55336.3165754619
    51905.7353180721
    47612.0259906430
    42751.6730244759
    69186.2989743666
    63519.1306237095
    58416.7328293673
    53215.0226242431
    48236.5502428387
    72944.4573108578
    67026.7631427547
    60108.0797207227
    53116.3871643325
    46327.5913741055
    40055.8674410700
    62634.2642201371
    56977.4377452158
    51556.1835986229
    46504.7238539109
    42062.4295751020
    64273.3796803319
    62768.0681453523
    61998.7663859155
    61633.4271939615
    60555.0912023216
    57722.6153211588
    79389.3321530016
    73758.4216919513
    67212.2174806711
    60792.0371604669
    54823.9908224042
    48972.1807166914
    66905.4904692884
    61832.1866316581
    57189.0153000519
    52664.3829750798
    47727.6498974677
    62201.4599176759
    56878.5350417008
    51489.7243428398
    46512.2665083947
    41595.8788112072
    36452.4806042164
    48906.8797239291
    44120.2521691040
    39768.0463175560
    35834.9853006911
    31912.2800090815
    42580.2183124197
    39442.6098908616
    36754.3239105944
    34380.7831554710
    31907.0493199332
    28971.6355300784
    36584.7149991825
    32636.3415450424
    28066.9728248203
    23706.6072900122
    19990.2393428397
    21849.6123571598
    19921.4332651629
    18535.7130309949
    17352.2652549653
    16352.2346978847
    15558.8140716868
    15932.0081173315
    14880.9335648535
    13896.0899511375
    13152.8856281030
    12446.1842420639
    11984.8913813364
    10994.2207443838
    10007.2603788047
     8864.2184756262
     7822.8978749291
     7054.0438492134
     6228.9255768877
     5458.4786404899
     4762.6922888126
     4156.9163719050
     3800.6201334108
     3422.3898121951
     3043.7563216006
     2711.8714039841
     2534.2450774560
     2298.6766499971
     1987.4994952612
     1605.7141860639
     1135.3873519922
      796.5151054215
      424.1479749985
      274.2170855225
      263.6632939929
      134.5130947800
       27.3746399461
       18.7316198587
       27.6353949243
       15.9789474714
       13.4738663993
       11.6282077305
       16.8451523371
        8.8024479468
        6.7744370838
        5.5876650480
        5.2827391578
        8.4741872725
        4.3436308211
        3.3954374127
        3.0133907149
        3.0086568096
        4.7187745716
        2.4809660915
        1.9917411079
        1.7986970125
        1.6805299804
        1.5988279919
        1.6028831731
        1.6380112196
        2.4416938537
        1.4200389218
        1.2459658984
        1.2498654295
        1.2282255072
        1.2013428140
        1.1844094669
        1.1784882345
        1.1134654885
        1.1556128357
        1.1812800801
        1.0508322177
        1.1837897439
        1.2301091794
        1.2068667338
        1.3107031075
        1.3819511112
        1.4271036124
        1.3448757485
        1.3511164903
        1.4443847795
        1.4473478187
        1.5535076585
        1.6189215958
        1.5765536374
        1.5529366111
        1.6405372614
        1.6366716567
        1.7338953403
        1.6933323777
        1.6647142683
        1.6763502394
        1.7453710596
        1.7350953578
        1.7904363845
        1.7385179212
        1.6565915354
        1.7023503377
        1.6933814260
        1.6798587169
        1.6727389905
        1.6317982964
        1.6148640154
        1.5887951715
        1.5742074085
        1.5569542234
        1.5355844079
        1.4833664598
        1.4679807253
        1.4499566624
        1.4286311763
        1.4107843260
        1.3714608691
        1.3462599051
        1.3209000291
        1.2953375711
        1.2712242648
        1.2576687779
        1.2278506835
        1.2013754437
        1.1753024199
        1.1520933880
        1.1314615222
        1.1241333685
        1.0940756525
        1.0674153306
        1.0478089351
        1.0301515354
        1.0212342186
        0.9846270534
        0.9644484610
        0.9480438442
        0.9333916320
        0.9178602299
        0.9016287762
        0.0000000000
        0.0000000000
        0.0000000000
        0.0000000000
      290.8568835417
      227.7138889436
      209.2053411332
      226.6418756860
      235.6388829657
      284.6768084965
      271.6141849673
      281.9378897827
      247.7457483988
      231.3290068951
      198.5334371309
      307.9671650612
      397.6460848405
      377.1763355047
      407.5063479005
      357.4348997049
      514.5491213093
      681.4090837233
      596.6100139705
      648.7135798790
      729.7925385605
      797.7685689494
      718.4909045656
      703.3890977533
      815.5193071828
     1055.0756091846
      800.3087344700
     1119.4851599148
      902.7723482311
      939.6960958351
     1019.0458220306
     1136.5307531257
     1136.3378792671
     2060.9264200499
     1496.4599259929
     1263.2601224989
     1175.3009504456
     1379.5680441056
     1487.2898332182
     3744.7485287426
     2806.8075257561
     2251.3520009826
     2066.4397822734
     2238.6873163946
     7830.5656845151
     6230.4240938938
     5155.1865104222
     5047.7664579384
     5379.1533479326
     5906.2754367476
    17835.3669838912
    15600.3893921942
    13159.3054356667
    11743.4381008264
    10829.6740222289
    31496.4408864678
    26979.3124249492
    23650.7105931050
    21029.5141366119
    19337.7575311989
    18611.5367728358
    54841.1211990535
    50192.3831980662
    43232.0569388365
    37935.5178295829
    34271.9737635343
    88638.3090610315
    81000.2413631280
    73224.9371383148
    67747.7843942704
    62252.7289204882
    56033.5832267239
   133837.5279174645
   121673.6936059641
   106000.1484472244
    92413.1991214812
    82164.2731151549
   189998.3035209061
   177810.7309709218
   168438.8680676805
   168490.0973442223
   174551.7516423842
   173374.1519667222
   302657.5770412798
   283103.3293705802
   273897.2400272937
   277070.7858161556
   279650.4840985230
   256467.0466037971
   365609.1782525111
   347781.1801228760
   348807.3890730033
   352182.6312876434
   345285.9597014302
   434316.7687067336
   395607.1204290153
   367910.0903434169
   363157.8304927303
   366660.6886904889
   391547.8339772513
   472407.5508564252
   422792.3738040793
   360180.5504274879
   317897.5414391976
   315175.4529863814
   414028.5253281429
   397531.5127257091
   361359.4832454997
   326821.4070777527
   301953.8504815039
   288919.2310673387
   347866.0463571458
   336277.2003081161
   304180.5854868495
   269695.6176460838
   230735.4872681901
   252071.4161255957
   245570.9332167461
   239608.3601101308
   230212.0208119494
   220415.3653868108
   206204.8126191228
   208849.7802758024
   186140.9169156982
   177955.4301772459
   179696.6715506239
   179562.6095323259
   190846.3198210213
   191550.6009387404
   196935.4264951355
   199536.4500812480
   197539.7079350151
   193833.5522970240
   239849.7324367649
   239916.9352380566
   234902.2870208785
   225432.1586384010
   213300.1121420952
   196184.4935163098
   223849.3423667817
   200818.8632632483
   186100.3344519400
   183711.7868578903
   180460.6462724907
   192027.4595078823
   182082.3413969379
   168215.4720927962
   154521.2639097398
   147543.2910866122
   143240.5244937677
   160670.4747720722
   145898.5608020388
   134015.8735319604
   123137.6027800793
   114002.7931021199
   151721.7305340107
   163464.5191494215
   186547.9303678990
   197834.2697922760
   187742.0441950206
   153130.5678444442
   180310.4229643148
   145792.8965677556
   117029.4115879026
    95532.6225406661
    81317.7398573008
   127599.4226147673
   108745.3946075419
    95313.4897769290
    84074.9403952244
    72100.6360895613
    61241.4057425819
    96284.7223145990
    86313.2091904836
    80644.3110990968
    75291.7483808713
    69173.6503690210
   112359.2190804311
   104719.1613575241
    95545.3587348960
    84786.7325293773
    76036.6613846613
    70748.8846759050
   117505.7838483161
   110053.8422042298
   104991.1649841851
   101632.6898230834
    97163.8724108399
    91266.8534402255
   146670.1760686683
   137797.8541376129
   123142.6659364389
   105041.9972747617
    89705.3022685279
   148862.6574534344
   139941.9932249200
   133318.7664513025
   122909.8767231242
   110572.2576265542
   100811.4977113352
   173845.6827420902
   167688.3774359286
   159460.6407599041
   149014.7324929452
   137198.3459459910
   213510.2715296479
   194252.8497380791
   172479.4443535150
   152196.8937750861
   135323.2906728095
   122520.2317406045
   204176.1625582702
   194147.8770515900
   181193.9035631098
   168293.1184349078
   156760.8304569228
   242068.6298443417
   234305.1092849353
   224480.4730625606
   211416.0453950010
   194926.0784271089
   174759.2829114789
   253179.6426460672
   232690.6289386059
   212349.2907303667
   192146.9915400272
   169967.5792714417
   240457.0052994359
   218143.3507810491
   196428.9455636630
   177049.3283552390
   160081.9163083292
   142611.4493892912
   207504.8821645373
   188653.1735329081
   168795.5647816791
   149904.1899953206
   132738.9263364433
   114936.5071973991
   167333.1548333854
   148716.3215436554
   129879.5564187111
   112669.2685179331
    96753.7768131405
   142430.7930383118
   130585.8882097194
   119393.1124943369
   109287.1282262638
    99240.5177229600
    89005.6973955529
   133016.9693613830
   122815.5147894719
   111699.9200017534
   100480.4684157396
    88336.8872040332
   117034.7895895659
   106058.0508519347
    96033.3070817739
    86671.3293254150
    76912.9549796655
    65777.8726084493
    83531.0159746094
    72966.0589780691
    63758.6189792126
    56326.3740874626
    49644.2394145196
    58859.5524343330
    52810.3261391770
    46919.0708027253
    42476.8738314130
    36621.5289189490
    30167.4178638952
    32859.4971716334
    31014.5736686199
    29808.5090337564
    28199.2185757455
    26385.1472801234
    26887.6046397726
    26042.7544028268
    24099.1122209616
    21504.0622674739
    19102.6908428391
    17269.5652773530
    15811.0904178430
    15194.4025276907
    14879.1561029806
    14216.7008301179
    12991.2793457838
    11674.1150470959
    10720.3925674017
     9363.7109257298
     8163.5158319255
     7266.2939276152
     6091.1881203593
     6159.1456885134
     4941.6497913073
     4019.1225199012
     2984.8201565482
     2457.2100093228
     2219.6308158646
     2287.0621876108
     2172.2162340216
     2359.0478035605
     2351.7480090404
     1668.7914086586
     1486.8491322261
     1244.2077307443
     1157.9093667778
      996.6340286729
      870.9240547092
      838.4799834971
      807.7530546386
      667.2592178689
      536.2656251343
      502.3105693760
      519.1326998767
      613.0386488968
      852.3610616716
      679.7084767691
      489.0397867852
      339.7078059804
      236.7543009441
      157.5246224359
       70.0970926732
       29.9805371648
       32.1326398376
       25.3846806022
       22.9030093536
       20.5185883723
       18.5354274751
       17.6058086583
       16.7710552374
       15.8141186433
       14.5448219658
       13.7408592672
       13.1281845054
       11.1225454435
       11.6391298373
       11.1374512823
       10.4144448411
        9.9561048192
        9.5823333518
        9.0706354068
        7.3943283905
        7.3119152066
        6.9581032668
        5.9687958359
        6.1675632186
        5.9749895979
        4.9245488858
        4.9017969226
        4.6853106062
        3.8161201396
        3.9852250391
        3.2130314009
        3.2530356502
        2.6532870096
        2.8108574106
        2.2680116370
        2.4550240472
        1.8846388045
        1.7036371191
        1.7994550544
        1.4243154621
        1.3125037785
        1.2196050004
        1.2944680307
        1.0359171703
        0.9739251022
        0.9252984507
        0.8905234275
        0.8603504301
        0.7991898728
        0.7791293429
        0.7666169460
        0.7596542996
        0.7540498071
        0.7186146924
        0.7153295606
        0.7126904523
        0.7101505633
        0.7064790945
        0.6987680703
        0.6691725917
        0.6555689526
        0.6402532302
        0.6321992620
        0.6311420570
        0.6226376396
        0.5785904843
        0.5788320451
        0.5806127173
        0.5827476082
        0.5887084880
        0.5667617964
        0.5857217807
        0.6107629396
        0.6405548525
        0.6791796251
        0.7272470886
        0.0000000000
        0.0000000000
