!------------------------------------------------------------!
  Date: 20190924
  Simulation name: EV4 
  Filename:massinchannel.txt                                                                                                       
  Produced in mod-subroutine:  massdist/massinchannel                                                                                                  
  Written by AK September 2019
  Description:Calculate mass distribution in different parts of the channel                                                           
  Data format: t Total Mass (m^3) Elutriated % Med Dense InChannel WidthChannel 0ScaleH ScaleH buoyant current                        
!------------------------------------------------------------!
   1       1254240.0000000000             0.0000000000             0.0000000000             0.0000000000             1.0000000000             1.0000000000             1.0000000000             1.0000000000             0.0000000000                      NaN                      NaN
   2      21609903.7919290215      17977946.5341537111             0.0000039808             0.0219173595             0.9780814456             0.9990221279             0.8945021378             0.9987011848             0.0012988152             0.0002544842             0.9997455158
   3      41853064.3320833147       1254240.0000000000             0.0000063047             0.0364671277             0.9635313481             0.9973859938             0.7577129824             0.9969763964             0.0030236036             0.0000000000             1.0000000000
   4      60822709.4621865675      60822709.4621865675             0.0000095169             0.0462173057             0.9537803730             0.9965870523             0.6190033085             0.9961766798             0.0038233202             0.0013940141             0.9986059859
   5      60821670.4998177364             0.0000000000             0.0000194595             0.0726974167             0.9272983475             0.9947954366             0.4103133244             0.9941885314             0.0058114686                      NaN                      NaN
   6      60821594.4562973827             0.0000000000             0.0000368888             0.1038943672             0.8960979678             0.9915293533             0.2899969431             0.9907003278             0.0092996722                      NaN                      NaN
   7      60821487.5842175037             0.0000000000             0.0000679004             0.1430981256             0.8568883994             0.9811293870             0.2128214539             0.9792182575             0.0207817425                      NaN                      NaN
   8      60821310.5893404782             0.0000000000             0.0001065050             0.1809855397             0.8189940515             0.9706366944             0.1594353168             0.9659526547             0.0340473453                      NaN                      NaN
