!------------------------------------------------------------!
  Date: 20190925
  Simulation name: EV7 
  Filename:massinchannel.txt                                                                                                       
  Produced in mod-subroutine:  massdist/massinchannel                                                                                                  
  Written by AK September 2019
  Description:Calculate mass distribution in different parts of the channel                                                           
  Data format: t Total Mass (m^3) Elutriated % Med Dense InChannel WidthChannel 0ScaleH ScaleH buoyant current                        
!------------------------------------------------------------!
   1       2508480.0000000000             0.0000000000             0.0000000000             0.0000000000             1.0000000000             1.0000000000             1.0000000000             1.0000000000             0.0000000000                      NaN                      NaN
   2      43214184.1770422757      35272968.4324632213             0.0000032888             0.0116641653             0.9883351585             0.9947774466             0.8777953158             0.9999708461             0.0000291539             0.0001326088             0.9998673912
   3      83716637.5267300904       2508480.0000000000             0.0000044333             0.0211105101             0.9788880186             0.9927478675             0.7116134153             0.9991849359             0.0008150641             0.0000000000             1.0000000000
   4     124089210.4128313512     124089210.4128313512             0.0000062044             0.0267056031             0.9732926985             0.9926224437             0.5726291373             0.9987412387             0.0012587613             0.0008693153             0.9991306847
   5     121656772.4776639193             0.0000000000             0.0000132276             0.0438563643             0.9561406868             0.9954666190             0.3528081905             0.9977453938             0.0022546062                      NaN                      NaN
   6     121656586.8091461062             0.0000000000             0.0000265822             0.0618928950             0.9381016735             0.9901900377             0.2465093504             0.9949995322             0.0050004678                      NaN                      NaN
   7     121656398.2024373561             0.0000000000             0.0000473904             0.0831055997             0.9168853050             0.9763461202             0.1853975883             0.9906506122             0.0093493878                      NaN                      NaN
   8     121656139.6941811442             0.0000000000             0.0000744163             0.1045704828             0.8954157173             0.9681396449             0.1436152838             0.9904295404             0.0095704596                      NaN                      NaN
