!------------------------------------------------------------!
  Date: 20191111
  Simulation name: SV4  
  Filename:PEbyx.txt                                                                                                                                             
  Produced in mod-subroutine:  massdist/energypotential                                                                                                                              
  Written by AK September 2019
  Description:Integrates by width potential energy necessary to overflow at each height                                                                             
  Data format: RMAX by t potential energy (J)                                                                                                                       
!------------------------------------------------------------!
        0.0000000000
  1023345.5588957419
     2262.2640456235
     2140.5885888287
     2749.7172483539
     2607.7625487599
     2465.8078491660
     2329.8614947598
     2208.1860379650
     2086.5105811702
     2686.6262394189
     2544.6715398250
     2402.7168402311
     2275.7834871013
     2154.1080303065
     2032.4325735116
     2623.5352304840
     2481.5805308901
     2343.3809362376
     2221.7054794427
     2100.0300226479
     2702.3989211430
     2560.4442215491
     2418.4895219551
     2289.3029285790
     2167.6274717842
     2045.9520149894
     2639.3079122081
     2497.3532126141
     2356.9003777153
     2235.2249209205
     2113.5494641257
     2718.1716028671
     2576.2169032731
     2434.2622036792
     2302.8223700568
     2181.1469132620
     2059.4714564672
     2655.0805939322
     2513.1258943382
     2371.1711947443
     2248.7443623983
     2127.0689056035
     2733.9442845912
     2591.9895849972
     2450.0348854033
     2316.3418115346
     2194.6663547398
     2072.9908979450
     2670.8532756562
     2528.8985760623
     2386.9438764683
     2262.2638038761
     2140.5883470813
     2749.7169663152
     2607.7622667213
     2465.8075671273
     2329.8612530124
     2208.1857962176
     2086.5103394228
     2686.6259573803
     2544.6712577864
     2402.7165581924
     2275.7832453539
     2154.1077885591
     2032.4323317642
     2623.5349484454
     2481.5802488514
     2343.3806944902
     2221.7052376953
     2100.0297809005
     2702.3986391044
     2560.4439395104
     2418.4892399165
     2289.3026868316
     2167.6272300368
     2045.9517732420
     2639.3076301694
     2497.3529305755
     2356.9001359679
     2235.2246791731
     2113.5492223783
     2718.1713208285
     2576.2166212345
     2434.2619216406
     2302.8221283094
     2181.1466715146
     2059.4712147198
     2655.0803118935
     2513.1256122996
     2371.1709127056
     2248.7441206509
     2127.0686638561
     2733.9440025525
     2591.9893029586
     2450.0346033646
     2316.3415697872
     2194.6661129924
     2072.9906561976
     2670.8529936176
     2528.8982940236
     2386.9435944297
     2262.2635621287
     2140.5881053339
     2749.7166842766
     2607.7619846827
     2465.8072850887
     2329.8610112650
     2208.1855544702
     2086.5100976754
     2686.6256753417
     2544.6709757477
     2402.7162761538
     2275.7830036065
     2154.1075468116
     2032.4320900168
     2623.5346664067
     2481.5799668128
     2343.3804527428
     2221.7049959479
     2100.0295391531
     2702.3983570657
     2560.4436574718
     2418.4889578779
     2289.3024450842
     2167.6269882894
     2045.9515314946
     2639.3073481308
     2497.3526485369
     2356.8998942205
     2235.2244374257
     2113.5489806309
     2718.1710387898
     2576.2163391959
     2434.2616396019
     2302.8218865620
     2181.1464297672
     2059.4709729724
     2655.0800298549
     2513.1253302609
     2371.1706306670
     2248.7438789035
     2127.0684221087
     2733.9437205139
     2591.9890209199
     2450.0343213260
     2316.3413280398
     2194.6658712450
     2072.9904144502
     2670.8527115790
     2528.8980119850
     2386.9433123911
     2262.2633203813
     2140.5878635865
     2749.7164022380
     2607.7617026440
     2465.8070030501
     2329.8607695176
     2208.1853127228
     2086.5098559279
     2686.6253933030
     2544.6706937091
     2402.7159941151
     2275.7827618591
     2154.1073050642
     2032.4318482694
     2623.5343843681
     2481.5796847741
     2343.3802109954
     2221.7047542005
     2100.0292974057
     2702.3980750271
     2560.4433754332
     2418.4886758392
     2289.3022033368
     2167.6267465420
     2045.9512897472
     2639.3070660922
     2497.3523664982
     2356.8996524731
     2235.2241956783
     2113.5487388835
     2718.1707567512
     2576.2160571572
     2434.2613575633
     2302.8216448146
     2181.1461880198
     2059.4707312250
     2655.0797478162
     2513.1250482223
     2371.1703486284
     2248.7436371561
     2127.0681803613
     2733.9434384753
     2591.9887388813
     2450.0340392874
     2316.3410862924
     2194.6656294976
     2072.9901727028
     2670.8524295403
     2528.8977299464
     2386.9430303524
     2262.2630786339
     2140.5876218391
     2749.7161201993
     2607.7614206054
     2465.8067210114
     2329.8605277702
     2208.1850709754
     2086.5096141805
     2686.6251112644
     2544.6704116704
     2402.7157120765
     2275.7825201117
     2154.1070633168
     2032.4316065220
     2623.5341023295
     2481.5794027355
     2343.3799692479
     2221.7045124531
     2100.0290556583
     2702.3977929885
     2560.4430933945
     2418.4883938006
     2289.3019615894
     2167.6265047946
     2045.9510479998
     2639.3067840535
     2497.3520844596
     2356.8994107257
     2235.2239539309
     2113.5484971361
     2718.1704747125
     2576.2157751186
     2434.2610755247
     2302.8214030672
     2181.1459462724
     2059.4704894776
     2655.0794657776
     2513.1247661837
     2371.1700665897
     2248.7433954087
     2127.0679386139
     2733.9431564366
     2591.9884568427
     2450.0337572487
     2316.3408445450
     2194.6653877502
     2072.9899309554
     2670.8521475017
     2528.8974479077
     2386.9427483138
     2262.2628368865
     2140.5873800917
     2749.7158381607
     2607.7611385667
     2465.8064389728
     2329.8602860228
     2208.1848292280
     2086.5093724331
     2686.6248292258
     2544.6701296318
     2402.7154300379
     2275.7822783642
     2154.1068215694
     2032.4313647746
     2623.5338202908
     2481.5791206969
     2343.3797275005
     2221.7042707057
     2100.0288139109
     2702.3975109498
     2560.4428113559
     2418.4881117619
     2289.3017198420
     2167.6262630472
     2045.9508062524
     2639.3065020149
     2497.3518024210
     2356.8991689783
     2235.2237121835
     2113.5482553887
     2718.1701926739
     2576.2154930800
     2434.2607934860
     2302.8211613198
     2181.1457045250
     2059.4702477302
     2655.0791837390
     2513.1244841450
     2371.1697845511
     2248.7431536613
     2127.0676968665
     2733.9428743980
     2591.9881748040
     2450.0334752101
     2316.3406027976
     2194.6651460028
     2072.9896892080
     2670.8518654630
     2528.8971658691
     2386.9424662752
     2262.2625951391
     2140.5871383443
     2749.7155561221
     2607.7608565281
     2465.8061569342
     2329.8600442754
     2208.1845874806
     2086.5091306857
     2686.6245471871
     2544.6698475932
     2402.7151479992
     2275.7820366168
     2154.1065798220
     2032.4311230272
     2623.5335382522
     2481.5788386582
     2343.3794857531
     2221.7040289583
     2100.0285721635
     2702.3972289112
     2560.4425293172
     2418.4878297233
     2289.3014780946
     2167.6260212998
     2045.9505645050
     2639.3062199763
     2497.3515203823
     2356.8989272309
     2235.2234704361
     2113.5480136413
     2718.1699106353
     2576.2152110413
     2434.2605114474
     2302.8209195724
     2181.1454627776
     2059.4700059828
     2655.0789017003
     2513.1242021064
     2371.1695025124
     2248.7429119139
     2127.0674551191
     2733.9425923593
     2591.9878927654
     2450.0331931715
     2316.3403610502
     2194.6649042554
     2072.9894474606
     2670.8515834244
     2528.8968838305
     2386.9421842365
     2262.2623533917
     2140.5868965969
     2749.7152740834
     2607.7605744895
     2465.8058748955
     2329.8598025280
     2208.1843457331
     2086.5088889383
     2686.6242651485
     2544.6695655545
     2402.7148659606
     2275.7817948694
     2154.1063380746
     2032.4308812798
     2623.5332562135
     2481.5785566196
     2343.3792440057
     2221.7037872109
     2100.0283304161
     2702.3969468726
     2560.4422472786
     2418.4875476847
     2289.3012363472
     2167.6257795524
     2045.9503227576
     2639.3059379376
     2497.3512383437
     2356.8986854835
     2235.2232286887
     2113.5477718939
     2718.1696285966
     2576.2149290027
     2434.2602294087
     2302.8206778250
     2181.1452210302
     2059.4697642354
     2655.0786196617
     2513.1239200678
     2371.1692204738
     2248.7426701665
     2127.0672133717
     2733.9423103207
     2591.9876107268
     2450.0329111328
     2316.3401193028
     2194.6646625080
     2072.9892057132
     2670.8513013858
     2528.8966017918
     2386.9419021979
        0.0000000000
        0.0000000000
        0.0000000000
  1023345.5588957419
  1008026.9701070914
   945499.1724071560
  1309193.5691932798
  1201921.8951266278
  1091900.2578499482
   973982.7546604476
   849419.2367115839
   743548.8242242849
  1102582.3115614774
  1017063.1991281371
   923882.8934199419
   819062.2533132131
   705623.3136483246
   574453.3891711256
   701241.6880529317
   653195.3187512568
   533878.9129967162
   408200.2536763773
   291470.2657654716
   304753.1411531629
   244769.7116039834
   187037.6294181561
   136991.9907471506
   101591.4712534157
    75821.0468933544
    77767.5429436781
    62217.9897731998
    48153.0440786357
    35899.5812497568
    26471.0143567443
    20892.2860345639
    16419.2141097981
    13268.4106340257
    11279.2745947168
     9806.3098710583
     7544.1099024154
     6020.4338033844
     3846.1424821822
     2362.4133762074
     2182.4769539850
     2124.0803915618
     2733.9524460143
     2591.9969672097
     2450.0412975299
     2316.3475562676
     2194.6718880800
     2072.9955235195
     2670.8615498956
     2528.9052571694
     2386.9496257346
     2262.2692281260
     2140.5922643904
     2749.7246074756
     2607.7685398937
     2465.8132762942
     2329.8669278150
     2208.1916163951
     2086.5140312959
     2686.6335018686
     2544.6773957039
     2402.7222559926
     2275.7890071034
     2154.1136696466
     2032.4354584825
     2623.5422905165
     2481.5862635083
     2343.3863767991
     2221.7110288327
     2100.0323641775
     2702.4059980880
     2560.4500846035
     2418.4951145524
     2289.3087076791
     2167.6332453198
     2045.9541116983
     2639.3149962997
     2497.3590382409
     2356.9059796770
     2235.2304615407
     2113.5513147369
     2718.1788434233
     2576.2228779074
     2434.2679466029
     2302.8282665455
     2181.1524324122
     2059.4732748961
     2655.0878363126
     2513.1318226266
     2371.1768523337
     2248.7496947678
     2127.0706294984
     2733.9516575231
     2591.9956607651
     2450.0407334311
     2316.3477492620
     2194.6716606441
     2072.9926429889
     2670.8606130008
     2528.9045844335
     2386.9495857213
     2262.2689983795
     2140.5900374379
     2749.7244199024
     2607.7684133834
     2465.8134848568
     2329.8672136104
     2208.1909895776
     2086.5120545382
     2686.6333579905
     2544.6773285224
     2402.7223900296
     2275.7891079001
     2154.1128482076
     2032.4340102382
     2623.5422671831
     2481.5862269572
     2343.3863825771
     2221.7102535253
     2100.0314161681
     2702.4060708385
     2560.4500443660
     2418.4951097009
     2289.3085707564
     2167.6322611176
     2045.9534331123
     2639.3150014752
     2497.3589310191
     2356.9058453197
     2235.2296891117
     2113.5508424244
     2718.1788088608
     2576.2227412917
     2434.2678149275
     2302.8280367933
     2181.1517054539
     2059.4728579530
     2655.0877384726
     2513.1316208558
     2371.1765997225
     2248.7491482509
     2127.0702664053
     2733.9515451521
     2591.9954252804
     2450.0405117497
     2316.3475069680
     2194.6711704191
     2072.9922807775
     2670.8604711884
     2528.9043023475
     2386.9492971662
     2262.2686153210
     2140.5896925244
     2749.7242773382
     2607.7681066082
     2465.8132060320
     2329.8669733099
     2208.1906308848
     2086.5117124884
     2686.6332022735
     2544.6769951085
     2402.7220927420
     2275.7888657878
     2154.1125246482
     2032.4336828739
     2623.5421055699
     2481.5858803597
     2343.3861035630
     2221.7099540653
     2100.0311057658
     2702.4059093946
     2560.4496936321
     2418.4947941759
     2289.3083194963
     2167.6319518354
     2045.9531361672
     2639.3148288815
     2497.3585834770
     2356.9055538756
     2235.2293766028
     2113.5505643751
     2718.1786304861
     2576.2224039105
     2434.2674983516
     2302.8277686904
     2181.1513664279
     2059.4725969054
     2655.0875454476
     2513.1312971127
     2371.1762625759
     2248.7487876666
     2127.0700278016
     2733.9513437047
     2591.9951248529
     2450.0402117340
     2316.3472146931
     2194.6707674171
     2072.9920628164
     2670.8602530889
     2528.9040200320
     2386.9489623157
     2262.2681901860
     2140.5894954693
     2749.7240486347
     2607.7678542834
     2465.8129331569
     2329.8666615400
     2208.1901656205
     2086.5115278255
     2686.6329571700
     2544.6767674335
     2402.7218357508
     2275.7885486127
     2154.1120392595
     2032.4335075567
     2623.5418420532
     2481.5856587628
     2343.3858324127
     2221.7094744473
     2100.0309357563
     2702.4056365239
     2560.4494976663
     2418.4945651771
     2289.3080021469
     2167.6314515581
     2045.9529616189
     2639.3145376325
     2497.3583829555
     2356.9053049509
     2235.2289025611
     2113.5503865841
     2718.1783330089
     2576.2222208632
     2434.2672890615
     2302.8274628270
     2181.1508873041
     2059.4724052194
     2655.0872320500
     2513.1310997195
     2371.1759948092
     2248.7483555754
     2127.0698256159
     2733.9510270178
     2591.9949342570
     2450.0400064859
     2316.3469302065
     2194.6703480077
     2072.9918392611
     2670.8599244760
     2528.9038070507
     2386.9487084822
     2262.2678301907
     2140.5892587330
     2749.7237188339
     2607.7676370629
     2465.8127153591
     2329.8664003882
     2208.1898324544
     2086.5112689828
     2686.6326169887
     2544.6765280073
     2402.7216044462
     2275.7882970242
     2154.1117594478
     2032.4332348721
     2623.5414916548
     2481.5853907634
     2343.3856131081
     2221.7092536086
     2100.0306610520
     2702.4052814891
     2560.4492134015
     2418.4942940504
     2289.3077526764
     2167.6312564930
     2045.9526905695
     2639.3141631776
     2497.3580703089
     2356.9050491400
     2235.2287363116
     2113.5501424888
     2718.1779427206
     2576.2218962794
     2434.2669677058
     2302.8271735197
     2181.1507135079
     2059.4722199126
     2655.0868006464
     2513.1307549566
     2371.1756331165
     2248.7481582867
     2127.0697126449
     2733.9505590897
     2591.9945945076
     2450.0396347187
     2316.3465615014
     2194.6701180825
     2072.9918316867
     2670.8593931608
     2528.9034506521
     2386.9482713433
     2262.2675412076
     2140.5893371210
     2749.7231435534
     2607.7673006742
     2465.8123019027
     2329.8659459997
     2208.1895128450
     2086.5114535492
     2686.6319918471
     2544.6762004424
     2402.7211781860
     2275.7878016869
     2154.1113904666
     2032.4335018648
     2623.5408031303
     2481.5850345954
     2343.3851391772
     2221.7088097768
     2100.0309794681
     2702.4045606131
     2560.4488929717
     2418.4938586259
     2289.3072108939
     2167.6308089583
     2045.9530622288
     2639.3134034114
     2497.3577224421
     2356.9045759566
     2235.2282384795
     2113.5505178176
     2718.1771681890
     2576.2215836873
     2434.2665537352
     2302.8266498441
     2181.1502530624
     2059.4725696490
     2655.0860187191
     2513.1304130029
     2371.1751774509
     2248.7477004516
     2127.0700003633
     2733.9497859224
     2591.9942753051
     2450.0392718041
     2316.3461267344
     2194.6697268801
     2072.9920145820
     2670.8586407721
     2528.9031136616
     2386.9479248460
     2262.2672009737
     2140.5894185627
     2749.7224076543
     2607.7669762281
     2465.8120207639
     2329.8656488293
     2208.1892391076
     2086.5113825043
     2686.6312764445
     2544.6758826777
     2402.7209533223
     2275.7875931050
     2154.1111916885
     2032.4332701071
     2623.5401110252
     2481.5847510534
     2343.3850752028
     2221.7087267246
     2100.0306202832
     2702.4038762313
     2560.4486115506
     2418.4937490288
     2289.3071727243
     2167.6307784506
     2045.9524871565
     2639.3127323162
     2497.3575169403
     2356.9047071686
     2235.2283838732
     2113.5497759738
     2718.1765051341
     2576.2213833953
     2434.2665704024
     2302.8267875493
     2181.1504783364
     2059.4715255653
     2655.0853740357
     2513.1303348552
     2371.1754703511
     2248.7482025693
     2127.0686946458
     2733.9491759380
     2591.9942228046
     2450.0393954109
     2316.3464061532
     2194.6704392300
     2072.9902114506
     2670.8581148299
     2528.9032223302
     2386.9483415442
        0.0000000000
        0.0000000000
        0.0000000000
  1023345.5588957419
  1010908.7682872380
   948191.7974701888
  1311227.7064866533
  1208116.8931770758
  1097628.6103286303
   987711.1686550600
   896134.7256177361
   807284.4743271145
  1148993.8862696027
  1046979.2561271643
   962202.0461802316
   884277.2650084703
   802613.9420012299
   712714.4942649743
  1061894.7995700007
   973439.4661701742
   889943.4909772942
   799725.0319714504
   700303.1068538229
  1038235.6670294881
   959080.1749844673
   877116.5374012206
   789510.4206276616
   706525.7390480379
   614930.4475913347
   819862.2204595108
   798796.1157480750
   753757.0270603590
   669639.9382850877
   553539.3263849373
   671640.0096524787
   645811.3323853515
   581943.2867894035
   506848.6640628396
   427585.9178328890
   344334.8294486012
   376173.1179620342
   358103.3182888661
   326008.5985758589
   282937.3092751130
   231718.7419829808
   256484.0053420490
   233759.6827205026
   206082.8911852376
   177464.9257241682
   150610.5499547928
   124875.4020593923
   143731.0609918069
   133651.6294304579
   118347.5210847082
   102563.6904597319
    85420.9620172035
    91972.8260674413
    81855.7402899725
    71039.3875537213
    60708.1255712805
    50778.2901445189
    42071.2841615062
    43241.3335319726
    38319.9164664713
    33564.7584114842
    28886.5866570271
    24680.1046323710
    21018.3892048795
    19767.9751229788
    17767.2089145466
    16053.0210857645
    14562.0654214018
    13281.4743460017
    12931.8635439752
    12119.8450240287
    11389.0124763335
    10758.0872357151
    10326.6538236641
    10074.8531673518
    10846.8313988218
    11041.1457267991
    11200.8023187045
    11102.4368950545
    10530.9086567891
    10293.3437613699
     9183.0795722777
     7808.0603826657
     6208.1066894322
     4558.8337941994
     3136.3813790310
     2881.1334514094
     2441.5517867106
     2355.2952625308
     2248.7587496784
     2127.0808305732
     2733.9619284266
     2592.0048190099
     2450.0480413217
     2316.3533191334
     2194.6766114857
     2072.9997184552
     2670.8688797844
     2528.9121229464
     2386.9556572585
     2262.2741848764
     2140.5969088210
     2749.7319673308
     2607.7750309240
     2465.8186407683
     2329.8712487793
     2208.1952300865
     2086.5184676053
     2686.6411568710
     2544.6840617422
     2402.7275285243
     2275.7931567594
     2154.1172240754
     2032.4402352301
     2623.5497313633
     2481.5925320090
     2343.3912009081
     2221.7147081766
     2100.0371303043
     2702.4128765040
     2560.4558864489
     2418.4997263571
     2289.3125846134
     2167.6368661034
     2045.9593782794
     2639.3221856706
     2497.3649100518
     2356.9104959075
     2235.2341598867
     2113.5562083909
     2718.1855734229
     2576.2285190152
     2434.2724771052
     2302.8322519578
     2181.1564776022
     2059.4785070742
     2655.0948314611
     2513.1374909499
     2371.1812299836
     2248.7536342463
     2127.0753576440
     2733.9583731306
     2592.0012322865
     2450.0452577678
     2316.3518657317
     2194.6759992492
     2072.9976735086
     2670.8675507059
     2528.9101665325
     2386.9539380341
     2262.2730977298
     2140.5945730121
     2749.7311752552
     2607.7739884533
     2465.8180318496
     2329.8714385813
     2208.1954898803
     2086.5169011195
     2686.6403126728
     2544.6829797497
     2402.7269155767
     2275.7932955295
     2154.1172954594
     2032.4386831044
     2623.5490649439
     2481.5917243341
     2343.3906994462
     2221.7143702616
     2100.0356503247
     2702.4127584397
     2560.4555996204
     2418.4996261004
     2289.3128133357
     2167.6367443755
     2045.9579716225
     2639.3217791074
     2497.3644522252
     2356.9101811948
     2235.2338264737
     2113.5549903680
     2718.1855115455
     2576.2283592615
     2434.2723947172
     2302.8323305473
     2181.1561908237
     2059.4773081729
     2655.0945027105
     2513.1371825865
     2371.1809291166
     2248.7532624871
     2127.0743844401
     2733.9582622084
     2592.0011138937
     2450.0451686504
     2316.3518503530
     2194.6756197859
     2072.9966873072
     2670.8672253893
     2528.9099118841
     2386.9536758241
     2262.2727198930
     2140.5938011851
     2749.7309967193
     2607.7738617818
     2465.8179574176
     2329.8713854597
     2208.1950819225
     2086.5160858025
     2686.6399890104
     2544.6827757109
     2402.7268275581
     2275.7932253882
     2154.1168939307
     2032.4379555732
     2623.5487069431
     2481.5914644015
     2343.3905534467
     2221.7140405427
     2100.0351006257
     2702.4124786872
     2560.4554319229
     2418.4995921308
     2289.3127552744
     2167.6363743907
     2045.9573505829
     2639.3213856851
     2497.3641961767
     2356.9100817190
     2235.2335509269
     2113.5545189674
     2718.1851679375
     2576.2281763119
     2434.2723749756
     2302.8322936718
     2181.1558791337
     2059.4767514048
     2655.0940662828
     2513.1369346664
     2371.1808264342
     2248.7530755785
     2127.0739307886
     2733.9578665415
     2592.0009179290
     2450.0451475597
     2316.3518336773
     2194.6753991737
     2072.9961448491
     2670.8667732467
     2528.9096693883
     2386.9535883407
     2262.2726053116
     2140.5933295307
     2749.7306001976
     2607.7736580182
     2465.8179073009
     2329.8713766079
     2208.1949339292
     2086.5155244102
     2686.6395696343
     2544.6825342171
     2402.7267350778
     2275.7932035621
     2154.1167707552
     2032.4373889651
     2623.5483446191
     2481.5912221560
     2343.3904522491
     2221.7139604117
     2100.0345721065
     2702.4122141654
     2560.4552091171
     2418.4994440113
     2289.3127027093
     2167.6362593474
     2045.9567445645
     2639.3211577495
     2497.3639418225
     2356.9099101177
     2235.2334263854
     2113.5539356111
     2718.1850609585
     2576.2279434750
     2434.2721545299
     2302.8321652283
     2181.1556963225
     2059.4761008893
     2655.0940030452
     2513.1366733169
     2371.1805285871
     2248.7528443330
     2127.0732972990
     2733.9579264009
     2592.0007098663
     2450.0448672254
     2316.3515891363
     2194.6750807001
     2072.9954652913
     2670.8668647944
     2528.9094315560
     2386.9532011623
     2262.2722199365
     2140.5926629985
     2749.7308306367
     2607.7735046694
     2465.8175674124
     2329.8709975155
     2208.1944538939
     2086.5148280019
     2686.6398568287
     2544.6824011384
     2402.7263613237
     2275.7927458324
     2154.1161991257
     2032.4366936791
     2623.5486563298
     2481.5910393215
     2343.3899800105
     2221.7133249660
     2100.0338766640
     2702.4126604647
     2560.4551366825
     2418.4990487486
     2289.3121522407
     2167.6355564483
     2045.9560391553
     2639.3215706094
     2497.3637872188
     2356.9094003651
     2235.2327086383
     2113.5532211845
     2718.1855849574
     2576.2278981984
     2434.2717639174
     2302.8316118732
     2181.1549733789
     2059.4753616055
     2655.0944470159
     2513.1365251339
     2371.1800057484
     2248.7521722281
     2127.0725369819
     2733.9584379619
     2592.0006341341
     2450.0445277177
     2316.3511743597
     2194.6744834972
     2072.9946285378
     2670.8672314613
     2528.9092479188
     2386.9528101631
     2262.2717567500
     2140.5917957254
     2749.7311784999
     2607.7733391524
     2465.8173849333
     2329.8708893130
     2208.1941169268
     2086.5137860809
     2686.6399788943
     2544.6821515816
     2402.7263074779
     2275.7928643522
     2154.1160551574
     2032.4355069946
     2623.5485719737
     2481.5907836286
     2343.3901699826
     2221.7135151504
     2100.0326326185
     2702.4123851694
     2560.4548284095
     2418.4993839465
     2289.3127788940
     2167.6358436742
     2045.9543991524
     2639.3209487033
     2497.3635720267
     2356.9102151734
     2235.2335089326
     2113.5514584595
     2718.1846421861
     2576.2276268145
     2434.2726144820
     2302.8327711657
     2181.1558018295
     2059.4730107153
     2655.0930976517
     2513.1365429717
     2371.1815372886
     2248.7537254234
     2127.0699382849
     2733.9567031194
     2592.0006942769
     2450.0458551194
     2316.3527171650
     2194.6762199558
     2072.9911044899
     2670.8651766337
     2528.9098285186
     2386.9548128007
        0.0000000000
        0.0000000000
        0.0000000000
      571.1137226338
   998438.3264839884
   931395.5105078339
  1329594.0742880970
  1258688.5058645147
  1189349.4261779631
  1123876.0837660034
  1052065.5930456964
   944958.9189980214
  1250380.4286785382
  1077286.7773761523
   932226.5877227486
   829601.8699170469
   733114.9441632266
   644013.6322606310
  1013701.9191335196
   930874.7202041529
   843371.7947573694
   750175.9103854708
   663915.3385508604
  1034455.7022389083
   949844.3869514519
   864231.3324973701
   772765.7648574890
   692974.4205222657
   622072.2083490635
   969279.5062493527
   893866.6848816252
   820646.2932412508
   738012.3439937196
   653893.6667529842
   997007.4149476653
   918868.7701839189
   845922.0770338601
   767828.3207193465
   695679.6098934575
   603939.9623543152
   828295.6411666892
   791580.8760926522
   753306.7564368126
   686525.9688454681
   592763.9676778325
   807224.6926456180
   740339.9003016419
   681307.7843580963
   614758.4323987848
   544784.8924942190
   455296.4285226897
   550614.8813016162
   531726.8235524649
   508906.1756313467
   461632.9772118387
   399822.2264987222
   500914.3461473455
   460848.2174494468
   425213.4944604100
   383530.1539624260
   340963.6359198898
   288087.6790125329
   333624.6856337150
   318671.2417707861
   304514.0051196734
   278445.2361339029
   250519.5805097683
   214224.3426421246
   248623.6464215961
   236350.9472863147
   223955.0435796890
   201842.2013494358
   175747.6888099982
   208986.2876551354
   193158.7633090419
   179170.7347285240
   161603.1055500569
   143605.8032796260
   123669.9444782544
   143281.2981123149
   135872.6068255610
   127328.1015619139
   114698.1543234008
   100775.3616788700
   117016.3939354806
   108603.7928407234
   100462.8356893314
    90513.9855788702
    80489.9482263313
    69715.0398432976
    81085.5941275240
    75379.2905623751
    69615.7245254904
    62521.4354884097
    55023.5969942443
    61933.3485212984
    57046.5462411104
    52356.5740383928
    46796.4032266999
    41226.1390154555
    35686.7011912652
    39934.9404014640
    36668.7760267643
    33297.3057237068
    29624.7258136229
    25926.2774827950
    27847.5391269726
    25622.5511749648
    23416.4309925578
    21168.6647163469
    18919.2699443932
    16789.1495627968
    18256.9398466822
    17096.9015564701
    16002.2900023138
    14900.9292710433
    13803.5195492112
    12716.8105956821
    14516.6488924778
    13931.3758026515
    13338.8429172367
    12696.3561179080
    11977.5820283430
    13288.0040783879
    12882.3489899887
    12449.5008288546
    11943.8901649812
    11354.6267605523
    10647.8974926201
    11523.7266697603
    11033.3135647962
    10477.6115539463
     9888.2439109468
     9221.9101285595
     9415.5311731102
     8892.6170822961
     8404.8494134851
     7904.7276292249
     7371.4780113009
     6780.0879478276
     6841.9686449045
     6214.5024455301
     5582.0540693810
     4984.1213667881
     4324.1547001058
     4291.2237201354
     3518.5806576783
     2876.0657839964
     2482.1874022739
     2239.8348767122
     2058.0194502897
     2665.4221409682
     2528.9247863292
     2386.9636455518
     2262.2813846047
     2140.6035162923
     2749.7408106142
     2607.7830383033
     2465.8256890945
     2329.8772883583
     2208.2002134153
     2086.5228977301
     2686.6484425765
     2544.6908764636
     2402.7337667400
     2275.7986153168
     2154.1217479158
     2032.4443609051
     2623.5568605401
     2481.5990905323
     2343.3970773300
     2221.7196439008
     2100.0414683232
     2702.4197538071
     2560.4620480455
     2418.5051121920
     2289.3170824248
     2167.6405678180
     2045.9629501355
     2639.3291089682
     2497.3713302014
     2356.9160142378
     2235.2384511179
     2113.5598169557
     2718.1921935596
     2576.2347293356
     2434.2777919522
     2302.8365427393
     2181.1599928928
     2059.4818748215
     2655.1018084426
     2513.1439762986
     2371.1864620638
     2248.7574573780
     2127.0785145176
     2733.9651412551
     2592.0076801156
     2450.0505522138
     2316.3560628734
     2194.6794146359
     2073.0008602594
     2670.8746895210
     2528.9167095777
     2386.9589749422
     2262.2766227337
     2140.5974767653
     2749.7382665436
     2607.7806124728
     2465.8233131692
     2329.8756396583
     2208.1988633750
     2086.5199495612
     2686.6478132102
     2544.6897368541
     2402.7322031467
     2275.7974714709
     2154.1205895869
     2032.4415954434
     2623.5564405190
     2481.5981584404
     2343.3955139168
     2221.7176201967
     2100.0383045700
     2702.4202077236
     2560.4622153379
     2418.5048437075
     2289.3170201461
     2167.6400362151
     2045.9607720515
     2639.3293669545
     2497.3708629809
     2356.9149357158
     2235.2370466250
     2113.5575628125
     2718.1932150970
     2576.2350002330
     2434.2776395648
     2302.8366296638
     2181.1595294661
     2059.4800127427
     2655.1022616933
     2513.1435833855
     2371.1856247025
     2248.7565315514
     2127.0768575488
     2733.9661568456
     2592.0077723132
     2450.0504423874
     2316.3562491381
     2194.6790552410
     2072.9992804807
     2670.8751307837
     2528.9163133589
     2386.9583694768
     2262.2760526061
     2140.5961626977
     2749.7390800138
     2607.7805404456
     2465.8232368773
     2329.8758794355
     2208.1986230759
     2086.5185664074
     2686.6481746505
     2544.6894055032
     2402.7320110916
     2275.7976565918
     2154.1203935351
     2032.4403322333
     2623.5567439282
     2481.5977590446
     2343.3951521418
     2221.7173607619
     2100.0372534341
     2702.4207432266
     2560.4620094387
     2418.5047118934
     2289.3172119808
     2167.6399295192
     2045.9596261463
     2639.3296224867
     2497.3704773688
     2356.9146114072
     2235.2368571221
     2113.5565821836
     2718.1936667623
     2576.2347560412
     2434.2774285451
     2302.8367230168
     2181.1594151143
     2059.4789435263
     2655.1025154232
     2513.1432206972
     2371.1852354056
     2248.7563235786
     2127.0759186361
     2733.9665904694
     2592.0075404607
     2450.0501335581
     2316.3561786637
     2194.6788621050
     2072.9982774780
     2670.8754173021
     2528.9160073580
     2386.9579154098
     2262.2757597067
     2140.5952559095
     2749.7395527651
     2607.7803686835
     2465.8228118599
     2329.8756014323
     2208.1983133742
     2086.5176342635
     2686.6485947985
     2544.6892462189
     2402.7315021713
     2275.7972457201
     2154.1200064117
     2032.4394315619
     2623.5571330440
     2481.5975965405
     2343.3946097265
     2221.7168782378
     2100.0363714735
     2702.4213081690
     2560.4619690766
     2418.5041396103
     2289.3166487736
     2167.6394404255
     2045.9587589308
     2639.3300783605
     2497.3703849200
     2356.9140313030
     2235.2363296892
     2113.5556929844
     2718.1942759118
     2576.2347585489
     2434.2768271092
     2302.8361308267
     2181.1589473412
     2059.4780728820
     2655.1029991017
     2513.1431327329
     2371.1846422366
     2248.7558727440
     2127.0750016903
     2733.9671829070
     2592.0074727834
     2450.0495804891
     2316.3557714540
     2194.6785792816
     2072.9973378666
     2670.8758389522
     2528.9158003545
     2386.9574679754
     2262.2755761022
     2140.5942714444
     2749.7399774375
     2607.7800819443
     2465.8224741266
     2329.8756746479
     2208.1983931783
     2086.5164771177
     2686.6487329216
     2544.6887499695
     2402.7313552027
     2275.7976891198
     2154.1203504613
     2032.4381028246
     2623.5570609348
     2481.5970399575
     2343.3949093816
     2221.7176156431
     2100.0349991272
     2702.4209654674
     2560.4611997559
     2418.5046428141
     2289.3179908365
     2167.6404071240
     2045.9567677926
     2639.3292585590
     2497.3696742616
     2356.9153106094
     2235.2380486697
     2113.5535726337
     2718.1928989659
     2576.2338271350
     2434.2782961934
     2302.8384867645
     2181.1607284288
     2059.4749073262
     2655.1009238201
     2513.1426058186
     2371.1872852599
     2248.7588798844
     2127.0714991160
     2733.9642929492
     2592.0069689667
     2450.0521101904
     2316.3588943975
     2194.6817882240
     2072.9921808871
     2670.8722024479
     2528.9162827739
     2386.9611802382
        0.0000000000
        0.0000000000
        0.0000000000
      571.1137226338
    90184.3365665376
    79590.5925149770
   400073.7288169757
   388966.4022025235
   372617.1374079720
   347144.2602292204
   311485.5210748376
   261676.2905334895
   572274.1745122649
   492699.8143131771
   430597.9561414795
   389340.8834232516
   351903.8753272603
   307855.6014483167
   659066.1715771061
   577398.3497054449
   493000.6099604126
   431022.7597666031
   381719.4518282323
   752695.5220613437
   677987.1665870295
   611805.6178386048
   555766.7983771582
   507778.4990103708
   452005.9802026368
   813023.5399680466
   744605.5120841597
   675331.8908204690
   601829.3478452101
   518688.4485604358
   871666.9007209803
   795056.1620200338
   726861.4545181255
   658089.2690385996
   595838.9908404028
   517485.8122757407
   822840.0375579431
   788396.1563103504
   742047.7592606008
   668465.7713980256
   576509.5035420208
   897103.2683497891
   833853.3061265320
   770403.1905460870
   695083.6187629326
   623122.8054792617
   522769.6806297189
   778906.8559583904
   731530.1857890579
   694249.6913665858
   630212.3016951608
   542077.2619147706
   779283.4959582906
   718066.0981995153
   672616.6440203558
   606965.0018440046
   543028.1310192905
   452925.4187501626
   635297.3362661782
   584990.6234940200
   560295.1010239965
   522555.7108231387
   474425.2185791587
   398739.9006742362
   538207.5380426404
   493413.7696858745
   468006.5799168514
   428040.7760133379
   376509.2533683347
   495341.1181704227
   453556.8240035395
   421672.1314439736
   386428.9612917412
   352175.9509353158
   298439.4884498171
   380236.9096255078
   349545.0568221183
   336252.9441966154
   311323.4416719178
   278540.8827545137
   355551.0408406431
   330738.8154523626
   311761.0485719737
   289165.8135861239
   264375.1131587866
   229138.7693300171
   275129.9794709044
   258208.8099042935
   247606.5597389150
   233424.5076599870
   209510.8796319037
   258826.7877266081
   241301.9565470634
   227179.7830503405
   210677.6493895806
   192070.7064510835
   167618.0308279258
   196937.7578368563
   187097.7968583697
   178596.9047358253
   166681.8084840833
   149797.7260964882
   180972.2024198186
   169526.5069660066
   159844.7258220995
   147862.0801835803
   134394.5183836240
   118641.0401977277
   139489.8451607733
   132331.3836910322
   125583.4140032488
   117296.9950356150
   107008.1753940224
    95135.4271909236
   111907.6168106945
   106079.5692193890
   100260.4039039058
    93141.0182834905
    83589.1298044733
    98587.7658430442
    92653.5750784747
    86730.0883193848
    80627.7013588388
    72989.2580127695
    64949.5103318360
    75711.3830762587
    71542.4673547068
    67085.5580204890
    62266.3008084761
    55832.7284601863
    64401.8879078551
    60399.7706497156
    56380.7611641670
    52225.7722598593
    47190.3726776983
    42072.1667053364
    48279.1937572247
    45384.4641161297
    42363.2394966663
    39118.1180612877
    35115.6441549519
    39516.3258311420
    36994.5193108934
    34433.4784893426
    31764.9300154186
    28822.2989232267
    25833.2467081123
    29357.7828344038
    27581.2524629269
    25720.4639387929
    23817.1756730129
    21616.2737866845
    24448.4228740003
    23024.2788848592
    21559.4658441971
    19989.4765422626
    18326.4059228734
    16593.7332486810
    18804.3292348120
    17731.2665749793
    16612.0019579783
    15413.7759947337
    14198.7932210680
    12947.9221665138
    14538.8294767267
    13806.6179096893
    13056.8949756116
    12253.1789308717
    11370.5445728040
    12224.5322354416
    11694.6390790924
    11217.4880841378
    10731.3027355915
    10201.7659432673
     9605.7697083263
    10465.7554507488
    10016.0010471653
     9555.3200563867
     9139.7321980453
     8676.3503648625
     9480.1441701523
     9088.8034472859
     8657.2565380143
     8203.0398690254
     7734.4841507182
     7259.9150180117
     8031.9646536114
     7722.0767836571
     7346.3363268118
     6907.3729600837
     6369.5900073175
     6664.3157321784
     6237.9782998974
     5852.2150594054
     5463.5590394397
     5058.7471000101
     4620.3711313194
     4855.9441985269
     4395.1371953995
     3944.8583399508
     3550.3538433258
     3221.4504319244
     3608.0730478668
     3190.6705166934
     2745.2712621405
     2390.5250041921
     2190.0576284038
     2079.9837680070
     2686.6575861760
     2544.6994696061
     2402.7416522786
     2275.8057761712
     2154.1281166248
     2032.4502040318
     2623.5643196644
     2481.6060794016
     2343.4035780609
     2221.7255847706
     2100.0472147915
     2702.4273405554
     2560.4688251857
     2418.5110987209
     2289.3224153899
     2167.6452833337
     2045.9672980573
     2639.3356939149
     2497.3772017099
     2356.9215884319
     2235.2438153856
     2113.5648115632
     2718.1992357029
     2576.2405260251
     2434.2830598721
     2302.8414515996
     2181.1644635969
     2059.4857911821
     2655.1085652078
     2513.1497565357
     2371.1919432993
     2248.7627294772
     2127.0826860454
     2733.9719781773
     2592.0133049505
     2450.0557659413
     2316.3608827322
     2194.6839076028
     2073.0042973986
     2670.8816968620
     2528.9226853116
     2386.9644277018
     2262.2816645067
     2140.6007102598
     2749.7453208302
     2607.7864902419
     2465.8285293151
     2329.8803391659
     2208.2033417955
     2086.5228541236
     2686.6553750035
     2544.6959783919
     2402.7374795672
     2275.8021124831
     2154.1249480433
     2032.4442001835
     2623.5641287460
     2481.6042950134
     2343.4006179865
     2221.7219556339
     2100.0404768030
     2702.4280423152
     2560.4683033512
     2418.5097986527
     2289.3214707935
     2167.6442061019
     2045.9630187541
     2639.3375681335
     2497.3770307907
     2356.9198132013
     2235.2410178922
     2113.5593801909
     2718.2015847588
     2576.2411889845
     2434.2824864677
     2302.8409718071
     2181.1634869171
     2059.4820082938
     2655.1108383251
     2513.1498000951
     2371.1902663178
     2248.7601895432
     2127.0784540375
     2733.9748993525
     2592.0140916453
     2450.0552131045
     2316.3604361307
     2194.6827490646
     2073.0011074436
     2670.8839685412
     2528.9226070654
     2386.9628646489
     2262.2794292139
     2140.5976250109
     2749.7481311291
     2607.7870151910
     2465.8279411642
     2329.8798524129
     2208.2020530312
     2086.5203466439
     2686.6574282823
     2544.6960382296
     2402.7366544211
     2275.8014179834
     2154.1235862365
     2032.4420292209
     2623.5657345645
     2481.6041432931
     2343.3994183198
     2221.7202838790
     2100.0386283024
     2702.4299435578
     2560.4686296461
     2418.5092447701
     2289.3207815113
     2167.6429050625
     2045.9613610138
     2639.3387314233
     2497.3769471325
     2356.9188164487
     2235.2396576375
     2113.5579892145
     2718.2029851524
     2576.2414766978
     2434.2819473927
     2302.8402512610
     2181.1623805300
     2059.4807283693
     2655.1116955226
     2513.1497251114
     2371.1893800451
     2248.7591632300
     2127.0773664855
     2733.9759610036
     2592.0142351768
     2450.0546673884
     2316.3599119101
     2194.6820747152
     2073.0000892055
     2670.8845857893
     2528.9223920724
     2386.9621263723
     2262.2788772266
     2140.5967406675
     2749.7488335648
     2607.7868380349
     2465.8275057032
     2329.8799328261
     2208.2020819456
     2086.5193518043
     2686.6576460968
     2544.6954481862
     2402.7363067692
     2275.8019775889
     2154.1240952940
     2032.4409324647
     2623.5656812455
     2481.6033853160
     2343.3994295607
     2221.7211224848
     2100.0375551928
     2702.4296394282
     2560.4676481212
     2418.5096359736
     2289.3226894346
     2167.6445258512
     2045.9594938164
     2639.3376869094
     2497.3758139045
     2356.9200355555
     2235.2420728038
     2113.5560078075
     2718.2012502960
     2576.2400229716
     2434.2836319426
     2302.8438455483
     2181.1653479346
     2059.4771643963
     2655.1088273522
     2513.1485737313
     2371.1926789181
     2248.7637281027
     2127.0733397395
     2733.9719197763
     2592.0130741244
     2450.0581341583
     2316.3649250546
     2194.6871860109
     2072.9934196019
     2670.8791863045
     2528.9225750808
     2386.9674305976
        0.0000000000
        0.0000000000
        0.0000000000
      571.1137226338
    14075.2468187385
    11892.3724125869
   143640.5950697951
   146471.9028086548
   140623.0950541842
   131621.0923315485
   117562.8016331470
    96746.5781922172
   227727.0434157011
   194421.1730810384
   168776.6058427708
   162104.1350573324
   154455.4180356451
   140301.8605771710
   340151.0517629647
   295657.2695468569
   252039.3223965880
   218630.2053000961
   190842.6953006948
   433609.7444377635
   381542.2204542008
   329777.9131168360
   289423.2256874630
   257927.9688485117
   229063.9668014180
   508137.3383372728
   448178.3221996734
   380703.1962344995
   323435.2432307360
   276766.4067038098
   573577.1442353638
   505089.0516255325
   433349.1416390197
   373842.1722084142
   326644.8983932560
   287544.4048155244
   596075.7550361892
   532026.9217290623
   459210.6221224712
   394124.9516111623
   338053.5558994482
   653299.0493642041
   582097.4528353666
   505920.5583982203
   438260.4568723301
   383439.8053187513
   334137.4222899614
   639011.6804299339
   579193.2751958445
   509408.6856766714
   438675.6053202825
   373609.5544252148
   670820.1038418359
   609302.4282070736
   542299.8479370897
   473956.1539159846
   418680.8989990446
   360659.8197711334
   633018.6037789831
   592987.3635470647
   550189.9316443074
   489952.7785491458
   435995.4453086348
   367327.8607386921
   595593.4484738109
   558406.9151490245
   520077.9998650880
   460746.1703003192
   392062.4087871208
   604493.6968718710
   562407.7524165235
   525639.5495498558
   472697.9201264088
   422845.5035350580
   351788.6539311634
   513783.3505543884
   478145.4429276529
   467768.1757064367
   427827.7336621747
   373107.5363042813
   532100.1988352498
   494279.4691060898
   456797.7468769248
   415366.5362689909
   377464.5294582470
   316398.5698238574
   429020.7659329700
   393065.5096728505
   379436.3279590597
   349796.5096010671
   312747.6034899604
   422618.0878124455
   388430.1092443196
   358784.1068731543
   331360.6098707189
   304302.5014533845
   261952.0455463050
   343206.4314214818
   317291.3275513846
   303674.7162479349
   284315.4215418654
   257050.1646873732
   339818.6434733127
   316294.5389977862
   297361.9095937969
   278097.2732416686
   255849.9711831429
   225612.2865071175
   283397.2803121302
   266328.4904523781
   252644.9862268594
   242139.0747752070
   224431.0872855283
   198626.1017409721
   247402.9432477060
   232958.7812801310
   221368.8647725747
   210014.1881684543
   190024.6681584477
   243808.7784049040
   227694.4698743733
   214346.5055866156
   200856.2457612140
   185708.6296420284
   164171.4644922103
   198712.6876109982
   188032.0400146992
   179266.8664973655
   171267.3684782936
   155415.2395812834
   195449.6465026024
   183194.1452099810
   172679.0931845485
   161998.0392139269
   149872.3580354173
   133208.2521433019
   159359.1344273540
   151291.2162448959
   143957.2243158773
   136789.8326685581
   124146.4511035306
   153036.8012136403
   144046.6205696226
   135887.8007655197
   127437.5765288117
   117681.1330300757
   105282.5361145514
   125387.4622177067
   119032.9720833055
   113254.1537953808
   107029.6419574136
    97160.7544429745
   117869.4011748191
   111113.3845503956
   105039.1974719926
    98167.2362024629
    90675.7907175579
    81540.5909155827
    96679.6321704887
    91759.7811438788
    87460.2548463162
    81988.8943039798
    76194.3941634448
    68580.0929776400
    81231.3694444826
    77155.0717811365
    73412.9673741991
    68967.5755020694
    62811.4353305303
    74415.4931619512
    70326.5728805142
    66332.8872521701
    61974.7514292574
    57066.2883997211
    51361.8135725968
    60092.7281818693
    57004.9571389766
    53960.4540549586
    50600.5795158469
    46055.8309088724
    53618.6154126956
    50664.2024242970
    47794.2074194781
    44553.6013655667
    41060.3693693328
    37041.6675974047
    43077.1802412537
    40775.8895190889
    38459.9140005562
    35884.0905016933
    32770.9684819290
    37779.2956190208
    35765.0316246478
    33719.2543201006
    31459.4003048952
    29074.0182551230
    26403.3034193039
    30472.6659484862
    28918.8360701355
    27306.4717312365
    25545.4508811389
    23462.1150829328
    26690.8558700169
    25326.4183932428
    23938.4614009223
    22387.9653817997
    20748.8952484449
    18938.4153469573
    21579.6995946467
    20484.9201241708
    19358.7633593080
    18133.8725269863
    16850.7518184145
    15453.0127803686
    17716.3129369641
    16853.6873563326
    15969.4258536187
    15027.0197680431
    13967.0998049637
    15654.5254755413
    14917.2206359503
    14189.6985652453
    13395.9453419571
    12551.6976479328
    11624.7933362283
    12918.1791933992
    12288.0293888813
    11639.4491495497
    10978.3492268599
    10213.5672201393
    11191.3940345120
    10691.4589047611
    10205.2712744565
     9679.5352467926
     9083.9409163454
     8361.6769907487
     8901.0485455630
     8345.7858048976
     7793.0403326178
     7291.9289955790
     6788.0445819388
     7126.5901887054
     6751.5687969079
     6383.2761643711
     5981.9206145031
     5580.0247685257
     5210.9653449776
     5736.9620534744
     5493.6729151590
     5243.7337873560
     5057.0426405245
     4857.0566166796
     5337.5593188076
     4986.3770015335
     4604.2427266701
     4227.3142000965
     3896.0802850099
     3589.5917038318
     4024.8640571496
     3799.9783093038
     3627.3163680807
     3448.9019211325
     3229.5911888763
     2947.1911238797
     3352.5444075661
     3085.3470653091
     2842.6879259397
     2594.9293404577
     2342.9907190397
     2816.1212389922
     2574.5328683491
     2404.9083166546
     2289.0842042699
     2167.6528631483
     2045.9742526395
     2639.3436419775
     2497.3848389880
     2356.9285721166
     2235.2499462792
     2113.5710998933
     2718.2069261725
     2576.2478448735
     2434.2894134024
     2302.8467568587
     2181.1690062248
     2059.4907327765
     2655.1150507205
     2513.1558745642
     2371.1973788163
     2248.7677607038
     2127.0886251418
     2733.9786950316
     2592.0191635918
     2450.0607979634
     2316.3653866484
     2194.6880894544
     2073.0093347489
     2670.8875995448
     2528.9279746964
     2386.9695193257
     2262.2867919505
     2140.6067583400
     2749.7510464758
     2607.7914689692
     2465.8334546950
     2329.8850842522
     2208.2075754173
     2086.5278064828
     2686.6605930086
     2544.7011305997
     2402.7430039007
     2275.8072554752
     2154.1292664442
     2032.4489135748
     2623.5689024554
     2481.6094283230
     2343.4063290294
     2221.7273258203
     2100.0456055362
     2702.4325370776
     2560.4733983410
     2418.5153830837
     2289.3262553550
     2167.6480932404
     2045.9670711713
     2639.3422139900
     2497.3827197964
     2356.9258539286
     2235.2461737646
     2113.5636618549
     2718.2061375733
     2576.2469818781
     2434.2883604743
     2302.8455380983
     2181.1671975100
     2059.4856132472
     2655.1159431511
     2513.1561304963
     2371.1963010570
     2248.7649943198
     2127.0819945934
     2733.9800729968
     2592.0204904289
     2450.0610504436
     2316.3648210585
     2194.6865668191
     2073.0044641327
     2670.8898733847
     2528.9292948082
     2386.9686326623
     2262.2839962174
     2140.6006672910
     2749.7541550942
     2607.7936548754
     2465.8335506983
     2329.8844514098
     2208.2064912580
     2086.5235649445
     2686.6641125120
     2544.7026309820
     2402.7421529152
     2275.8063496561
     2154.1284859019
     2032.4450372201
     2623.5724705345
     2481.6103470434
     2343.4048271328
     2221.7254307671
     2100.0411025180
     2702.4366335392
     2560.4744610742
     2418.5148358344
     2289.3271621232
     2167.6492854963
     2045.9635031533
     2639.3451551546
     2497.3823574400
     2356.9249557335
     2235.2465812228
     2113.5594656451
     2718.2088603229
     2576.2464039738
     2434.2888019155
     2302.8490722546
     2181.1706480370
     2059.4804760928
     2655.1163845482
     2513.1546275860
     2371.1979796383
     2248.7690488572
     2127.0758753424
     2733.9794096395
     2592.0191798374
     2450.0641240120
     2316.3710865958
     2194.6929910975
     2072.9949321240
     2670.8862723115
     2528.9289267923
     2386.9737966904
        0.0000000000
        0.0000000000
        0.0000000000
      571.1137226338
     3740.0635889865
     3325.6781031206
    66212.3824438355
    64472.7643489231
    60119.6994945479
    54296.9742363127
    47693.8406493395
    38712.4055735425
    79606.9971312531
    66867.1823346318
    60375.4957730760
    60464.2357858360
    59965.7460262932
    54753.2168954137
   143647.8678010260
   124990.2599051919
   108109.7699884558
    95744.9772184240
    84184.6348509331
   205067.0835996051
   180408.5765056609
   157434.8748487677
   141311.7183402390
   128936.9786405245
   115459.9816478142
   277442.5473069365
   243759.6547561595
   207907.3925453501
   179104.6168751788
   155502.0737969248
   346153.9538009203
   304352.3024831079
   261800.3057708175
   227824.6616613754
   200966.6216054418
   178116.3372568860
   391766.3957757924
   347386.9623772699
   297007.9696591009
   254446.3564860303
   219255.5468907157
   448705.8891351656
   397834.5350873333
   343391.3429748873
   297860.7768189522
   260424.4465824148
   229019.3874076890
   470279.7636980151
   420628.2858627993
   362535.2592407123
   310745.6535736760
   266164.5129660229
   510773.4731084556
   455132.7447619151
   394240.9984588851
   341397.3501850520
   298126.2405639612
   260967.8021020246
   512077.5149009303
   463044.5227926999
   407200.7879017803
   354002.7299378187
   309476.1363676288
   268466.4097555127
   503047.6156632800
   455167.9300502806
   401053.8551492978
   345500.3337655478
   294522.5642062480
   524416.6620386273
   472952.7125723694
   419856.5527168894
   365558.6732835454
   320572.1451211467
   274945.7658201203
   485873.6002323289
   447798.0125625523
   403830.9298481707
   351275.6606237356
   297348.7401377991
   497473.7559657411
   455396.8262673442
   408679.0102403428
   358249.0871791039
   316230.5604660379
   268253.7599654332
   441939.5218289125
   413827.9153963919
   380085.0750447278
   335532.8091749941
   287087.7456228571
   448388.1350897395
   416089.0125484393
   382465.8756567414
   342706.5877695210
   305099.9745476310
   258227.0041468914
   391650.5996479889
   367523.6231826034
   349450.5350563384
   313143.4418784998
   272618.5609831521
   398178.6328795886
   369821.6387649740
   344771.3745563753
   310179.0806920895
   278024.7238998169
   236311.0775728091
   342424.5658451627
   318334.6955368625
   295563.6059504675
   275418.8033317919
   250441.0085805400
   216451.4200758314
   308819.4883191269
   286293.2840073070
   266333.1863009154
   244715.6778506799
   218186.4667309352
   308482.7509493933
   286892.6655810529
   264275.1422284257
   242049.0536262381
   221936.1694547135
   195560.1842302630
   263491.9865869815
   249238.0127847740
   235995.6777102418
   220826.4471249489
   200028.9577327013
   275175.9217717278
   257417.2532644016
   240594.5068926057
   223809.1866339839
   205841.4750978256
   182011.3979796518
   237175.6169716163
   224022.5878206373
   213309.8675043118
   200446.3333618538
   182552.2395048672
   245995.0687410892
   230226.2380390911
   216640.7074174478
   202437.8577887869
   186843.3074017051
   165904.1273823324
   210485.5386420053
   198652.9188406152
   189161.1146929578
   180715.5159255915
   165001.4306823956
   217571.9568410226
   203789.4724696599
   191455.1068835259
   180334.1605755956
   167448.5404888435
   149811.6877009664
   188759.0458780369
   178047.2977289776
   169109.6758166045
   162615.9964972305
   151630.5256505778
   135870.3309039587
   169323.3526077430
   159879.2858995983
   151593.7290214886
   145282.1229956998
   132615.2189592724
   169454.0849143092
   159148.7491382224
   149519.9213974519
   141204.9032289900
   131125.2485836925
   117430.0121460228
   143657.7911230515
   135925.8214279605
   128987.8473947677
   123104.9247204280
   112466.7485129853
   141731.0460355019
   133408.5163573004
   125670.6144401986
   118472.5374128897
   110033.3018256077
    98860.0400363053
   120300.0259931003
   114040.9706020850
   108340.4004302409
   102940.2634177818
    94092.5754700917
   117085.9934455167
   110463.4459653911
   104395.4226537608
    98105.3477307189
    91228.7515112161
    82267.7253509126
    99510.4581760505
    94528.7741947581
    89996.3453317463
    85280.4687933542
    78116.6195812997
    95808.5843609077
    90613.4426693276
    85970.9313866053
    80583.0908196304
    75106.5539371586
    68032.6769136560
    81589.7863536436
    77522.3499013785
    73983.0896073986
    69604.6279391399
    65079.9364314448
    58969.2322817711
    70646.9464973825
    67176.8953880533
    64107.6308305040
    60487.2193505226
    55679.8789206790
    66886.7775413154
    63428.9888454185
    60273.9866077935
    56613.5823830074
    52831.4405123139
    47984.6947279769
    56900.9276304176
    54175.6629884205
    51663.5681889207
    48789.1489564201
    44976.1548591165
    53169.2525965375
    50547.2997575103
    48034.5177175928
    45186.7019405004
    42194.5273406202
    38437.2897641499
    45148.5706257384
    42982.8491213598
    40907.5560021102
    38555.2392072984
    35606.7431491207
    41670.3045618374
    39648.7528371003
    37675.5441676779
    35468.4974227298
    33145.1572431847
    30316.7518962531
    35426.6439647345
    33771.7993112072
    32124.8680179526
    30279.5941612112
    28023.9321651078
    32414.1787511396
    30862.0857595019
    29297.3161034793
    27556.4091503706
    25681.5732503187
    23529.0671111381
    27048.2230517931
    25716.0783438240
    24391.3867100919
    22897.7640006449
    21324.5784599122
    19544.3224194486
    22515.8521859153
    21449.9315909980
    20349.6142248286
    19151.1148746710
    17767.7325818308
    20242.0638849232
    19311.3444450581
    18380.7585422034
    17363.1244625610
    16267.6975122894
    15030.0986677731
    17142.3963796309
    16401.3383335958
    15609.0798932996
    14752.3312719619
    13742.5568901206
    15294.7322058109
    14631.4036510211
    13989.7097434193
    13292.5695912731
    12530.7462840616
    11650.4259585000
    12802.8286240053
    12256.5532667461
    11720.9859955793
    11165.8098774388
    10509.5363659284
    11440.7135883522
    10878.1887300931
    10303.2277465232
     9680.7393313800
     9051.3176883637
     8377.5356295944
     9251.8572841778
     8744.8354450574
     8241.2232924031
     7783.5128577789
     7311.8678786369
     8337.8255900511
     8005.6986674149
     7645.1272458186
     7169.7847301895
     6601.5457526772
     5887.4998273518
     6331.3800817290
     5786.0932079067
     5380.7200440482
     5034.8344416331
     4685.2937228697
     4327.3795773322
     4958.4625937984
     4693.2083586926
     4430.7233641129
     4173.9216142302
     3888.6031560770
     4355.0501480711
     4099.3767280299
     3838.1324749568
     3594.2246043189
     3377.3490534426
     3176.6391266222
     3677.7490916463
     3526.9092625264
     3409.1174067251
     3329.8336190328
     3234.8808400448
     3795.4725122801
     3572.8131752714
     3310.5497938191
     3066.3472782706
     2843.6182404238
     2591.3369587537
     3015.9278578012
     2718.1468105094
     2453.3792803239
     2240.8744565948
     2117.1910864402
     2733.9881970296
     2592.0284391699
     2450.0691883934
     2316.3725138623
     2194.6940490057
     2073.0153001628
     2670.8950334798
     2528.9350845902
     2386.9758330047
     2262.2923748511
     2140.6129816968
     2749.7587629253
     2607.7983994672
     2465.8392869401
     2329.8901630144
     2208.2125047077
     2086.5334326496
     2686.6677776146
     2544.7072459132
     2402.7484089589
     2275.8124933137
     2154.1345450387
     2032.4546154481
     2623.5760839990
     2481.6154065428
     2343.4117727686
     2221.7327165615
     2100.0511502357
     2702.4393350494
     2560.4790160937
     2418.5205612194
     2289.3317346106
     2167.6540186760
     2045.9726894171
     2639.3495358700
     2497.3883884021
     2356.9310722367
     2235.2519503527
     2113.5682994277
     2718.2128835330
     2576.2520518776
     2434.2937218005
     2302.8530876304
     2181.1760216466
     2059.4897579412
     2655.1217886797
     2513.1603229761
     2371.2027372902
     2248.7743370807
     2127.0834034703
     2733.9848954587
     2592.0246841382
     2450.0694295488
     2316.3769777446
     2194.6993329773
     2072.9991956660
     2670.8925632850
     2528.9350029788
     2386.9800998866
        0.0000000000
        0.0000000000
        0.0000000000
      571.1137226338
     2188.4682331850
     2067.9331295560
    30157.7890541929
    29183.7733014192
    27172.4382795450
    25063.9373445742
    22565.4487957920
    18431.1099790144
    32863.4042881903
    27254.7413838053
    23883.1891523787
    23611.4418536334
    23594.1461168643
    21617.9647273313
    58195.5056018802
    50772.4492771292
    44500.3780044924
    39989.1205282604
    35362.2722304505
    89261.3941439762
    78697.5427383636
    69402.4119635479
    63325.6112870397
    58630.0093822973
    52917.3575873647
   129314.8516671916
   114086.1486395133
    99203.3442954143
    86886.9617866611
    76316.5034515686
   179062.4254729129
   158504.8248409143
   138170.2297715762
   122227.7693200754
   109496.5894514424
    97839.9269617038
   227316.3459504092
   199879.8324964499
   170390.2942306459
   146105.3109654040
   126520.7293564458
   274395.5025415218
   242386.5667275907
   209299.1515623493
   181817.0498331952
   159746.4350360631
   141364.8172689356
   307178.0511388357
   272765.0736429318
   233871.5514518134
   200694.2414026857
   173090.5890634618
   353327.2014201896
   313610.2432805923
   271102.8451952985
   235629.6999830260
   206395.9536298314
   181965.0688405230
   377456.5209969617
   338294.1889403032
   293924.1042829801
   255370.4926621176
   223219.2178023353
   195214.4807898786
   387388.2227543723
   347604.3150109581
   300418.4566129934
   257404.6662378304
   220904.3093028543
   414579.1792140949
   369829.8956454497
   321820.2198433419
   279549.0060672236
   243960.3381521549
   213260.1953033110
   405689.7590594346
   367120.8173574237
   322249.4994098380
   276895.6865155795
   236969.0699867337
   427189.5252507912
   383513.8636022931
   337819.0287890664
   294196.5973823825
   257258.1597986142
   222705.9962101854
   404539.4612326315
   369509.3287978250
   329585.9749859164
   285054.0100370877
   242841.1334750638
   419107.0430336405
   379351.1601232833
   338443.5988046657
   295158.5844414468
   259371.1634725724
   222176.7275753961
   380101.3437369074
   352788.6289687725
   319020.6456332497
   279327.0426666074
   238103.5283193059
   390005.0335833219
   358812.4018070218
   323566.8890922105
   285645.0832061141
   253216.3828674791
   216895.5616586705
   351232.3910417364
   329466.3619597393
   307350.1067330245
   276555.3900131594
   247437.1373938153
   211042.0033614338
   327725.2232307384
   306444.7672053818
   285907.5802159576
   255033.9346096095
   221191.8238281039
   333529.9718828585
   309217.4260674098
   287622.2296502810
   258732.4105145516
   231527.3844897163
   197466.7568747159
   294687.0791372965
   275792.4966688213
   259752.9658066448
   233868.6453594830
   205701.9837989772
   302101.5291771069
   280048.5267764131
   261790.6480860930
   236797.5474763488
   213595.2045245791
   182895.0157610585
   266829.3629720247
   248691.2936122715
   232072.6709381346
   213237.6117908286
   189191.6449072768
   273767.0393091450
   254898.5215020692
   236578.9880997042
   214451.2326154361
   194217.6789586846
   167361.6532240866
   239811.0552102529
   223023.7485051958
   207936.8896673610
   191201.8324415476
   171365.1455830098
   246006.7139737510
   230093.1957191775
   211559.0808629026
   192638.8370389033
   175474.4314635509
   154358.6125476611
   219565.3408010639
   204674.8034292830
   191262.8180010486
   177428.0846641434
   163740.2622690655
   145355.4444394844
   203861.0861312537
   190295.2563938988
   177269.2908798984
   163783.0784180960
   147843.8969674293
   206992.6696849237
   193898.0756880242
   179440.5433032556
   165301.1134643620
   151741.5826628006
   135101.7135023229
   183323.9819179398
   173021.7232377910
   162971.6604034354
   152090.2537537190
   138186.4308802474
   189658.1654997471
   178114.8505669463
   166510.3678784155
   154641.1611137049
   142293.2750497918
   126984.0147154187
   168476.0009690138
   158830.4607060962
   150509.7586637207
   140608.9138550415
   128181.3855741729
   173002.1088954869
   162290.7976165252
   152568.4000198007
   141970.2970057081
   131056.7468266022
   117348.0825116258
   152938.1470292937
   144283.6295492061
   137018.9943048258
   128758.8994444426
   117712.7222683038
   156896.6449133001
   147386.3756740410
   138670.6075645302
   129942.1237332947
   120616.9267983492
   108708.5988255092
   140277.8884622004
   132492.6922720008
   125609.6504663019
   119700.2813439835
   111613.7415195335
   100661.0404482104
   128471.9403067235
   121484.8954092523
   115360.0901318470
   109489.2532519554
   100237.7438005337
   130203.9351155722
   122600.8392327999
   115452.0724388256
   108658.2924384938
   101064.2413408162
    91102.6909038025
   114061.8204847527
   108123.7875576473
   102766.3235960101
    97776.7172691588
    89712.0823205019
   114666.4604394679
   108286.0329779298
   102216.0267683658
    96383.7317696141
    89887.9449886866
    81300.4603624181
   100659.4226361808
    95560.7999232973
    90913.1871906708
    86466.6335772199
    79471.0382623150
   100017.2097057396
    94599.3022244745
    89508.6661903439
    84276.4231358882
    78743.4585686079
    71409.5988265206
    87539.1432633061
    83203.9007299651
    79339.1961278727
    75300.2116594150
    69445.7078464048
    86243.2827963802
    81719.8103205936
    77561.0739413611
    73065.0940575826
    68449.9032616762
    62370.4451854612
    75822.8284977329
    72117.3082039147
    68924.3672571985
    65185.2805910172
    61280.4731144875
    55823.3228428689
    67673.1815285508
    64388.6177761017
    61519.1428408883
    58202.7329577924
    53864.7201485018
    65674.3069736683
    62286.2050448626
    59185.3480729435
    55659.9717745812
    52111.2826368068
    47481.9148625774
    57143.1726631429
    54344.6821731987
    51871.8287596319
    48992.0523361957
    45337.8860493264
    54792.1958210198
    52077.3949570599
    49574.3654206100
    46716.2114582486
    43836.3615127736
    40103.8494570436
    48065.5634533632
    45824.3388406599
    43775.2073402705
    41403.2560605176
    38460.3325631937
    46049.7325832251
    43906.6583364083
    41867.4633167244
    39555.1898238489
    37185.1448782955
    34132.4162603886
    40560.0256958019
    38716.0375933734
    36964.1119554298
    34936.6463177054
    32473.9220288655
    38392.2228311649
    36631.7321441076
    34900.0636491303
    32975.6812887601
    30974.0267777711
    28516.4594085730
    33487.7839659164
    31998.4861008561
    30544.8769181794
    28903.2034707695
    27148.8427984950
    24997.1822680684
    29336.9442886882
    28016.7294537472
    26703.7185139551
    25232.1181319332
    23481.4378415412
    27342.1087917485
    26070.4391806014
    24810.7618978926
    23426.7826415515
    21958.0537241533
    20217.8333300791
    23458.5228294309
    22378.6936463639
    21290.4377195763
    20102.3208291911
    18695.7693037255
    21415.5912674601
    20476.8556489222
    19543.8848664703
    18523.6821884791
    17447.9668993027
    16188.5651817167
    18380.8149370728
    17656.9764637548
    16928.1746857635
    16150.3287794419
    15223.8297849259
    17010.4156562603
    16361.6206360591
    15708.5249100809
    14971.9941374338
    14160.4430981594
    13208.2729277552
    14695.4198312403
    14030.9483428883
    13377.5816880534
    12688.8923696790
    11913.0673342223
    13175.1114438567
    12561.2363980188
    11962.6468253244
    11313.9405550231
    10640.1532158353
     9880.0553620665
    10877.9925726098
    10299.5199388160
     9735.1934944042
     9162.1264039273
     8558.6553388652
     7918.1284845914
     8470.6676788865
     7977.1537810230
     7510.2966052944
     7048.7647645025
     6555.2529527609
     6904.9561348888
     6458.0548399611
     6041.8855539433
     5629.2871312207
     5210.7344101024
     4754.7316573509
     5051.5551320111
     4598.4101939892
     4192.4240711672
     3912.6257580950
     3691.2844324145
     4203.1747995287
     3925.1015514909
     3698.9463587766
     3498.7043792585
     3302.0389951958
     3076.6850914652
     3570.8933781220
     3326.3669496318
     3133.8360028776
     2954.4928142955
     2756.8057260583
     3255.6970537967
     3098.7380706378
     2986.0118656733
     2914.0410801781
     2848.1553794041
     2731.6351119927
     3239.0949355025
     3033.2106597404
     2589.9498474414
        0.0000000000
        0.0000000000
