!------------------------------------------------------------!
  Date: 20190925
  Simulation name: SV7 
  Filename:massinchannel.txt                                                                                                       
  Produced in mod-subroutine:  massdist/massinchannel                                                                                                  
  Written by AK September 2019
  Description:Calculate mass distribution in different parts of the channel                                                           
  Data format: t Total Mass (m^3) Elutriated % Med Dense InChannel WidthChannel 0ScaleH ScaleH buoyant current                        
!------------------------------------------------------------!
   1       2508480.0000000000             0.0000000000             0.0000000000             0.0000000000             1.0000000000             1.0000000000             0.9701492537             1.0000000000             0.0000000000                      NaN                      NaN
   2      43093625.7727293968      35245624.1407574341             0.0000029342             0.0117433663             0.9882560526             0.9989769336             0.9599413537             1.0000000000             0.0000000000             0.0001278660             0.9998721340
   3      83667958.4470393956       2508480.0000000000             0.0000041865             0.0237558077             0.9762427959             0.9973778922             0.9576149329             0.9999995778             0.0000004222             0.0000000000             1.0000000000
   4     121739569.0918891877     121739569.0918891877             0.0000061198             0.0319152925             0.9680831126             0.9959196503             0.9557449362             0.9996427186             0.0003572814             0.0009450894             0.9990549106
   5     121732205.8257656246             0.0000000000             0.0000130591             0.0500495803             0.9499476218             0.9947471287             0.9545809051             0.9990474352             0.0009525648                      NaN                      NaN
   6     121731957.0438476354             0.0000000000             0.0000271302             0.0685956423             0.9313987397             0.9921618341             0.9542635823             0.9979114753             0.0020885247                      NaN                      NaN
   7     121731782.0036326498             0.0000000000             0.0000465963             0.0906262856             0.9093644393             0.9899227185             0.9534876071             0.9967424854             0.0032575146                      NaN                      NaN
   8     121731498.0163795352             0.0000000000             0.0000738070             0.1176640834             0.8823218020             0.9818822472             0.9510421175             0.9905976286             0.0094023714                      NaN                      NaN
