!------------------------------------------------------------!
  Date: 20191203
  Simulation name: SW7  
  Filename:transect.txt                                                                                                                                          
  Produced in mod-subroutine:  massdist/massinchannel                                                                                                                                
  Written by AK September 2019
  Description: Transects from channel sides to edges                                                                                                                
  Data format:300 EPP, 600 EPP, 900 EPP, 300 TG, 600 TG, 900 TG, 300 DPU, 600 DPU, 900 DPu                                                                          
!------------------------------------------------------------!
  -0.00000  -0.00000  -0.00000   0.00000   0.00000   0.00000             0.00000             0.00000             0.00000
  -0.00000  -0.00000  -0.00000 272.99973 272.99946 272.99935             0.00000             0.00000             0.00000
  14.00035  14.00035  14.00035 272.99973 272.99946 272.99935             0.00000             0.00000             0.00000
  14.00035  14.00035  14.00035 272.99971 272.99946 272.99934             0.00000             0.00000             0.00000
  14.00035  14.00035  14.00035 272.99971 272.99946 272.99934             0.00000             0.00000             0.00000
  14.00035  14.00035  14.00035 272.99971 272.99946 272.99934             0.00000             0.00000             0.00000
  14.00035  14.00035  14.00035 272.99971 272.99946 272.99934             0.00000             0.00000             0.00000
  14.00035  14.00035  14.00035 272.99971 272.99946 272.99934             0.00000             0.00000             0.00000
  14.00035  14.00035  14.00035 272.99971 272.99946 272.99934             0.00000             0.00000             0.00000
  14.00035  14.00035  14.00035 272.99971 272.99946 272.99934             0.00000             0.00000             0.00000
  14.00035  14.00035  14.00035 272.99971 272.99946 272.99934             0.00000             0.00000             0.00000
  14.00035  14.00035  14.00035 272.99971 272.99946 272.99934             0.00000             0.00000             0.00000
  14.00035  14.00035  14.00035 272.99972 272.99946 272.99934             0.00000             0.00000             0.00000
  14.00035  14.00035  14.00035 272.99972 272.99946 272.99934             0.00000             0.00000             0.00000
  14.00035  14.00035  14.00035 272.99972 272.99946 272.99934             0.00000             0.00000             0.00000
  14.00035  14.00035  14.00035 272.99972 272.99946 272.99933             0.00000             0.00000             0.00000
  14.00035  14.00035  14.00035 272.99972 272.99946 272.99933             0.00000             0.00000             0.00000
  14.00035  14.00035  14.00035 272.99972 272.99946 272.99933             0.00000             0.00000             0.00000
  14.00035  14.00035  14.00035 272.99972 272.99946 272.99933             0.00000             0.00000             0.00000
  14.00035  14.00035  14.00035 272.99972 272.99946 272.99933             0.00000             0.00000             0.00000
  14.00035  14.00035  14.00035 272.99972 272.99946 272.99933             0.00000             0.00000             0.00000
  14.00035  14.00035  14.00035 272.99972 272.99946 272.99932             0.00000             0.00000             0.00000
  14.00035  14.00035  14.00035 272.99972 272.99947 272.99932             0.00000             0.00000             0.00000
  14.00035  14.00035  14.00035 272.99972 272.99947 272.99932             0.00000             0.00000             0.00000
  14.00035  14.00035  14.00035 272.99972 272.99947 272.99932             0.00000             0.00000             0.00000
  14.00035  14.00035  14.00035 272.99972 272.99947 272.99931             0.00000             0.00000             0.00000
  14.00035  14.00035  14.00035 272.99973 272.99947 272.99931             0.00000             0.00000             0.00000
  14.00035  14.00035  14.00035 272.99973 272.99947 272.99931             0.00000             0.00000             0.00000
  14.00035  14.00035  14.00035 272.99973 272.99947 272.99930             0.00000             0.00000             0.00000
  14.00035  14.00035  14.00035 272.99973 272.99947 272.99930             0.00000             0.00000             0.00000
  14.00035  14.00035  14.00035 272.99973 272.99947 272.99930             0.00000             0.00000             0.00000
  14.00035  14.00035  14.00035 272.99973 272.99947 272.99929             0.00000             0.00000             0.00000
  14.00035  14.00035  14.00035 272.99973 272.99947 272.99929             0.00000             0.00000             0.00000
  14.00035  14.00035  14.00035 272.99973 272.99947 272.99928             0.00000             0.00000             0.00000
  14.00035  14.00035  14.00035 272.99973 272.99947 272.99928             0.00000             0.00000             0.00000
  14.00035  14.00035  14.00035 272.99973 272.99947 272.99928             0.00000             0.00000             0.00000
  14.00035  14.00035  14.00035 272.99974 272.99948 272.99927             0.00000             0.00000             0.00000
  14.00035  14.00035  14.00035 272.99974 272.99948 272.99927             0.00000             0.00000             0.00000
  14.00035  14.00035  14.00035 272.99974 272.99948 272.99926             0.00000             0.00000             0.00000
  14.00035  14.00035  14.00035 272.99974 272.99948 272.99925             0.00000             0.00000             0.00000
  14.00035  14.00035  14.00035 272.99974 272.99948 272.99925             0.00000             0.00000             0.00000
  14.00035  14.00035  14.00035 272.99974 272.99948 272.99924             0.00000             0.00000             0.00000
  14.00035  14.00035  14.00035 272.99974 272.99948 272.99924             0.00000             0.00000             0.00000
  14.00035  14.00035  14.00035 272.99975 272.99948 272.99923             0.00000             0.00000             0.00000
  14.00035  14.00035  14.00035 272.99975 272.99949 272.99922             0.00000             0.00000             0.00000
  14.00035  14.00035  14.00035 272.99975 272.99949 272.99922             0.00000             0.00000             0.00000
  14.00035  14.00035  14.00035 272.99975 272.99949 272.99921             0.00000             0.00000             0.00000
  14.00035  14.00035  14.00035 272.99975 272.99949 272.99920             0.00000             0.00000             0.00000
  14.00035  14.00035  14.00035 272.99975 272.99949 272.99919             0.00000             0.00000             0.00000
  14.00035  14.00035  14.00035 272.99976 272.99949 272.99919             0.00000             0.00000             0.00000
  14.00035  14.00035  14.00035 272.99976 272.99950 272.99918             0.00000             0.00000             0.00000
  14.00035  14.00035  14.00035 272.99976 272.99950 272.99917             0.00000             0.00000             0.00000
  14.00035  14.00035  14.00035 272.99976 272.99950 272.99916             0.00000             0.00000             0.00000
  14.00035  14.00035  14.00035 272.99976 272.99950 272.99915             0.00000             0.00000             0.00000
  14.00035  14.00035  14.00035 272.99977 272.99951 272.99914             0.00000             0.00000             0.00000
  14.00035  14.00035  14.00035 272.99977 272.99951 272.99913             0.00000             0.00000             0.00000
  14.00035  14.00035  14.00035 272.99977 272.99951 272.99912             0.00000             0.00000             0.00000
  14.00035  14.00035  14.00035 272.99977 272.99951 272.99910             0.00000             0.00000             0.00000
  14.00035  14.00035  14.00035 272.99978 272.99952 272.99909             0.00000             0.00000             0.00000
  14.00035  14.00035  14.00035 272.99978 272.99952 272.99907             0.00000             0.00000             0.00000
  14.00035  14.00035  14.00035 272.99978 272.99952 272.99905             0.00000             0.00000             0.00000
  14.00035  14.00035  14.00035 272.99978 272.99952 272.99903             0.00000             0.00000             0.00000
  14.00035  14.00035  14.00035 272.99979 272.99952 272.99900             0.00000             0.00000             0.00000
  14.00035  14.00035  14.00035 272.99979 272.99953 272.99897             0.00000             0.00000             0.00000
  14.00035  14.00035  14.00035 272.99979 272.99954 272.99893             0.00000             0.00000             0.00000
  14.00035  14.00035  14.00035 272.99980 272.99955 272.99888             0.00000             0.00000             0.00000
  14.00035  14.00035  14.00035 272.99980 272.99956 272.99881             0.00000             0.00000             0.00000
  14.00035  14.00035  14.00035 272.99980 272.99957 272.99872             0.00000             0.00000             0.00000
  14.00035  14.00035  14.00035 272.99981 272.99958 272.99860             0.00000             0.00000             0.00000
  14.00035  14.00035  14.00035 272.99981 272.99959 272.99858             0.00000             0.00000             0.00000
  14.00035  14.00035  14.00035 272.99981 272.99960 298.96788             0.00000             0.00000             0.54264
  14.00035  14.00035  14.00035 272.99982 272.99961 437.32513             0.00000             0.00000             5.73247
  14.00035  14.00035  14.00035 272.99982 272.99962 456.93829             0.00000             0.00000             3.70739
  14.00035  14.00035   4.56451 272.99983 272.99963 448.58691             0.00000             0.00000             1.25863
  14.00035  14.00035   3.99136 272.99983 272.99963 411.17666             0.00000             0.00000             4.19256
  14.00035  14.00035   4.06519 272.99983 272.99964 420.76363             0.00000             0.00000             6.06232
  14.00035  14.00035   4.33112 272.99984 272.99965 434.22913             0.00000             0.00000             5.74061
  14.00035  14.00035   4.44143 272.99984 272.99966 426.47508             0.00000             0.00000             3.73190
  14.00035  14.00035   4.53162 272.99985 272.99967 429.60814             0.00000             0.00000             3.54663
  14.00035  14.00035   4.83685 272.99985 272.99968 444.56043             0.00000             0.00000             2.97892
  14.00035  14.00035   4.94754 272.99986 272.99970 436.92566             0.00000             0.00000             2.88792
  14.00035  14.00035   4.80701 272.99986 272.99972 421.22999             0.00000             0.00000             9.96231
  14.00035  14.00035   4.21966 272.99987 272.99974 432.58134             0.00000             0.00000            12.05388
  14.00035  14.00035   4.05773 272.99987 272.99976 438.67912             0.00000             0.00000             5.32408
  14.00035  14.00035   4.22448 272.99988 272.99977 439.25498             0.00000             0.00000             5.06366
  14.00035  14.00035   4.58428 272.99988 272.99979 422.86327             0.00000             0.00000            12.99047
  14.00035  14.00035   4.88692 272.99989 272.99981 379.68602             0.00000             0.00000            14.65447
  14.00035  14.00035   4.85944 272.99990 272.99983 356.98152             0.00000             0.00000            13.75969
  14.00035  14.00035   4.87132 272.99990 272.99985 378.38681             0.00000             0.00000            15.98285
  14.00035  14.00035   4.81422 272.99991 272.99987 446.41516             0.00000             0.00000            23.16177
  14.00035  14.00035   4.71369 272.99991 272.99989 469.00479             0.00000             0.00000            25.61096
  14.00035  14.00035   4.58968 272.99991 272.99991 434.50474             0.00000             0.00000            28.81227
  14.00035  14.00035   4.50970 272.99992 272.99992 352.94047             0.00000             0.00000            20.54280
  14.00035  14.00035   4.39840 272.99992 272.99994 322.69083             0.00000             0.00000            14.04394
  14.00035  14.00035   4.26495 272.99992 272.99995 320.81908             0.00000             0.00000            11.64317
  14.00035  14.00035   4.38233 272.99993 272.99996 343.24158             0.00000             0.00000             9.48713
  14.00035  14.00035   4.73280 272.99993 272.99997 365.97669             0.00000             0.00000             9.33428
  14.00035  14.00035   4.76019 272.99992 272.99999 361.74269             0.00000             0.00000             9.45986
  14.00035  14.00035   4.13459 272.99992 273.00001 368.75807             0.00000             0.00000            27.14575
  14.00035  14.00035   4.56532 272.99990 273.00002 414.13634             0.00000             0.00000            40.72771
  14.00035  14.00035   5.01193 272.99988 272.99998 483.65952             0.00000             0.00000            98.25879
  14.00035  14.00035   5.13082 273.00113 273.27609 467.86844             0.00000             0.00893           111.72426
   7.18749   5.18493   5.21480 273.31400 275.89263 449.43908             0.00051             0.19174           114.50888
   6.51045   4.93085   5.31866 274.05004 288.21085 454.81524             0.00445             0.97633           126.62577
   7.38777   4.91525   5.32036 274.78274 292.83520 421.98918             0.01209             5.03341           112.67218
  14.00035   4.93803   5.17422 274.78125 291.15668 407.73308             0.01945             7.39099            99.20095
  14.00035   5.03690   4.98613 274.60648 289.37050 400.43844             0.01776             6.53351            82.06961
   7.41401   5.14715   4.99720 274.03435 288.91813 401.82405             0.00640             6.93946            78.83103
  14.00035   5.40064   5.28294 273.25181 289.08572 396.22981             0.00018             8.03413            86.49997
  14.00035   5.84877   5.46298 273.03138 289.67804 407.34332             0.00015             9.33832           116.83861
  14.00035  14.00035   5.20762 273.02098 290.45930 421.34231             0.00000            10.49836           150.69444
  14.00035  14.00035   5.20160 273.00480 290.12369 422.50416             0.00000            11.63782           196.40830
  14.00035   7.90464   5.51203 273.00146 289.37266 419.60541             0.00000            12.77345           182.22579
  14.00035   7.19805   6.43608 273.00033 287.14769 413.14563             0.00000            13.22370           138.86454
  14.00035   6.88287   5.83993 273.00008 285.69761 416.83686             0.00000            13.37986           103.53085
  14.00035   6.85838   4.62269 273.00002 286.42369 430.21800             0.00000            14.66335            75.45494
  14.00035   6.99192   4.28310 273.00000 289.25660 435.26376             0.00000            14.62084            73.19535
  14.00035   7.58450   4.22714 273.00000 292.30467 406.21240             0.00000             9.07002            57.63213
  14.00035  14.00035   4.09584 273.00000 293.61880 375.00102             0.00000             5.17675            51.87559
  14.00035   7.92170   4.16451 273.00000 290.57436 373.20918             0.00000             3.07696            32.60782
  14.00035   7.56690   4.44369 273.00000 278.45216 385.12490             0.00000             0.73821            19.38939
  14.00035  14.00035   4.98853 273.00000 273.06703 390.83549             0.00000             0.00305             6.15412
  14.00035  14.00035   5.50094 273.00000 273.13770 382.25575             0.00000             0.00707             2.40563
  14.00035  14.00035   5.66244 273.00000 273.28260 375.66468             0.00000             0.01505            10.58416
  14.00035   6.28843   5.65615 273.00001 273.53222 373.19493             0.00000             0.03739            19.12818
  14.00035   5.88826   4.95335 273.00002 296.85584 373.62404             0.00000             2.55724            27.00273
  14.00035   5.80471   4.37245 273.00003 336.25075 374.62278             0.00000             7.16384            26.98123
  14.00035   5.74914   4.19344 273.00003 350.42730 376.44748             0.00000             1.63752            35.39049
  14.00035   5.75322   4.16203 273.00002 348.97575 378.87157             0.00000             7.94924            35.04621
  14.00035   5.83319   4.21113 273.00002 342.47164 376.71375             0.00000            18.61711            30.25548
  14.00035   6.16843   4.40017 273.00001 332.33193 370.44613             0.00000            22.52993            25.37237
  14.00035   6.36771   4.70601 273.00001 323.69125 370.29226             0.00000            21.46234            24.87684
  14.00035   6.06702   4.86659 273.00001 306.70879 375.77081             0.00000            13.91714            29.45783
  14.00035   5.60785   4.12953 273.00000 287.38029 383.39938             0.00000             5.46457            81.66606
  14.00035   5.51429   3.92508 273.00000 288.65249 510.81384             0.00000             5.41072           262.85254
  14.00035   5.57552   3.91111 273.00000 304.97888 579.85553             0.00000             9.97326           471.88120
  14.00035   5.38787   3.91308 273.00000 310.42671 608.45916             0.00000            10.37838           677.16837
  14.00035   5.16639   3.93197 273.00000 312.74503 645.10002             0.00000            11.06339          1006.95302
  14.00035   4.87244   3.98529 273.00000 316.05965 664.98355             0.00000            12.24472          1304.79040
  14.00035   4.67615   4.00908 273.00000 317.29342 667.54202             0.00000            10.61014          1361.49255
  14.00035   4.55992   4.00039 273.00000 313.48759 662.20224             0.00000             9.46123          1223.72824
  14.00035   4.48199   3.98578 273.00000 303.21734 649.28581             0.00000            10.36245          1033.92121
  14.00035   4.53918   3.97182 273.02312 309.67505 632.71632             0.00000             9.44899           899.63244
  14.00035   4.53436   3.95678 278.68655 315.50401 606.25587             0.00672             9.86552           794.12145
  14.00035   4.49838   3.93179 276.14991 312.51295 569.26793             0.00553            10.04686           678.19003
  14.00035   4.51012   3.92409 273.57195 303.09411 525.60585             0.00028             8.97754           596.70411
  14.00035   4.71261   3.92621 274.32506 296.44192 483.02138             0.00064             7.52780           569.47854
  14.00035   4.83119   3.90914 273.52093 292.44361 472.81031             0.00009             6.84433           589.65807
  14.00035   4.80958   3.91636 273.00667 292.03763 462.05699             0.00000             7.33282           509.47584
  14.00035   4.78995   3.94355 273.00283 294.26636 434.73250             0.00000             8.53591           285.64464
  14.00035   4.87473   3.96093 273.00571 297.68733 450.72751             0.00000             9.84766           241.96125
  14.00035   5.11871   3.94623 273.00031 298.25155 476.35602             0.00000            11.63642           261.50956
  14.00035   5.17773   3.88239 273.00000 298.20958 478.00406             0.00000            12.37040           240.44255
  14.00035   5.09086   3.73933 273.00000 299.23043 461.93468             0.00000            12.84482           201.07343
  14.00035   4.99444   3.76143 273.00000 302.41671 455.66689             0.00000            12.52836           180.42762
  14.00035   5.05025   3.86980 273.36887 313.08570 452.29300             0.00000            14.15839           178.09349
  14.00035   5.24539   3.81282 275.98220 327.03994 454.32857             0.00613            14.95275           182.89872
  14.00035   5.03665   3.86367 279.51088 326.96316 458.13346             0.00750            10.65944           165.26136
  14.00035   4.50379   3.94286 281.68044 320.20756 449.07375             0.00859             6.63068           134.30535
  14.00035   4.39145   3.97759 280.05455 311.23301 427.27286             0.01611             6.51933            88.93322
  14.00035   4.47654   3.99284 273.53021 311.34273 415.86262             0.00000             5.79825            59.80524
  14.00035   4.54328   3.93213 276.56816 305.21362 413.47228             0.02506             4.79943            49.51202
  14.00035   5.02740   3.96350 281.36987 297.71639 420.38690             0.06179             3.51334            47.24949
  14.00035   5.80714   4.01160 284.77851 294.88044 425.86644             0.04544             2.51543            54.16094
  14.00035   5.40082   4.01923 286.22697 293.72693 429.99608             0.00574             1.83948            96.68174
  14.00035   4.94006   4.02270 290.42343 291.98021 429.19663             0.00373             1.36378           125.30848
  14.00035   4.72649   4.11391 292.00127 289.48463 416.07500             0.04165             0.98329           108.06651
  14.00035   4.73331   4.19938 288.26794 289.97544 371.11008             0.04960             0.74210            60.64801
  14.00035   4.88342   4.14137 278.12710 289.51816 358.59560             0.01681             0.72585            46.82706
  14.00035   4.75941   4.08978 273.00291 297.25301 365.55639             0.00000             0.87382            51.79770
  14.00035   4.63481   4.09617 273.00000 305.15981 382.53003             0.00000             1.22072            66.51120
  14.00035   4.38777   4.17044 273.00000 308.16168 393.21971             0.00000             5.65535            77.02423
  14.00035   4.41282   4.22064 273.00000 354.04056 390.94584             0.00000            12.52156            81.48259
  14.00035   4.45138   4.24942 273.00000 411.23525 386.35893             0.00000            12.42987            87.89970
  14.00035   4.22673   4.23476 273.00000 380.87787 390.77098             0.00000             3.77633           103.74408
  14.00035   4.33189   4.15405 273.00000 338.91350 395.26002             0.00000             1.22398           113.58707
  14.00035   4.62097   4.06090 273.00000 346.63243 397.78994             0.00000             1.00091           113.53337
  14.00035   4.75680   4.03451 273.00000 339.79846 410.34446             0.00000             1.16635           109.27509
  14.00035   4.88577   4.04588 273.00000 311.05529 403.57054             0.00000             0.80575           139.89907
  14.00035   4.93448   4.08953 273.00000 284.23256 381.76341             0.00000             0.79036           166.29811
  14.00035   5.56930   4.19002 273.00000 281.79167 378.70450             0.00000             0.95047           114.16558
  14.00035   6.20136   4.30358 273.00000 295.37414 379.29439             0.00000             2.19651           104.71344
  14.00035  14.00035   4.38317 273.00000 308.41627 382.53454             0.00000             2.89113           123.70840
  14.00035  14.00035   4.34084 273.00000 311.10559 392.82930             0.00000             2.36684           166.27874
  14.00035  14.00035   4.20011 273.00000 311.66663 401.78489             0.00000             2.38969           181.66437
  14.00035  14.00035   4.60945 273.00000 301.54014 405.68043             0.00000             2.45050           175.50512
  14.00035  14.00035   4.89959 273.00000 284.95258 409.36707             0.00000             1.27358           152.24542
  14.00035  14.00035   4.97627 273.00001 279.01311 417.15168             0.00000             0.77127           141.01473
  14.00035  14.00035   5.20807 273.00004 286.38860 423.81214             0.00000             1.73055           124.12323
  14.00035  14.00035   5.64910 273.00473 314.60751 427.15755             0.00000             5.63252           121.76338
  14.00035   6.53457   6.08003 273.04716 325.96962 416.57239             0.00000             7.49006           118.24668
  14.00035   4.98472   6.48276 273.13469 327.95224 396.88175             0.00000             7.55176           123.97800
  14.00035   4.59445   6.71266 273.45139 325.48988 365.82029             0.00000             7.20484            76.27731
   7.81302   4.55759   6.77425 273.73811 316.82761 341.58390             0.00137             7.07957            46.74768
   7.04158   4.75943   6.58066 273.84218 313.42413 336.21751             0.00335             7.75921            55.65601
   6.53540   4.86593   5.66353 273.67494 314.88243 360.69557             0.00388             8.29802            95.36208
   6.66991   4.77371   5.09691 273.49265 315.89400 382.66186             0.00414             7.10922           117.91827
   7.29394   4.49035   4.77091 273.81346 314.52360 396.86558             0.01695             7.03668           134.54798
  14.00035   4.43408   4.55286 274.21579 311.26297 416.92109             0.05540             4.38686           156.33340
  14.00035   4.42880   4.49436 274.32081 308.09751 427.49440             0.05650             3.91258           148.85813
  14.00035   4.45425   4.49925 273.91184 300.73186 375.65221             0.01866             4.36472            66.35954
  14.00035   4.60167   4.78043 273.72260 295.41453 342.13260             0.00196             2.68200            30.92319
  14.00035   5.33852   5.31232 273.46254 280.72005 340.70046             0.00000             0.17199            24.19650
  14.00035  14.00035   6.07524 273.00141 273.22418 349.86617             0.00000             0.00025            20.96034
  14.00035  14.00035   6.76652 272.99995 273.00061 353.49266             0.00000             0.00000            17.56459
  14.00035  14.00035   7.54064 272.99993 273.00017 351.20215             0.00000             0.00000            14.91075
  14.00035  14.00035  14.00035 272.99992 273.00005 321.19779             0.00000             0.00000            15.85977
  14.00035  14.00035  14.00035 272.99992 272.99998 306.88169             0.00000             0.00000            14.21496
  14.00035  14.00035  14.00035 272.99992 272.99995 344.56764             0.00000             0.00000            18.62278
  14.00035  14.00035  14.00035 272.99992 272.99995 400.36319             0.00000             0.00000            16.99603
  14.00035  14.00035  14.00035 272.99992 272.99996 412.15188             0.00000             0.00000            12.08973
  14.00035  14.00035  14.00035 272.99992 272.99997 405.20027             0.00000             0.00000            13.30049
  14.00035  14.00035  14.00035 272.99992 272.99998 381.67973             0.00000             0.00000             5.90850
  14.00035  14.00035  14.00035 272.99991 272.99997 383.64138             0.00000             0.00000             7.04122
  14.00035  14.00035  14.00035 272.99991 272.99996 383.52138             0.00000             0.00000             6.98995
  14.00035  14.00035  14.00035 272.99990 272.99994 348.90837             0.00000             0.00000             4.95544
  14.00035  14.00035  14.00035 272.99990 272.99990 318.75736             0.00000             0.00000             2.43461
  14.00035  14.00035  14.00035 272.99989 272.99986 286.01348             0.00000             0.00000             0.57013
  14.00035  14.00035  14.00035 272.99989 272.99984 275.02743             0.00000             0.00000             0.06439
  14.00035  14.00035  14.00035 272.99988 272.99982 273.06286             0.00000             0.00000             0.00003
  14.00035  14.00035  14.00035 272.99988 272.99980 272.99971             0.00000             0.00000             0.00000
  14.00035  14.00035  14.00035 272.99987 272.99978 272.99969             0.00000             0.00000             0.00000
  14.00035  14.00035  14.00035 272.99986 272.99976 272.99967             0.00000             0.00000             0.00000
  14.00035  14.00035  14.00035 272.99986 272.99974 272.99964             0.00000             0.00000             0.00000
  14.00035  14.00035  14.00035 272.99985 272.99971 272.99962             0.00000             0.00000             0.00000
  14.00035  14.00035  14.00035 272.99985 272.99969 272.99959             0.00000             0.00000             0.00000
  14.00035  14.00035  14.00035 272.99984 272.99967 272.99956             0.00000             0.00000             0.00000
  14.00035  14.00035  14.00035 272.99984 272.99966 272.99953             0.00000             0.00000             0.00000
  14.00035  14.00035  14.00035 272.99983 272.99965 272.99950             0.00000             0.00000             0.00000
  14.00035  14.00035  14.00035 272.99983 272.99964 272.99947             0.00000             0.00000             0.00000
  14.00035  14.00035  14.00035 272.99982 272.99963 272.99945             0.00000             0.00000             0.00000
  14.00035  14.00035  14.00035 272.99982 272.99962 272.99942             0.00000             0.00000             0.00000
  14.00035  14.00035  14.00035 272.99981 272.99961 272.99940             0.00000             0.00000             0.00000
  14.00035  14.00035  14.00035 272.99981 272.99960 272.99938             0.00000             0.00000             0.00000
  14.00035  14.00035  14.00035 272.99980 272.99958 272.99936             0.00000             0.00000             0.00000
  14.00035  14.00035  14.00035 272.99980 272.99957 272.99934             0.00000             0.00000             0.00000
  14.00035  14.00035  14.00035 272.99980 272.99956 272.99932             0.00000             0.00000             0.00000
  14.00035  14.00035  14.00035 272.99979 272.99955 272.99930             0.00000             0.00000             0.00000
  14.00035  14.00035  14.00035 272.99979 272.99954 272.99928             0.00000             0.00000             0.00000
  14.00035  14.00035  14.00035 272.99979 272.99953 272.99926             0.00000             0.00000             0.00000
  14.00035  14.00035  14.00035 272.99978 272.99952 272.99925             0.00000             0.00000             0.00000
  14.00035  14.00035  14.00035 272.99978 272.99950 272.99923             0.00000             0.00000             0.00000
  14.00035  14.00035  14.00035 272.99978 272.99949 272.99922             0.00000             0.00000             0.00000
  14.00035  14.00035  14.00035 272.99977 272.99949 272.99921             0.00000             0.00000             0.00000
  14.00035  14.00035  14.00035 272.99977 272.99949 272.99920             0.00000             0.00000             0.00000
  14.00035  14.00035  14.00035 272.99977 272.99949 272.99919             0.00000             0.00000             0.00000
  14.00035  14.00035  14.00035 272.99976 272.99949 272.99919             0.00000             0.00000             0.00000
  14.00035  14.00035  14.00035 272.99976 272.99948 272.99920             0.00000             0.00000             0.00000
  14.00035  14.00035  14.00035 272.99976 272.99948 272.99920             0.00000             0.00000             0.00000
  14.00035  14.00035  14.00035 272.99976 272.99948 272.99921             0.00000             0.00000             0.00000
  14.00035  14.00035  14.00035 272.99976 272.99948 272.99921             0.00000             0.00000             0.00000
  14.00035  14.00035  14.00035 272.99975 272.99948 272.99922             0.00000             0.00000             0.00000
  14.00035  14.00035  14.00035 272.99975 272.99948 272.99922             0.00000             0.00000             0.00000
  14.00035  14.00035  14.00035 272.99975 272.99947 272.99923             0.00000             0.00000             0.00000
  14.00035  14.00035  14.00035 272.99975 272.99947 272.99923             0.00000             0.00000             0.00000
  14.00035  14.00035  14.00035 272.99975 272.99947 272.99924             0.00000             0.00000             0.00000
  14.00035  14.00035  14.00035 272.99974 272.99947 272.99924             0.00000             0.00000             0.00000
  14.00035  14.00035  14.00035 272.99974 272.99947 272.99925             0.00000             0.00000             0.00000
  14.00035  14.00035  14.00035 272.99974 272.99947 272.99925             0.00000             0.00000             0.00000
  14.00035  14.00035  14.00035 272.99974 272.99947 272.99926             0.00000             0.00000             0.00000
  14.00035  14.00035  14.00035 272.99974 272.99946 272.99926             0.00000             0.00000             0.00000
  14.00035  14.00035  14.00035 272.99974 272.99946 272.99927             0.00000             0.00000             0.00000
  14.00035  14.00035  14.00035 272.99973 272.99946 272.99927             0.00000             0.00000             0.00000
  14.00035  14.00035  14.00035 272.99973 272.99946 272.99928             0.00000             0.00000             0.00000
  14.00035  14.00035  14.00035 272.99973 272.99946 272.99928             0.00000             0.00000             0.00000
  14.00035  14.00035  14.00035 272.99973 272.99946 272.99928             0.00000             0.00000             0.00000
  14.00035  14.00035  14.00035 272.99973 272.99946 272.99929             0.00000             0.00000             0.00000
  14.00035  14.00035  14.00035 272.99973 272.99946 272.99929             0.00000             0.00000             0.00000
  14.00035  14.00035  14.00035 272.99973 272.99946 272.99930             0.00000             0.00000             0.00000
  14.00035  14.00035  14.00035 272.99972 272.99946 272.99930             0.00000             0.00000             0.00000
  14.00035  14.00035  14.00035 272.99972 272.99946 272.99930             0.00000             0.00000             0.00000
  14.00035  14.00035  14.00035 272.99972 272.99946 272.99931             0.00000             0.00000             0.00000
  14.00035  14.00035  14.00035 272.99972 272.99946 272.99931             0.00000             0.00000             0.00000
  14.00035  14.00035  14.00035 272.99972 272.99946 272.99931             0.00000             0.00000             0.00000
  14.00035  14.00035  14.00035 272.99972 272.99945 272.99932             0.00000             0.00000             0.00000
  14.00035  14.00035  14.00035 272.99972 272.99945 272.99932             0.00000             0.00000             0.00000
  14.00035  14.00035  14.00035 272.99972 272.99945 272.99932             0.00000             0.00000             0.00000
  14.00035  14.00035  14.00035 272.99972 272.99945 272.99933             0.00000             0.00000             0.00000
  14.00035  14.00035  14.00035 272.99972 272.99945 272.99933             0.00000             0.00000             0.00000
  14.00035  14.00035  14.00035 272.99971 272.99945 272.99933             0.00000             0.00000             0.00000
  14.00035  14.00035  14.00035 272.99971 272.99945 272.99933             0.00000             0.00000             0.00000
  14.00035  14.00035  14.00035 272.99971 272.99945 272.99934             0.00000             0.00000             0.00000
  14.00035  14.00035  14.00035 272.99971 272.99945 272.99934             0.00000             0.00000             0.00000
  14.00035  14.00035  14.00035 272.99971 272.99945 272.99934             0.00000             0.00000             0.00000
  14.00035  14.00035  14.00035 272.99971 272.99945 272.99934             0.00000             0.00000             0.00000
  14.00035  14.00035  14.00035 272.99971 272.99945 272.99934             0.00000             0.00000             0.00000
  14.00035  14.00035  14.00035 272.99971 272.99945 272.99934             0.00000             0.00000             0.00000
  14.00035  14.00035  14.00035 272.99971 272.99945 272.99935             0.00000             0.00000             0.00000
  14.00035  14.00035  14.00035 272.99971 272.99945 272.99935             0.00000             0.00000             0.00000
  14.00035  14.00035  14.00035 272.99971 272.99945 272.99935             0.00000             0.00000             0.00000
  14.00035  14.00035  14.00035 272.99971 272.99945 272.99935             0.00000             0.00000             0.00000
  14.00035  14.00035  14.00035 272.99971 272.99945 272.99935             0.00000             0.00000             0.00000
  14.00035  14.00035  14.00035 272.99971 272.99945 272.99935             0.00000             0.00000             0.00000
  14.00035  14.00035  14.00035 272.99971 272.99945 272.99935             0.00000             0.00000             0.00000
  14.00035  14.00035  14.00035 272.99970 272.99945 272.99935             0.00000             0.00000             0.00000
  14.00035  14.00035  14.00035 272.99970 272.99945 272.99935             0.00000             0.00000             0.00000
  14.00035  14.00035  14.00035 272.99970 272.99945 272.99935             0.00000             0.00000             0.00000
  14.00035  14.00035  14.00035 272.99970 272.99945 272.99935             0.00000             0.00000             0.00000
  14.00035  14.00035  14.00035 272.99970 272.99945 272.99935             0.00000             0.00000             0.00000
  14.00035  14.00035  14.00035 272.99970 272.99945 272.99936             0.00000             0.00000             0.00000
  14.00035  14.00035  14.00035 272.99970 272.99945 272.99936             0.00000             0.00000             0.00000
  14.00035  14.00035  14.00035 272.99972 272.99945 272.99936             0.00000             0.00000             0.00000
