!------------------------------------------------------------!
  Date: 20191009
  Simulation name: SW7  
  Filename:PEbyx.txt                                                                                                                                             
  Produced in mod-subroutine:  massdist/energypotential                                                                                                                              
  Written by AK September 2019
  Description:Integrates by width potential energy necessary to overflow at each height                                                                             
  Data format: RMAX by t potential energy (J)                                                                                                                       
!------------------------------------------------------------!
        0.0000000000
  2423985.1874853675
     4963.4826101129
     4779.1442930687
     4594.8059760246
     4410.4676589804
     4226.1293419363
     5065.8927455543
     4881.5544285102
     4697.2161114661
     4512.8777944219
     4328.5394773778
     4144.2011603336
     4983.9645639517
     4799.6262469076
     4615.2879298634
     4430.9496128193
     4246.6112957751
     5086.3746993932
     4902.0363823490
     4717.6980653049
     4533.3597482608
     4349.0214312166
     4164.6831141725
     5004.4465177905
     4820.1082007464
     4635.7698837022
     4451.4315666581
     4267.0932496140
     5106.8566532320
     4922.5183361879
     4738.1800191437
     4553.8417020996
     4369.5033850555
     4185.1650680113
     5024.9284716294
     4840.5901545852
     4656.2518375411
     4471.9135204969
     4287.5752034528
     4103.2368864087
     4943.0002900267
     4758.6619729826
     4574.3236559384
     4389.9853388943
     4205.6470218501
     5045.4104254682
     4861.0721084241
     4676.7337913799
     4492.3954743358
     4308.0571572916
     4123.7188402475
     4963.4822438655
     4779.1439268214
     4594.8056097773
     4410.4672927331
     4226.1289756890
     5065.8923793070
     4881.5540622629
     4697.2157452188
     4512.8774281746
     4328.5391111305
     4144.2007940863
     4983.9641977044
     4799.6258806602
     4615.2875636161
     4430.9492465720
     4246.6109295278
     5086.3743331459
     4902.0360161017
     4717.6976990576
     4533.3593820134
     4349.0210649693
     4164.6827479252
     5004.4461515432
     4820.1078344991
     4635.7695174549
     4451.4312004108
     4267.0928833667
     5106.8562869847
     4922.5179699406
     4738.1796528964
     4553.8413358523
     4369.5030188081
     4185.1647017640
     5024.9281053820
     4840.5897883379
     4656.2514712938
     4471.9131542496
     4287.5748372055
     4103.2365201613
     4942.9999237794
     4758.6616067353
     4574.3232896911
     4389.9849726470
     4205.6466556028
     5045.4100592209
     4861.0717421767
     4676.7334251326
     4492.3951080885
     4308.0567910443
     4123.7184740002
     4963.4818776182
     4779.1435605741
     4594.8052435299
     4410.4669264858
     4226.1286094417
     5065.8920130597
     4881.5536960156
     4697.2153789714
     4512.8770619273
     4328.5387448832
     4144.2004278390
     4983.9638314571
     4799.6255144129
     4615.2871973688
     4430.9488803246
     4246.6105632805
     5086.3739668985
     4902.0356498544
     4717.6973328103
     4533.3590157661
     4349.0206987220
     4164.6823816778
     5004.4457852959
     4820.1074682518
     4635.7691512076
     4451.4308341635
     4267.0925171193
     5106.8559207374
     4922.5176036932
     4738.1792866491
     4553.8409696050
     4369.5026525608
     4185.1643355167
     5024.9277391347
     4840.5894220906
     4656.2511050465
     4471.9127880023
     4287.5744709582
     4103.2361539140
     4942.9995575321
     4758.6612404879
     4574.3229234438
     4389.9846063997
     4205.6462893555
     5045.4096929736
     4861.0713759294
     4676.7330588853
     4492.3947418411
     4308.0564247970
     4123.7181077529
     4963.4815113709
     4779.1431943268
     4594.8048772826
     4410.4665602385
     4226.1282431944
     5065.8916468124
     4881.5533297683
     4697.2150127241
     4512.8766956800
     4328.5383786358
     4144.2000615917
     4983.9634652097
     4799.6251481656
     4615.2868311215
     4430.9485140773
     4246.6101970332
     5086.3736006512
     4902.0352836071
     4717.6969665630
     4533.3586495188
     4349.0203324747
     4164.6820154305
     5004.4454190486
     4820.1071020044
     4635.7687849603
     4451.4304679162
     4267.0921508720
     5106.8555544901
     4922.5172374459
     4738.1789204018
     4553.8406033576
     4369.5022863135
     4185.1639692694
     5024.9273728874
     4840.5890558433
     4656.2507387991
     4471.9124217550
     4287.5741047109
     4103.2357876667
     4942.9991912848
     4758.6608742406
     4574.3225571965
     4389.9842401523
     4205.6459231082
     5045.4093267262
     4861.0710096821
     4676.7326926380
     4492.3943755938
     4308.0560585497
     4123.7177415055
     4963.4811451236
     4779.1428280795
     4594.8045110353
     4410.4661939912
     4226.1278769470
     5065.8912805651
     4881.5529635209
     4697.2146464768
     4512.8763294327
     4328.5380123885
     4144.1996953444
     4983.9630989624
     4799.6247819183
     4615.2864648742
     4430.9481478300
     4246.6098307859
     5086.3732344039
     4902.0349173598
     4717.6966003156
     4533.3582832715
     4349.0199662274
     4164.6816491832
     5004.4450528013
     4820.1067357571
     4635.7684187130
     4451.4301016688
     4267.0917846247
     5106.8551882428
     4922.5168711986
     4738.1785541545
     4553.8402371103
     4369.5019200662
     4185.1636030221
     5024.9270066401
     4840.5886895960
     4656.2503725518
     4471.9120555077
     4287.5737384635
     4103.2354214194
     4942.9988250374
     4758.6605079933
     4574.3221909492
     4389.9838739050
     4205.6455568609
     5045.4089604789
     4861.0706434348
     4676.7323263907
     4492.3940093465
     4308.0556923024
     4123.7173752582
     4963.4807788763
     4779.1424618321
     4594.8041447880
     4410.4658277439
     4226.1275106997
     5065.8909143178
     4881.5525972736
     4697.2142802295
     4512.8759631853
     4328.5376461412
     4144.1993290971
     4983.9627327151
     4799.6244156710
     4615.2860986268
     4430.9477815827
     4246.6094645386
     5086.3728681566
     4902.0345511125
     4717.6962340683
     4533.3579170242
     4349.0195999800
     4164.6812829359
     5004.4446865539
     4820.1063695098
     4635.7680524657
     4451.4297354215
     4267.0914183774
     5106.8548219954
     4922.5165049513
     4738.1781879072
     4553.8398708630
     4369.5015538189
     4185.1632367747
     5024.9266403928
     4840.5883233486
     4656.2500063045
     4471.9116892604
     4287.5733722162
     4103.2350551721
     4942.9984587901
     4758.6601417460
     4574.3218247018
     4389.9835076577
     4205.6451906136
     5045.4085942316
     4861.0702771875
     4676.7319601433
     4492.3936430992
     4308.0553260551
     4123.7170090109
     4963.4804126290
     4779.1420955848
     4594.8037785407
     4410.4654614965
     4226.1271444524
     5065.8905480705
     4881.5522310263
     4697.2139139822
     4512.8755969380
     4328.5372798939
     4144.1989628498
     4983.9623664678
     4799.6240494237
     4615.2857323795
     4430.9474153354
     4246.6090982912
     5086.3725019093
     4902.0341848651
     4717.6958678210
     4533.3575507769
     4349.0192337327
     4164.6809166886
     5004.4443203066
     4820.1060032625
     4635.7676862184
     4451.4293691742
     4267.0910521301
     5106.8544557481
     4922.5161387040
     4738.1778216598
     4553.8395046157
     4369.5011875716
     4185.1628705274
     5024.9262741455
     4840.5879571013
     4656.2496400572
     4471.9113230130
     4287.5730059689
     4103.2346889248
     4942.9980925428
     4758.6597754987
     4574.3214584545
     4389.9831414104
     4205.6448243663
     5045.4082279843
     4861.0699109402
     4676.7315938960
     4492.3932768519
     4308.0549598077
     4123.7166427636
     4963.4800463816
     4779.1417293375
     4594.8034122934
     4410.4650952492
     4226.1267782051
     5065.8901818231
     4881.5518647790
     4697.2135477349
     4512.8752306907
     4328.5369136466
     4144.1985966024
     4983.9620002205
     4799.6236831763
     4615.2853661322
     4430.9470490881
     4246.6087320439
     5086.3721356620
     4902.0338186178
     4717.6955015737
     4533.3571845296
     4349.0188674854
     4164.6805504413
     5004.4439540593
     4820.1056370152
     4635.7673199710
     4451.4290029269
     4267.0906858828
     5106.8540895008
     4922.5157724567
     4738.1774554125
     4553.8391383684
     4369.5008213242
     4185.1625042801
     5024.9259078982
     4840.5875908540
     4656.2492738099
     4471.9109567657
     4287.5726397216
     4103.2343226775
     4942.9977262955
     4758.6594092514
     4574.3210922072
     4389.9827751631
     4205.6444581189
     5045.4078617370
     4861.0695446928
     4676.7312276487
     4492.3929106046
     4308.0545935604
     4123.7162765163
        0.0000000000
        0.0000000000
        0.0000000000
  2423985.1874853675
  3044718.0318782935
  2917390.8671445400
  2774374.9759171084
  2611079.3643408827
  2455089.9762289808
  2953131.8882245761
  2763613.6965892455
  2547174.8950622389
  2322511.2331830286
  2083443.3465124003
  1833359.2338855111
  2219468.2553810221
  1972053.7538803031
  1736299.9758599286
  1483370.2854082764
  1261502.1258603148
  1713146.8357133716
  1469469.3817261066
  1261268.3431412869
  1030844.2171668522
   864454.3130669453
   715497.8233981581
  1005259.3004600509
   792479.0491339593
   702385.9360299781
   635570.2300456322
   488232.8189434629
   717856.4361815546
   522252.8748986491
   373884.6394159246
   253350.3915698106
   171419.3359737298
   113532.4367990900
   184344.7473190977
   138035.0282093686
    95819.9657044945
    65466.3545660880
    44704.8677500838
    33172.4693416505
    50257.8119869179
    40320.3249818345
    35270.3801536545
    33566.6698403033
    29756.7974085699
    22425.2325395564
    12931.5781980481
     5479.4994567779
     4072.8860354539
     4294.1535159828
     4123.6926909963
     4963.4886846151
     4779.1487041426
     4594.8090093685
     4410.4696014369
     4226.1305055960
     5065.8963943295
     4881.5568031348
     4697.2176108550
     4512.8787207608
     4328.5400615184
     4144.2015642083
     4983.9675896214
     4799.6280997223
     4615.2890129592
     4430.9502587785
     4246.6117277820
     5086.3768871472
     4902.0376949342
     4717.6988516301
     4533.3602636738
     4349.0218307572
     4164.6834718692
     5004.4486196195
     4820.1093616099
     4635.7705552992
     4451.4320212495
     4267.0936346508
     5106.8583646744
     4922.5192943381
     4738.1806096531
     4553.8421435766
     4369.5037838680
     4185.1654700841
     5024.9301412602
     4840.5910364687
     4656.2523806979
     4471.9139427728
     4287.5755989970
     4103.2373102771
     4943.0018247396
     4758.6627667539
     4574.3241588147
     4389.9857452662
     4205.6474564972
     5045.4118033157
     4861.0728400948
     4676.7342859436
     4492.3959007767
     4308.0575784739
     4123.7193113931
     4963.4836104495
     4779.1446325569
     4594.8060869224
     4410.4677097520
     4226.1294521495
     5065.8936509840
     4881.5547378273
     4697.2162278350
     4512.8778734211
     4328.5395545191
     4144.2012941649
     4983.9654685935
     4799.6265413850
     4615.2880347825
     4430.9496834313
     4246.6114316752
     5086.3755373805
     4902.0366629363
     4717.6981809716
     4533.3598526369
     4349.0215227946
     4164.6832671526
     5004.4473627911
     4820.1084722051
     4635.7699877452
     4451.4316505629
     4267.0934039830
     5106.8574406342
     4922.5185996164
     4738.1801354350
     4553.8418231181
     4369.5034838088
     4185.1652303672
     5024.9292469082
     4840.5904058043
     4656.2519414639
     4471.9136333378
     4287.5752926051
     4103.2370464885
     4943.0010310048
     4758.6622060670
     4574.3237451316
     4389.9854203123
     4205.6471835893
     5045.4111182997
     4861.0723388076
     4676.7338944091
     4492.3955974985
     4308.0572522940
     4123.7190088559
     4963.4829367129
     4779.1441477490
     4594.8056996192
     4410.4673804999
     4226.1291459220
     5065.8930350256
     4881.5542837522
     4697.2158489938
     4512.8775579280
     4328.5392121812
     4144.2009683496
     4983.9648568086
     4799.6260943844
     4615.2876547306
     4430.9493404060
     4246.6111063103
     5086.3749611658
     4902.0362309424
     4717.6978029635
     4533.3595170874
     4349.0211699037
     4164.6829261435
     5004.4467862269
     4820.1080388240
     4635.7696079496
     4451.4312983148
     4267.0930649550
     5106.8568916731
     4922.5181737678
     4738.1797552195
     4553.8414756388
     4369.5031276104
     4185.1648814986
     5024.9287077908
     4840.5899770904
     4656.2515593159
     4471.9132865894
     4287.5749393385
     4103.2366961714
     4943.0005131196
     4758.6617767448
     4574.3233678185
     4389.9850677191
     4205.6468368841
     5045.4106346914
     4861.0719148259
     4676.7335220059
     4492.3952580944
     4308.0569048023
     4123.7186591026
     4963.4824801354
     4779.1437227045
     4594.8053474085
     4410.4670364449
     4226.1288005194
     5065.8926063046
     4881.5538650940
     4697.2155083525
     4512.8772319223
     4328.5388721913
     4144.2006220765
     4983.9644523776
     4799.6256752578
     4615.2873336643
     4430.9490045186
     4246.6107614581
     5086.3745778432
     4902.0358183761
     4717.6974945622
     4533.3592023111
     4349.0208357594
     4164.6825797667
     5004.4464162133
     4820.1076283646
     4635.7693139143
     4451.4309669765
     4267.0927173388
     5106.8565362770
     4922.5177723830
     4738.1794723958
     4553.8411652896
     4369.5027923722
     4185.1645304480
     5024.9283554097
     4840.5895882014
     4656.2512851478
     4471.9129744142
     4287.5746021674
     4103.2363431447
     4943.0001671400
     4758.6614096330
     4574.3230956274
     4389.9847338331
     4205.6464844334
     5045.4102762918
     4861.0715519892
     4676.7332538147
     4492.3949350321
     4308.0565615483
     4123.7183070411
     4963.4820805646
     4779.1433612318
     4594.8050548645
     4410.4666934429
     4226.1284532285
     5065.8921767927
     4881.5534960112
     4697.2152079357
     4512.8768880718
     4328.5385208759
     4144.2002815355
     4983.9639621646
     4799.6252978319
     4615.2870008962
     4430.9486513655
     4246.6104310355
     5086.3740612546
     4902.0354456805
     4717.6971529884
     4533.3588314858
     4349.0204784285
     4164.6822590723
     5004.4458935655
     4820.1072703824
     4635.7689494695
     4451.4306106469
     4267.0924028715
     5106.8560780032
     4922.5174342184
     4738.1791235415
     4553.8407925682
     4369.5024384599
     4185.1642206171
     5024.9279919739
     4840.5892758267
     4656.2509571850
     4471.9126186904
     4287.5742598317
     4103.2360346663
     4942.9999340719
     4758.6611380516
     4574.3227758459
     4389.9844110086
     4205.6461754395
     5045.4101728171
     4861.0713257382
     4676.7329744788
     4492.3946149347
     4308.0562503644
     4123.7180007556
     4963.4821446239
     4779.1432064040
     4594.8047868916
     4410.4664051989
     4226.1281540196
     5065.8923738209
     4881.5534073629
     4697.2149946918
     4512.8766136334
     4328.5382401912
     4144.1999829048
     4983.9643286020
     4799.6252919123
     4615.2868004831
     4430.9483976754
     4246.6101334123
     5086.3745355612
     4902.0354929133
     4717.6970147334
     4533.3586082244
     4349.0202233764
     4164.6819523852
     5004.4464562987
     4820.1073612661
     4635.7688060491
     4451.4303801360
     4267.0920969704
     5106.8566321200
     4922.5175507295
     4738.1790210944
     4553.8405893284
     4369.5021898697
     4185.1639025916
     5024.9285030053
     4840.5894005570
     4656.2508474739
     4471.9124043903
     4287.5740000824
     4103.2357045885
     4943.0003446984
     4758.6612293940
     4574.3226150128
     4389.9841549517
     4205.6458420795
     5045.4104756944
     4861.0714042617
     4676.7328381082
     4492.3943756095
     4308.0559493156
     4123.7176347409
     4963.4822869933
     4779.1432088699
     4594.8045874056
     4410.4660999899
     4226.1277646803
     5065.8923755476
     4881.5533634182
     4697.2148100095
     4512.8763393756
     4328.5378828576
     4144.1995450035
     4983.9641256154
     4799.6251416104
     4615.2865439785
     4430.9480265916
     4246.6096670877
     5086.3741655725
     4902.0352677535
     4717.6967573208
     4533.3582941593
     4349.0198009955
     4164.6814390698
     5004.4458630297
     4820.1070284204
     4635.7684818388
     4451.4299347126
     4267.0915557374
     5106.8558741069
     4922.5171343024
     4738.1786755162
     4553.8402321214
     4369.5016978367
     4185.1633175136
     5024.9275208009
     4840.5888769977
     4656.2504458870
     4471.9120209257
     4287.5734626109
     4103.2350797818
     4942.9991564477
     4758.6606168926
     4574.3221779072
     4389.9835738724
     4205.6451942950
     5045.4091386688
     4861.0706793914
     4676.7322905239
     4492.3939237739
     4308.0555655250
     4123.7172109680
        0.0000000000
        0.0000000000
        0.0000000000
  2423985.1874853675
  3047673.9258218212
  2924471.3036800618
  2786462.4698429755
  2645101.2892275313
  2478875.2146143117
  2972382.5364118661
  2804067.8777023847
  2622980.3194585536
  2436206.3967270232
  2245396.9216707726
  2056302.8727882877
  2506883.0979284211
  2323126.4449710068
  2146200.0524055138
  1967090.3898234016
  1798368.4473076726
  2290836.4894130360
  2124673.0480271690
  1960278.8784098525
  1816391.3425370341
  1670002.0600287246
  1506344.2286768106
  2000051.7912406905
  1863241.9493182884
  1723843.5914230584
  1568736.1501719982
  1420395.8853045166
  1924653.0661194057
  1766756.9383823394
  1615450.6337004174
  1480925.6705095735
  1364530.6803535796
  1237105.3170188274
  1735694.2613440927
  1585536.0253540589
  1452302.1634497843
  1334214.9434924615
  1211076.7105987708
  1077345.0182764432
  1562117.5798054053
  1418621.2788083905
  1286109.9938618152
  1152641.8329785550
   990358.3663283858
  1466593.5733533392
  1298755.7232093944
  1146049.9824364537
  1006770.7119678848
   885339.8108450092
   764149.3821253341
  1115992.5284051604
   916085.6109451246
   814756.8039455295
   770767.7243636048
   706266.3022268348
   992940.7341349954
   845613.7587111887
   719064.1884677403
   639556.2087021918
   548066.1924942230
   446405.4318094947
   558194.6976822432
   472160.2452000570
   432891.6253689719
   386017.0556001737
   322919.5392668621
   419763.6558523507
   354496.5962955448
   310036.3216088524
   261252.6679799338
   210227.7129533057
   162325.1152911230
   218320.4848122277
   191045.9515638261
   165524.2593597562
   138528.9450370942
   110348.0126604079
   148386.4268398406
   126799.1855185587
   104972.2652814003
    85952.1899431223
    67778.3247316241
    53062.8424489792
    73025.6073070865
    62211.9748437832
    53210.2483508795
    45523.9308053983
    39697.5553118985
    35414.2435319560
    44764.4058410110
    42232.7306302238
    40513.9427926436
    39510.3232959071
    38858.5421540301
    40293.0935023050
    38848.3124102980
    36616.9260343318
    34044.5611704950
    32132.8312738007
    31347.1581852251
    33774.0782299553
    36058.9325206387
    37192.2226161022
    35081.3280864053
    31313.7050825658
    27044.7438414077
    19609.9752554052
    12164.4433112224
     6379.3873708482
     4103.3658726855
     4130.5820994009
     4966.4734385968
     4796.1653091912
     4615.3018250746
     4430.9605682575
     4246.6197282270
     5086.3887966042
     4902.0478566157
     4717.7072252654
     4533.3668949587
     4349.0268122598
     4164.6869851182
     5004.4567763567
     4820.1165288093
     4635.7764885823
     4451.4366116270
     4267.0969018727
     5106.8661834641
     4922.5256906085
     4738.1855096349
     4553.8456480513
     4369.5061065386
     4185.1668824616
     5024.9371726015
     4840.5968993006
     4656.2567955021
     4471.9169649500
     4287.5774860542
     4103.2383701017
     4943.0084705198
     4758.6680782029
     4574.3279436069
     4389.9881804475
     4205.6488414151
     5045.4176873356
     4861.0773306177
     4676.7373545626
     4492.3978085244
     4308.0586819280
     4123.7198928611
     4963.4897034399
     4779.1492192836
     4594.8090990728
     4410.4694894879
     4226.1303836452
     5065.8989925335
     4881.5586736636
     4697.2187593769
     4512.8793455633
     4328.5403857630
     4144.2017532776
     4983.9711781996
     4799.6306353974
     4615.2905564838
     4430.9510899157
     4246.6121610176
     5086.3805607654
     4902.0402380668
     4717.7003652350
     4533.3610608475
     4349.0222259396
     4164.6837026701
     5004.4527763446
     4820.1121930749
     4635.7721725244
     4451.4328299537
     4267.0940386718
     5106.8622558691
     4922.5219032064
     4738.1820703617
     4553.8428606702
     4369.5041183080
     4185.1656787146
     5024.9344385842
     4840.5938238404
     4656.2538689219
     4471.9146354711
     4287.5759050671
     4103.2374962686
     4943.0060589883
     4758.6654677327
     4574.3255582502
     4389.9863740567
     4205.6477486221
     5045.4156381031
     4861.0752746503
     4676.7355350452
     4492.3964562395
     4308.0578213538
     4123.7194925858
     4963.4877217701
     4779.1471540228
     4594.8073296112
     4410.4682412161
     4226.1297165693
     5065.8973797585
     4881.5570211335
     4697.2173492203
     4512.8783503565
     4328.5397753502
     4144.2014768914
     4983.9694179079
     4799.6288807240
     4615.2891400390
     4430.9501367503
     4246.6116755384
     5086.3791360621
     4902.0387902166
     4717.6991877745
     4533.3602615377
     4349.0217297123
     4164.6834356685
     5004.4511453395
     4820.1106397196
     4635.7709755777
     4451.4320438342
     4267.0936140073
     5106.8609132018
     4922.5205822513
     4738.1810451916
     4553.8421796308
     4369.5036709496
     4185.1653731761
     5024.9328852113
     4840.5924172841
     4656.2528386227
     4471.9139690691
     4287.5754591981
     4103.2371580754
     4943.0045791339
     4758.6641424664
     4574.3245876048
     4389.9857388002
     4205.6473308215
     5045.4143952975
     4861.0741168114
     4676.7346821701
     4492.3958921520
     4308.0574067833
     4123.7191092126
     4963.4863303047
     4779.1459319597
     4594.8064555439
     4410.4676648591
     4226.1292819840
     5065.8961845711
     4881.5559274562
     4697.2165600675
     4512.8778227576
     4328.5393598188
     4144.2010748306
     4983.9681076163
     4799.6277378146
     4615.2883302671
     4430.9495942939
     4246.6112460376
     5086.3780016769
     4902.0377598670
     4717.6984492455
     4533.3597546516
     4349.0213121948
     4164.6830497917
     5004.4499473988
     4820.1095967281
     4635.7702351807
     4451.4315377761
     4267.0932229329
     5106.8599039781
     4922.5196681260
     4738.1803849400
     4553.8417074098
     4369.5032737385
     4185.1650342427
     5024.9318699425
     4840.5915322757
     4656.2522056086
     4471.9135130444
     4287.5750804367
     4103.2368523074
     4943.0036877163
     4758.6633470992
     4574.3239929833
     4389.9853199292
     4205.6470455614
     5045.4137267382
     4861.0734704391
     4676.7341759307
     4492.3954902568
     4308.0570718910
     4123.7188823334
     4963.4857659129
     4779.1453723725
     4594.8059853210
     4410.4673202589
     4226.1291021261
     5065.8958697238
     4881.5555279681
     4697.2161860757
     4512.8774827692
     4328.5390742089
     4144.2009582800
     4983.9679168219
     4799.6274266562
     4615.2879885072
     4430.9493258076
     4246.6111921122
     5086.3780151050
     4902.0375780866
     4717.6981958479
     4533.3594785802
     4349.0210780410
     4164.6830476886
     5004.4500063011
     4820.1094316245
     4635.7699716572
     4451.4313236647
     4267.0932809669
     5106.8600669269
     4922.5195582320
     4738.1801774143
     4553.8414637961
     4369.5030718761
     4185.1651486702
     5024.9320025670
     4840.5913861664
     4656.2519827178
     4471.9132670009
     4287.5748769549
     4103.2369837450
     4943.0037198805
     4758.6631076042
     4574.3237041663
     4389.9850970719
     4205.6471967662
     5045.4136951309
     4861.0731988476
     4676.7339187888
     4492.3952385023
     4308.0568429522
     4123.7190006551
     4963.4854262758
     4779.1449000720
     4594.8056149325
     4410.4670361618
     4226.1291610698
     5065.8953113941
     4881.5549591439
     4697.2158439779
     4512.8772062204
     4328.5387806367
     4144.2009044509
     4983.9668732863
     4799.6265982509
     4615.2875100739
     4430.9489440259
     4246.6109984580
     5086.3766584105
     4902.0366336297
     4717.6977613106
     4533.3591711511
     4349.0206852715
     4164.6826736270
     5004.4480883739
     4820.1082566085
     4635.7694066856
     4451.4308223907
     4267.0927062574
     5106.8578190777
     4922.5183025376
     4738.1797047567
     4553.8411472011
     4369.5025543941
     4185.1643283370
     5024.9291512077
     4840.5899664411
     4656.2515097259
     4471.9129708464
     4287.5742845013
     4103.2359474186
     4943.0004774627
     4758.6616874327
     4574.3231950217
     4389.9843796082
     4205.6459737102
     5045.4103028468
     4861.0717904515
     4676.7333985864
     4492.3950037617
     4308.0566120639
     4123.7182222996
        0.0000000000
        0.0000000000
        0.0000000000
     1352.7895753296
  3046982.8237479017
  2925124.0432957099
  2788876.8330811672
  2654670.0608136496
  2507503.8240842093
  2998844.9786890526
  2829136.0026484029
  2642511.4872657489
  2452083.1063984334
  2258394.0090932669
  2071896.7312625151
  2522104.3831389709
  2332663.3604070162
  2166682.7661611778
  2004796.6828593947
  1840249.9682559539
  2336854.7422479289
  2177523.3007180034
  2012307.2783583805
  1870715.7245740741
  1745445.2227802160
  1613071.8403456884
  2106183.8347852821
  1957913.8192365686
  1826650.5765017504
  1693660.1675190241
  1547412.9577294402
  2048822.1807139625
  1915484.5797736011
  1789510.7869063297
  1655292.0854504430
  1509165.6095490248
  1381490.6576318089
  1907101.5405095429
  1784260.3419255549
  1651721.4588578721
  1513438.2813031450
  1392189.8836247837
  1279430.3852588767
  1796702.9626931841
  1655141.0875260497
  1516506.0361737306
  1395640.9153618268
  1282012.1037689759
  1803406.1182620891
  1655503.5970709715
  1516273.0333323653
  1398489.6895295091
  1290625.5919180610
  1174653.4610840960
  1666634.9833292554
  1520126.0403220332
  1395712.6735204151
  1288798.5875497442
  1172463.6298896822
  1671121.5710823473
  1524675.3077467713
  1401259.2450692917
  1293054.8853492397
  1180653.6587557818
  1041033.7551849216
  1535557.2856263292
  1389357.4755258241
  1266597.4990281442
  1159440.1749490462
  1038124.0122254562
  1545892.1980344539
  1407575.9448045036
  1275442.1570787071
  1148088.8143077164
  1020285.8868426299
   896628.4832587224
  1322744.5482057137
  1177899.0738628211
  1066554.5189987600
   973753.4242113722
   874584.1257906737
  1260976.7039693429
  1135529.3354884677
  1011776.4355457627
   929193.0115246904
   831134.6556225454
   740462.3834309210
  1048346.9339996430
   907663.7042669164
   791793.3410398050
   721343.9087001769
   677850.6260974205
   611678.2582825586
   869886.3823869607
   744907.8238553837
   645752.1652747187
   577860.1287454081
   515167.2857836346
   750578.3000200301
   675224.5369992849
   598443.4942132492
   549157.5140340538
   489295.9688848124
   426379.1264355624
   565003.7487706830
   482629.0846424272
   435742.2355420649
   403262.3056233793
   357953.2201929379
   473519.9063308646
   413170.9217625782
   367919.4162103745
   331164.3060322644
   290145.4975415433
   242089.5081212959
   304653.0524849309
   268567.4717613744
   247122.0178627132
   219227.5469196476
   184204.8058754071
   240944.1499327100
   209723.5368200349
   186489.0795679735
   161477.0533120233
   136534.7168418559
   110329.3926583662
   149249.7528569210
   133005.5536134875
   117499.2012806315
    99658.8420932746
    81789.7759658880
   111822.7095081290
    98136.9855602728
    84944.4361814511
    72872.7725945018
    61276.7939866885
    50917.8831421535
    72619.1101114104
    64808.5497506646
    56950.2816592252
    49585.5208353472
    42466.6166543513
    35966.0897971713
    50949.0589642599
    45597.9068238752
    40258.5047847893
    35094.5923071505
    30322.6528403768
    40258.6571192367
    36434.9537593784
    32916.0086067473
    29772.6758985097
    26887.4915628082
    24386.7474682809
    30480.1325215581
    28561.1820056759
    26862.7798700596
    25346.4388280385
    24019.1098258197
    29204.6214820343
    28617.6133630355
    28040.1884073050
    27402.5848838451
    26672.6893563244
    25938.9947017059
    31887.8147998902
    31529.7435400719
    31016.1677931396
    30271.8021596845
    29336.5801722986
    35116.7371478161
    34238.8877147158
    33108.3815890943
    31779.2167168380
    30187.9218029073
    28422.5310096565
    32431.8367779952
    30424.1770545800
    27988.2965288853
    25333.9917576599
    22665.0027697515
    23907.1158453367
    21888.0321051943
    19935.5684961029
    17775.4649212843
    15324.9257612606
    12681.9153463454
    11694.7762795142
     9329.8878067362
     7373.5783453064
     5778.7564575497
     4684.0715513742
     4091.1688821165
     4888.4103292538
     4755.5729961239
     4574.3434976940
     4390.0019004943
     4205.6605190183
     5045.4322255274
     4861.0904876977
     4676.7490812210
     4492.4079985958
     4308.0671826032
     4123.7266028716
     4963.4987433053
     4779.1576117320
     4594.8168100746
     4410.4762894914
     4226.1359829036
     5065.9081590453
     4881.5668292539
     4697.2258531587
     4512.8852549454
     4328.5449764667
     4144.2050250453
     4983.9778517144
     4799.6369185633
     4615.2962952107
     4430.9559310825
     4246.6158106060
     5086.3875682114
     4902.0462527842
     4717.7054501410
     4533.3650930203
     4349.0251182478
     4164.6855646982
     5004.4585484921
     4820.1175770333
     4635.7768804631
     4451.4364658915
     4267.0964946261
     5106.8679069165
     4922.5267580226
     4738.1860599654
     4553.8458030184
     4369.5060541491
     4185.1668616115
     5024.9397731099
     4840.5986569988
     4656.2577716109
     4471.9173701860
     4287.5776220056
     4103.2385315900
     4943.0111241344
     4758.6699142751
     4574.3289872616
     4389.9886703238
     4205.6491604265
     5045.4202227436
     4861.0791201412
     4676.7383828068
     4492.3983104965
     4308.0589790482
     4123.7202752237
     4963.4924898267
     4779.1510534457
     4594.8100581824
     4410.4699486314
     4226.1307897896
     5065.9016561051
     4881.5604002887
     4697.2196315799
     4512.8797521238
     4328.5406847142
     4144.2022189758
     4983.9739578811
     4799.6322842540
     4615.2913042678
     4430.9514433664
     4246.6125986036
     5086.3832082951
     4902.0417553299
     4717.7010175876
     4533.3613540778
     4349.0225037508
     4164.6842178885
     5004.4554711274
     4820.1136115555
     4635.7727164467
     4451.4330995699
     4267.0945143688
     5106.8648485983
     4922.5232273480
     4738.1825651914
     4553.8430868028
     4369.5043897668
     4185.1662442855
     5024.9370903891
     4840.5950985385
     4656.2543122893
     4471.9148304061
     4287.5761646889
     4103.2380770794
     4943.0087013350
     4758.6667050602
     4574.3259631210
     4389.9866228877
     4205.6483352522
     5045.4183128694
     4861.0765295861
     4676.7359740404
     4492.3966641233
     4308.0581081769
     4123.7201542084
     4963.4905274082
     4779.1484590874
     4594.8077667935
     4410.4685442356
     4226.1304278270
     5065.9003164090
     4881.5584109391
     4697.2178556724
     4512.8785865724
     4328.5400889298
     4144.2022760387
     4983.9725276895
     4799.6303638060
     4615.2896600185
     4430.9505090937
     4246.6125609657
     5086.3823873176
     4902.0403507307
     4717.6997734102
     4533.3605288549
     4349.0220811540
     4164.6844168159
     5004.4545264916
     4820.1122569446
     4635.7715538763
     4451.4324772371
     4267.0947180743
     5106.8643909766
     4922.5222256533
     4738.1816643311
     4553.8424699051
     4369.5040844027
     4185.1666236830
     5024.9365161481
     4840.5940952419
     4656.2534497665
     4471.9142476595
     4287.5758742322
     4103.2384532413
     4943.0080824294
     4758.6656816216
     4574.3251038748
     4389.9862040458
     4205.6487328484
     5045.4178656757
     4861.0755816878
     4676.7352151458
     4492.3961685718
     4308.0578621824
     4123.7205451099
     4963.4895945791
     4779.1471734911
     4594.8068481608
     4410.4681192795
     4226.1307527892
     5065.8992391477
     4881.5570129007
     4697.2170020433
     4512.8781154436
     4328.5398329580
     4144.2024776028
     4983.9706167412
     4799.6284516742
     4615.2885768717
     4430.9500053276
     4246.6125711629
     5086.3800415570
     4902.0382870567
     4717.6988405039
     4533.3601101007
     4349.0217492881
     4164.6841703616
     5004.4511116821
     4820.1096926945
     4635.7703921785
     4451.4318524024
     4267.0941204949
     5106.8604362245
     4922.5196450493
     4738.1809057781
     4553.8422393585
     4369.5035626956
     4185.1655809549
     5024.9313400420
     4840.5912536424
     4656.2528212089
     4471.9141564577
     4287.5752198118
     4103.2369921807
     4943.0022425780
     4758.6629911759
     4574.3244642579
     4389.9852490451
     4205.6468426481
     5045.4117980220
     4861.0731829480
     4676.7348253239
     4492.3964069248
     4308.0579785831
     4123.7195487338
        0.0000000000
        0.0000000000
        0.0000000000
     1352.7895753296
   353414.8914966857
   324908.0270187245
   293390.1050525134
   255537.0328234165
   201638.6286392481
   709504.6762903887
   622158.1761906783
   544556.3501420440
   464595.5717552803
   380798.9887984892
   268464.4926994201
   738008.8515175318
   586320.7157264616
   463198.0683297087
   364809.1435055511
   274707.1556901363
   793866.2939540171
   671455.9696177689
   572504.6291980605
   494160.2660108575
   428576.3497017560
   354828.7144026168
   905497.2800522693
   821716.4346457336
   732166.8093440216
   641518.6536548217
   540873.1902034286
  1098340.6975206053
  1015036.0481364796
   941298.8157750121
   874096.7434116201
   804171.7478811886
   718228.2944850267
  1276118.8045857700
  1197407.5963855814
  1123254.2214960358
  1039169.5736035189
   949868.9318335301
   856424.0283905885
  1387528.2140834189
  1291099.4855943758
  1208646.0508018320
  1121947.9080797681
  1016826.4300124067
  1551214.1396858592
  1440966.1111195157
  1342344.1157474511
  1254150.2768811968
  1164270.7889042501
  1053272.4883119420
  1572547.1215579361
  1453022.4248026609
  1344719.7597705305
  1247615.1202474905
  1147870.7141170162
  1669903.8404447117
  1541841.9212677160
  1425256.8085626478
  1321219.7058026080
  1221579.7027968450
  1107341.6006321076
  1612904.6048162924
  1480159.4291023572
  1356258.7608694611
  1247314.8435758664
  1142725.2933372336
  1660805.8641721066
  1527383.5591106871
  1405425.7552579143
  1293179.6093724326
  1186681.0384442096
  1058922.3073864938
  1565358.7345239825
  1427291.0913693784
  1299508.1413917907
  1189394.2888477140
  1081965.6075183474
  1603743.5674836312
  1475151.8299715896
  1353091.6559449709
  1239330.7612546408
  1123183.2152337837
   997139.8202795291
  1509632.5808339762
  1372859.7463435866
  1251897.2808848892
  1147768.2050034527
  1053609.6188608771
   943211.1738235587
  1440692.6067523749
  1295856.1519428201
  1164153.8794894554
  1049312.9849040362
   942105.1537962309
  1462470.0413000283
  1334710.3713276766
  1213082.6743260033
  1097568.7117628402
   989213.4832436031
   879207.4606163036
  1320743.2489141666
  1181263.6763388347
  1076890.2761109150
   968038.3704444008
   870668.0540819273
  1246339.1331615020
  1143771.2096403057
  1048196.7644956874
   971654.5964297228
   896139.0334451284
   806053.2429506824
  1122861.3156662467
  1002841.1238966489
   901846.0777253810
   802158.3377771581
   712600.2529456383
  1007061.1467752828
   926050.9230777449
   843883.0548272573
   786066.1676462428
   725250.2758842255
   645743.2833765902
   900963.2868346431
   794586.6159262512
   706018.2101605131
   631776.9037476727
   561456.9045867648
   803603.3164152745
   729418.6160671915
   662615.2456834982
   626157.6304583829
   565099.3477383740
   502710.2288528829
   690071.6934514326
   608253.1891695933
   544998.9236410178
   505658.3010649534
   473269.1787521568
   435293.2641959984
   594175.5667266048
   523325.4243717476
   465900.8284468410
   423610.5762540374
   381671.2567558154
   530880.3819174094
   484645.6587971433
   438575.4943835996
   406042.3067658276
   363610.8298501358
   319686.3925265267
   417746.3398593791
   365461.0580531438
   328329.5490100331
   305834.7128562711
   277608.9155370847
   382152.3301636283
   342983.3934631088
   309284.2976432354
   285027.3083837987
   254831.0123843506
   221791.2787308826
   280044.5021415366
   247752.9517557496
   228443.0003789844
   212106.8491155437
   185825.3542409782
   245371.9177509458
   218020.1432463510
   198763.3923518797
   180220.9746804466
   159399.4754520988
   133492.4194217164
   175405.2657974679
   159535.1550230601
   147453.4605215253
   132118.0775222211
   113595.3640634511
   149923.2918429076
   135701.1946836947
   122692.3599042100
   110008.2287751573
    95855.0035547590
    81372.8125624740
   107898.1030368495
    97894.8083693936
    88164.2253350837
    78339.6498298623
    67776.0061720077
    57746.7411797396
    77301.6870142700
    69751.5206929469
    62292.1591038499
    54708.3169254359
    47242.6653174525
    62273.9081295148
    56213.2828456971
    50415.9774576925
    45018.0840731925
    39833.5372220251
    35133.7913093357
    46839.9484395055
    43028.6188266671
    39225.7527695600
    35411.9240662758
    31672.4436287972
    41422.1174286876
    38102.8280192404
    34774.4612050726
    31535.5396870626
    28322.8066920330
    25301.9079224780
    33230.1504986143
    30645.3026279670
    28150.7332431171
    25799.8755442010
    23649.7415249493
    30631.4799281940
    28940.7858927145
    27298.9907408488
    25699.6791696987
    24137.8572761850
    22636.8334981924
    28435.9221679334
    27090.5482041589
    25586.0867349982
    23928.7539413571
    22264.5065662902
    26780.6041804741
    25715.6821823564
    24868.4193323071
    24173.9789848415
    23464.8500563928
    22630.6004115700
    26519.0298377854
    25760.2971873547
    24971.9282112643
    24115.3867487995
    23182.7981879131
    22127.1621253965
    25513.9088383947
    24493.1617782533
    23319.8644352167
    22078.7752417516
    20836.7633680519
    23552.7562248896
    22595.2475104853
    21622.2195799061
    20576.1956958659
    19365.8032787731
    18000.3674745251
    19663.1229408982
    18370.2844114875
    16922.4511703883
    15360.4265184503
    13906.6638870851
    15163.7879856581
    14472.8023264329
    13803.6613248176
    13088.4984877681
    12288.4748124719
    11406.7071491187
    12040.3792426576
    11162.1769548627
    10268.6057819406
     9486.6857739735
     8761.8971866856
     9242.6743589980
     8475.0367390521
     7632.8917490505
     6899.3338048247
     6244.3208478616
     5581.8500641181
     5875.4412873364
     5143.2375618722
     4626.8419690769
     4418.4706017763
     4266.6673003382
     5106.8836873139
     4922.5412423222
     4738.1991142413
     4553.8573937112
     4369.5160046457
     4185.1748967310
     5024.9499724919
     4840.6080062731
     4656.2664801178
     4471.9254017445
     4287.5845916928
     4103.2440018291
     4943.0197289622
     4758.6777039151
     4574.3361530788
     4389.9950783517
     4205.6543438877
     5045.4289360838
     4861.0865379575
     4676.7448504306
     4492.4038464196
     4308.0632872583
     4123.7231022098
     4963.4985523265
     4779.1565951629
     4594.8153902754
     4410.4746489283
     4226.1342023162
     5065.9078651143
     4881.5656388176
     4697.2244486069
     4512.8838312902
     4328.5435591162
     4144.2037279344
     4983.9785494559
     4799.6368586990
     4615.2959296456
     4430.9552382122
     4246.6149216694
     5086.3875909440
     4902.0459940342
     4717.7052041419
     4533.3646393437
     4349.0244910067
     4164.6850051773
     5004.4591664196
     4820.1179008863
     4635.7769641670
     4451.4361716748
     4267.0960660962
     5106.8682990441
     4922.5272327351
     4738.1863799504
     4553.8457040575
     4369.5057328296
     4185.1667038923
     5024.9406971173
     4840.5995244664
     4656.2582260205
     4471.9172796093
     4287.5773109644
     4103.2384716873
     4943.0121586818
     4758.6708550995
     4574.3293722921
     4389.9885490067
     4205.6491836442
     5045.4215396669
     4861.0802550283
     4676.7388251761
     4492.3982253327
     4308.0588011390
     4123.7205623536
     4963.4940381665
     4779.1520361089
     4594.8101988267
     4410.4697337142
     4226.1311049177
     5065.9034006770
     4881.5612930949
     4697.2196992072
     4512.8795511412
     4328.5405981059
     4144.2028044261
     4983.9753649636
     4799.6325375004
     4615.2908855771
     4430.9511162666
     4246.6131476080
     5086.3844352385
     4902.0416430520
     4717.7005935544
     4533.3611551824
     4349.0225450014
     4164.6848921952
     5004.4554841988
     4820.1125030363
     4635.7718003073
     4451.4327626300
     4267.0949860466
     5106.8641694345
     4922.5217683000
     4738.1820516489
     4553.8432223899
     4369.5044931295
     4185.1665223105
     5024.9344135421
     4840.5928298444
     4656.2539097632
     4471.9152084486
     4287.5761592762
     4103.2378954120
     4943.0044276115
     4758.6642141435
     4574.3255571286
     4389.9861387381
     4205.6476512639
     5045.4133164148
     4861.0743888235
     4676.7360856309
     4492.3976684095
     4308.0592140084
     4123.7207499914
        0.0000000000
        0.0000000000
        0.0000000000
     1352.7895753296
     8104.4445128864
     7468.8225637267
     6495.7960275739
     5393.5672853796
     4602.1273711890
    64431.8990204831
    43026.2973848932
    42360.0709910012
    40127.5358238771
    34304.6958916273
    22062.2153528746
   192706.5086011376
   130709.7814617449
    94060.9253366367
    68119.2556814898
    44935.3307610862
   282367.9329092170
   203992.4010862055
   152411.8596923820
   119708.8186326056
    94886.0716792316
    68752.3597088442
   342857.2310040797
   256753.2500241089
   194056.6484196917
   146539.1564034908
   105545.9469356267
   416250.6093298148
   329868.5526924768
   261692.1333360233
   213353.5231520724
   174789.7487519405
   136402.6371817068
   487010.6919837464
   402118.8447923737
   326193.5918764290
   270645.3215804753
   224355.9288275082
   174247.0963984990
   531765.7593750431
   440463.4370106807
   345630.4063921378
   265949.3415263706
   196028.0421236738
   563988.6401817058
   470931.9600500013
   381590.2982283109
   316856.6579078868
   262343.8929451194
   203249.0906193360
   574396.8671783712
   495608.9288216894
   395660.0660132180
   309183.2909596057
   236792.3050555057
   656426.0841477935
   562865.1053116195
   472349.8023991772
   397092.6444421815
   331987.9825668125
   266692.5404563391
   686428.2561252099
   601308.6347951974
   500345.0187387968
   397495.1838156469
   309835.2568080198
   758519.0511080204
   684699.8613413725
   606935.8083563879
   517475.5623658286
   430813.7252355001
   353828.6216340329
   767394.0578856508
   707563.2010463761
   649359.1414801854
   562024.2468431626
   440477.7438173688
   941810.4729988014
   838016.4971202345
   761530.5179817181
   687983.1215657899
   602321.9806593184
   490894.7740421953
   982612.3746815083
   880669.5902760206
   812840.5039400276
   751150.1226691824
   673376.0990960567
   562437.6476546712
  1033717.1636976803
   917581.8658697907
   828306.6552362492
   749017.6012074335
   657806.4774544761
  1175764.2782923295
  1054058.6370137597
   950427.6457387462
   860289.0985286977
   772073.8019295221
   671166.4125742594
  1146385.5526185390
  1031933.2121417336
   933076.7709363539
   847246.8229015972
   758047.7511746313
  1295835.3670638422
  1172175.4514740240
  1059930.7824584241
   961084.6141885079
   866062.4188027394
   763964.3894363755
  1221253.8588063878
  1105280.1924431589
  1009765.1543702285
   916378.7645431546
   824154.6827705606
  1349895.9261419254
  1241023.2758136357
  1133033.3639861941
  1029908.3075262043
   930756.5143131603
   824901.2277068729
  1276377.0018649730
  1149054.8233632420
  1038367.7917460953
   934437.6857376427
   836358.0637761288
  1261115.7302399895
  1159268.1026637540
  1075326.2757864709
  1008093.3651625249
   934246.3803875087
   841618.9539640864
  1240735.1889734068
  1121721.1309719565
  1018442.8831027807
   941947.0362396026
   862123.5502011408
   783457.2999759114
  1102321.8768308877
  1008611.8409024259
   917549.0644175657
   835124.8065370464
   744254.1411135809
  1048999.1981081627
   960430.0488466535
   891734.8239726931
   835757.3945387379
   795571.3970956811
   713891.8517136993
  1012817.8466012337
   909307.1341744674
   815367.3327909062
   729904.2641112722
   647191.6972567796
   903207.9151291259
   826037.8114730966
   756544.9832984192
   706198.4250422373
   662123.1928909039
   597130.6384969478
   833129.8122455548
   750569.0698207106
   675206.8194781176
   610241.5613762029
   541203.6076707303
   758236.8167001202
   697122.2316306368
   643083.6724984363
   603982.3610192857
   566027.0086402972
   507908.6017193123
   706965.8895223062
   631395.5850183167
   567829.7686557132
   513779.3479395212
   461335.6999177967
   642066.8533972178
   589861.6528706535
   545251.5245316365
   509775.8592546718
   476105.1327101886
   430726.5640609672
   585246.9825173846
   527408.4477069438
   478641.8383270174
   440056.6388272999
   407594.7081374836
   376330.6675149835
   510601.5397228198
   465508.3024171774
   421665.8365242237
   382658.6964461935
   342658.5659241678
   470019.0780950157
   437248.8169878881
   407722.7550643457
   379566.7288768335
   348762.0217882045
   309400.0836189096
   412304.6750180788
   367470.5314125192
   332178.3332423227
   304759.7192701621
   275612.5486625094
   382789.4089040775
   350885.2273560182
   320241.7294452626
   296956.0395434719
   268697.9648630582
   239396.4474768838
   312452.7922112176
   277786.7846170664
   251619.2363996866
   232794.8527021738
   212854.8413574014
   288406.7510958986
   263326.7947409006
   239362.2471570596
   221788.2368217993
   201086.3626328569
   178700.7678765713
   228976.9178037057
   204907.0368606855
   189061.3088256205
   176053.1543599142
   158914.4382426688
   209126.0084457282
   189483.2718419685
   173859.4338649558
   159388.7773732595
   143908.6151416561
   124939.6003487234
   161788.8111880259
   148063.6024082146
   138772.8014928248
   127213.1435242621
   114533.8236271229
    99000.4944763591
   127886.5484750995
   117734.7702432042
   109162.8354026910
    98996.2397026344
    87544.7226945324
   112804.0676674410
   103514.4489781725
    94847.1647503386
    86031.4737309355
    76568.6752755159
    66771.8264773613
    86659.4057779260
    80025.3551449106
    73319.1030665441
    66241.4677163944
    58765.5816197312
    75654.2545022701
    69790.9951139758
    63896.8433975925
    58057.9688116911
    51924.7658509847
    46007.8999460666
    59816.0819915524
    55234.4789382788
    50459.6981494897
    45621.4674572874
    40814.8031055049
    52538.3176745441
    48555.3494961362
    44554.3940551195
    40651.6087006833
    36744.4301006048
    33026.3690563534
    42899.5070533995
    39845.7330759040
    36709.7955147931
    33559.2340889222
    30479.0991733673
    38708.8522586894
    36071.0356335184
    33429.5657412714
    30800.1800574013
    28156.9682580522
    25612.8461905310
    32308.0816997284
    30054.1105904971
    27821.8143316835
    25672.8514860827
    23622.7434497001
    21749.1929734440
    27444.1680760767
    25938.3593410979
    24463.3883511783
    23018.5943759512
    21608.8618392213
    26441.4827289035
    25270.4510997535
    24096.7708255836
    22843.7951824364
    21484.8690544945
    20094.1404915831
    23961.1199346731
    22709.0161772601
    21455.2167428785
    20205.6167234327
    18974.0408757806
    22432.9942983834
    21375.8073954924
    20254.0837619818
    19108.8513927207
    18033.8278580262
    17071.7746868528
    20635.3342978349
    19860.8435160479
    19035.7650774398
    18147.7379838898
    17180.2355752938
    20383.2913126185
    19446.4403077198
    18405.8669241463
    17271.4636608467
    16099.6341952415
    14927.2875164528
    17628.5320351360
    16740.1133529138
    15931.0024300189
    15145.6420240692
    14299.9028866930
    16555.6582574271
    15696.2360603786
    14827.9316670536
    14066.1469596846
    13413.9881685616
    12778.0851596058
    14737.4752826336
    14162.8134122771
    13586.2346958335
    12996.2463313402
    12353.7701795192
    11698.4642557010
    13102.3740852216
    12505.0810719795
    11872.8899179574
    11200.9464452316
    10501.4960446683
    11074.0693669925
    10303.8175482003
     9452.7562661390
     8577.2067665056
     7841.3242536397
     7310.2464630973
     7816.3130369382
     7179.5624111489
     6533.0345579032
     5995.6376788653
     5487.5135597851
     6043.5690980433
     5625.2324375571
     5177.3861455401
     4658.7789991367
     4291.6637592380
     4129.4769355859
     4983.9951473855
     4799.6519199275
     4615.3089671592
     4430.9664328147
     4246.6243095753
     5086.4021741266
     4902.0586180763
     4717.7156013559
     4533.3732169763
     4349.0313534233
     4164.6899817104
     5004.4699673348
     4820.1265578250
     4635.7836856577
     4451.4413837362
     4267.0997404155
     5106.8775145151
     4922.5334455762
     4738.1903926718
     4553.8485923931
     4369.5077476859
     4185.1677794266
     5024.9467711172
     4840.6019503153
     4656.2590112486
     4471.9182117373
     4287.5782579992
     4103.2389146704
     4943.0130049873
     4758.6687997105
     4574.3279743804
     4389.9879241619
     4205.6486010186
     5045.4170470462
     4861.0764181048
     4676.7383577966
     4492.4004781255
     4308.0622762480
     4123.7238722302
        0.0000000000
        0.0000000000
        0.0000000000
     1352.7895753296
     4661.5035381732
     4587.2578649453
     4429.7730799294
     4291.5838953364
     4147.8445989380
    18656.0729173814
    17454.5324497752
    15767.3799936284
    13254.1726242362
     9836.6373175190
     6879.3984536507
    56950.5099031493
    38234.3144914027
    28000.6469170210
    20738.5381943305
    14440.6594706819
   110013.1685708312
    79330.3808968377
    60799.7025106766
    48368.2809056375
    38352.6143438285
    27316.3643312874
   172383.2427825308
   123499.8799439381
    90551.9416179594
    66620.7643367109
    46533.4975516792
   226830.2597421524
   167812.8408702493
   126882.6390615116
   100123.8077759170
    79234.0524163174
    59089.1752455896
   271668.6843722785
   209331.3738486195
   160781.6255738441
   126838.2761705746
    99928.6985528397
    74893.0266183905
   304757.2724873737
   235648.6645493931
   179593.6183344734
   135633.6347326309
    99080.4890288853
   353023.9287941463
   278650.6963354373
   217775.1229522768
   172996.6377292708
   137429.0649972989
   105115.8733524250
   374093.5836009267
   298259.7919227619
   231743.5914253546
   176580.9352859796
   130267.7331130594
   415892.5402415227
   335998.9191163838
   267967.9046755206
   215869.8643666797
   173157.9937944107
   134302.9977666235
   431945.2184435304
   357336.3938459464
   282405.6154114134
   218555.3990249952
   163277.7012860346
   478141.3429903978
   396026.3177788850
   319497.1623671143
   259281.5517857469
   209346.0957122438
   163529.9014127469
   480879.4894911972
   412444.6810152601
   328625.1513395180
   256291.1808193709
   193501.0834081774
   526082.5430155458
   443362.8557658019
   362293.5847134896
   296253.5787767550
   241523.3261803271
   193754.2662377974
   537375.4276507857
   469922.8021548396
   395334.2913241842
   323600.1056712416
   260231.7086349692
   203482.6372366981
   528493.9099686275
   458215.6691684535
   375242.9857579033
   294254.9667968624
   222448.9951613853
   559069.6554594849
   484145.0486253624
   401971.2527487316
   330685.8694283800
   271425.2854818304
   217473.9012845074
   507549.6914501878
   478030.8009478591
   420500.0924401854
   342664.1777814417
   255501.9449906761
   571351.5917109464
   515823.5318335186
   465506.2504598955
   408392.5374922310
   332995.9221730521
   263802.9724247511
   569382.2207843284
   504526.9962139078
   467396.1414506633
   405225.2758826148
   316212.6705601260
   672786.5039411070
   568233.1423935653
   504790.6737191312
   453669.2390140439
   398442.3380963197
   322889.2355971974
   670278.9933677748
   563780.4505117110
   518697.3228436759
   468832.4059180593
   400644.6460650254
   825280.3061063853
   703374.9192009085
   607662.9981172591
   532768.5817544680
   467936.8601854120
   394992.5792047107
   797632.1281857895
   687847.0308580216
   629417.6659291224
   576691.4937511950
   516858.5028523766
   434338.1815796596
   825732.5901983947
   706188.2804812281
   616083.7479183830
   544501.8952478635
   477932.4105307801
   929208.4546422049
   809085.9635782163
   705846.9715779008
   622082.5781639831
   545964.7697088458
   457228.0909020507
   858040.9454558421
   740383.7503415431
   664875.0140414193
   601512.5228186665
   532353.7765420493
   899702.9727507724
   808446.0478829466
   727858.8274351221
   664646.6306419370
   605364.4051659568
   544370.7174809921
   884284.2873517006
   785645.1642690330
   697166.4483338794
   616689.9261715990
   540770.2630062976
   874434.4781011576
   795566.2102874351
   726905.2818978954
   671300.7741624046
   606868.8292268974
   541307.2647207964
   873450.3556251898
   775962.1681282652
   689518.7105768269
   611965.3167479457
   543657.5026896287
   849772.0646122955
   777754.0099605040
   716195.5605481927
   667789.1207096440
   623620.2134221805
   569125.6250465673
   865712.6232084380
   786612.9911196087
   717524.9662840950
   665552.4695145928
   612188.6079835746
   561955.3140120169
   798536.6215563572
   736067.0942515800
   678424.6448023844
   627028.7092096081
   565377.6728511932
   793461.8781216990
   731000.5298383594
   683586.7444902967
   638710.5146550739
   610934.8869027803
   552729.3421494808
   788477.9760892279
   719250.3433051496
   649068.5566286782
   585011.5668768908
   518654.1629198166
   732766.2343692138
   667407.6476429950
   614806.3499273130
   575592.8470471518
   544274.0637216282
   494623.2956041089
   698781.9808885995
   633707.7170268309
   572802.8640824959
   519634.7467011752
   463747.9521961851
   646097.8396560614
   594391.0823104384
   553307.1517075672
   522305.9969096656
   494776.3039437369
   451247.3351692496
   623411.6891559554
   566407.7466278967
   513346.3755668986
   466691.9044934791
   417649.2454326706
   571956.7587010207
   527946.5389567984
   492463.2833841022
   463661.6263661149
   436186.4482590964
   396719.0565000358
   542060.8179897658
   495240.5987869973
   451623.9503348994
   416796.1864535530
   385615.4393580981
   351157.2672533870
   477672.6525509284
   438668.3337163687
   400079.1390468576
   366102.9775635661
   326900.2254628773
   449141.6898841105
   415729.9283956913
   389136.4569733400
   365210.0744795275
   340114.9368729477
   304951.0722004871
   415284.2987672225
   372796.1091052439
   336983.2081288345
   305848.5957921215
   275208.7498127625
   384234.4510964151
   354522.1813926486
   328001.6781125643
   304940.3608227784
   280638.5298308845
   251748.1055598384
   340541.1209353944
   306447.5815891408
   278610.0381595789
   255412.6231815579
   231516.1992468839
   321416.6638547018
   298456.7747819703
   276751.6695228217
   256564.0061178222
   235547.7188713832
   211210.9437624149
   281212.4373957893
   254094.9673012418
   231467.1624000108
   214086.4402476934
   195117.5589597906
   267908.2340340972
   247551.0837513047
   227526.3783956923
   210415.0945462676
   192078.8457135873
   172284.4912419872
   227047.1493770733
   205449.4843258004
   189067.9869001404
   178574.9150167808
   166272.0416381964
   150516.8332447542
   194333.7466035094
   175302.7273967171
   161615.5390575688
   151255.8732990305
   138673.2003329509
   183102.8640212208
   168492.4860470189
   155439.3442418218
   143932.9943018907
   131254.9457664248
   117135.9729686301
   149115.7406463042
   136789.9363600838
   127963.5263310162
   119015.0013905201
   108056.3159120281
   138115.1260772219
   127348.2483044149
   118411.7928123738
   109594.1450343280
    99906.6523056719
    88886.8846413461
   112060.1666530335
   104087.0706801704
    97573.3638580959
    89888.4006668895
    81338.2030382341
   102710.4318445102
    95317.3414956787
    88657.4250847801
    81748.4651996455
    74315.4305267754
    66249.5334242883
    83468.1663177103
    77860.8114482459
    72703.3374845785
    66832.3844859925
    60478.3303289234
    75867.0340253133
    70649.4796098115
    65567.9702354876
    60368.5116983679
    54909.9477162788
    49353.0736028317
    62512.0083231540
    58493.8261197573
    54561.9806949962
    50471.0869901304
    46060.0712493288
    41610.5272993024
    52802.3115880236
    49387.0091429181
    45901.8209554295
    42195.8242127054
    38404.0942057015
    48199.2229209811
    45002.3422259946
    41831.1746078480
    38675.1433177703
    35454.7256516446
    32314.4859047060
    40428.6027423013
    37928.8721088719
    35432.3713373776
    32944.1863089654
    30513.8997974207
    37519.8681330718
    35516.4530501295
    33450.1331843851
    31342.8985733379
    29207.1515473150
    27144.3101752909
    33589.6222973387
    31773.2044973827
    29863.6419338589
    27845.9009995455
    25766.5046990422
    30858.6324764220
    28823.6412820325
    26878.7124271287
    25020.2052443322
    23211.2588784624
    21380.8579926483
    25572.3257256833
    23885.9050961962
    22320.9062578841
    20780.3261440244
    19272.4595108584
    22713.7918277650
    21502.4319755939
    20320.5517902774
    19144.0999483109
    17856.8705605097
    16545.6983573407
    18432.4894137465
    17138.3481011926
    16137.2056950504
    15327.0790529599
    14816.5860274861
    14332.7739479890
    16584.5891075766
    15967.8450618896
    15632.3547473162
    15201.5666962057
    14594.0138037296
    16656.2353551608
    15831.4332566491
    15617.1209184418
    16389.6417822742
    18713.5665803655
    22165.4041908928
        0.0000000000
        0.0000000000
        0.0000000000
     1352.7895753296
     4803.4519132135
     4700.3894554889
     4529.8338348040
     4364.3371163907
     4187.0413586949
    11757.6891143309
     9971.4689947812
     8536.3941563376
     7291.6647212162
     5811.3336825995
     4723.7909571900
    20135.1467412723
    14317.6902037722
    11177.2277839070
     8918.6565060528
     6904.7898774374
    40187.5754318750
    29561.0883856369
    23381.8868276240
    19219.1753990549
    15784.4771739998
    11540.7717438675
    69458.4754227562
    49881.7808476253
    37147.4595756546
    27836.4631869204
    19809.8221806653
   106156.8783052330
    78519.6024195428
    60226.9877963236
    47999.4714824823
    38266.4680601164
    28736.6345508394
   148758.3123126334
   111470.0652393151
    85032.3867394515
    67060.4568528210
    52862.3697241212
    39518.2250307526
   182333.8706266702
   136913.7374753512
   102639.3747167166
    76718.2914902047
    55444.4848058104
   219841.8990499563
   169347.7278423193
   130487.9188383173
   103291.7793340022
    81970.1840912095
    62491.2659202728
   246082.3998211216
   191680.7449611929
   146953.7983267476
   111492.4115794817
    82067.5138595953
   284609.5118012107
   224897.8517410032
   176570.1779374341
   140821.9758855771
   112327.0971618832
    86470.6590279436
   303401.8949271407
   242566.2381188560
   188582.6501215018
   143588.1745461668
   106158.3271565450
   336406.4537047218
   270610.1341058238
   215781.5545569479
   173610.9716447279
   139335.7247086883
   108394.8704561575
   351944.2445791105
   291054.2132059371
   228692.9160400107
   175744.1806043389
   131023.8063615993
   387321.5506473603
   317435.0813465315
   256467.3828747977
   208283.1102938397
   168627.9437329808
   133366.0406897538
   407649.2106391508
   348076.2940433169
   285074.5955474561
   231776.0989174894
   185983.7949206282
   144386.7636623588
   417361.7199559381
   354891.8498146976
   283007.0029838252
   221075.7556441649
   167619.1332879594
   448479.3404498344
   379702.9419470627
   311910.5726279198
   256227.0323944245
   209060.5478160823
   167023.5154632884
   448060.0451861011
   390226.8637386926
   318814.9102067684
   253558.8109434732
   195529.4733679479
   487957.0775167490
   418113.2265066151
   347559.7111053903
   288427.6445478640
   236387.6681455300
   190028.0380038774
   474726.4355300616
   417207.1227943479
   349372.4424851811
   278817.2414995590
   215755.0637441165
   520000.3931625804
   452054.7367740715
   379853.9850379333
   318161.9358022803
   263076.9785675430
   212224.8984135877
   495517.0105685761
   437506.2380393161
   383539.0054797520
   313565.6406341273
   242514.4836316009
   547537.4622111759
   475042.8468815088
   400178.6017044210
   334520.8420599546
   274696.5132817634
   221691.8927422550
   528801.0218571486
   475303.1316080258
   424457.6201577111
   361792.0825365371
   293243.9574023184
   231238.9891616545
   521174.2457187547
   464175.7953251405
   401462.0634336381
   325039.0001477115
   250638.8172754328
   546217.8990681202
   489158.8002937130
   435232.6089973727
   381118.3394874898
   311252.8513982860
   247144.4740561483
   510308.4583759592
   466469.4393272877
   427531.7060429517
   368153.2332534587
   287530.4226405255
   614903.2903320206
   527347.9302961559
   464963.1176424085
   413642.8213010734
   350961.3268460543
   282064.2748463458
   568575.4215684218
   486718.9530605804
   445673.8815055934
   399562.7777713346
   333784.8598817370
   672498.6771673233
   570697.9653592575
   499894.7726289677
   435447.6639707669
   377714.6635602496
   302706.5267614448
   599602.1369340449
   503414.7015140775
   456815.4288613298
   412097.0518869368
   350037.1267419451
   678165.3224034957
   579390.9621075381
   501958.9691999486
   444942.8997009369
   389501.9466749900
   315991.1050485252
   625021.2084935665
   533479.7668619204
   482116.1694301738
   444682.1604318852
   402594.2566489815
   344091.9381466829
   628675.9763677557
   533899.3455918261
   462461.9780627707
   407302.7070445436
   356717.5400928539
   688086.6613925176
   587416.2983922986
   503118.6074287834
   440879.2045318515
   386365.8190914420
   319560.3214939142
   596707.4910110390
   510102.2178987195
   450188.3885090857
   402757.1274870271
   351020.2351815998
   624018.3814483517
   545146.5179165847
   479262.7487155147
   435044.8154486144
   392640.6791477121
   342692.0288173808
   593680.6854792853
   512267.5526799328
   449679.1834383864
   401192.1131618435
   353136.8486706765
   606788.1061551073
   543364.4784821293
   487071.1579626364
   440599.0302991795
   396597.1395562252
   348295.0825465200
   580266.2356392578
   511320.1624109574
   456356.6508894789
   411377.9255381926
   366913.8415438475
   591355.0661231595
   539407.3378425171
   491928.3093767824
   450630.9752720160
   411025.4283149854
   369338.8823780401
   585998.9496272756
   528327.1752378682
   478907.3945560237
   437344.8303595761
   403607.1855291128
   372053.8472885479
   544175.5249929312
   501206.1899208064
   460594.8287914124
   413475.4824515102
   368869.8096391910
   551208.5354506801
   512645.4817085479
   476893.1702793086
   445575.3517405333
   412730.8669520058
   367774.1221998380
   563643.7380167223
   501475.8379904821
   445986.6761761807
   395106.1375925017
   348538.3687505113
   542780.5889233893
   494937.7887239818
   455308.4748419685
   422803.5847624023
   391286.0864617258
   354541.1249208787
   526445.2652209427
   474205.3890483148
   430187.9851924920
   388990.5460749858
   352055.3135618994
   507612.1578379733
   472538.5178843259
   442083.7901941428
   416583.8653475686
   393516.9237913988
   358749.9130014732
   509506.8168460263
   466461.7423300552
   424123.6631961425
   386459.3942446074
   346901.8213609622
   490582.8259512609
   453921.3683427725
   424061.6584895407
   398733.3130496052
   375620.4772761408
   341388.9460623952
   485248.1522355109
   442365.4097025561
   402814.8743871508
   371688.8805084124
   344910.8878384202
   314879.5364393280
   437036.7082046101
   402437.6891411491
   368859.9366953823
   340671.8810308026
   306956.8125171748
   426319.9414666698
   395364.1168637516
   371090.2914899691
   349777.6319600997
   329812.5001385016
   299000.2501953263
   417056.7017487104
   378537.5992858646
   342634.8391107438
   312211.9326385308
   280343.3643339440
   392451.1918170846
   362330.2989040290
   337386.6246868342
   316285.8805010690
   296018.4240930523
   268757.1222750178
   366185.9618834203
   333202.5212666857
   303657.9280807764
   278045.3642631143
   251454.7276506996
   344459.0659270817
   321751.7588086700
   301677.9280721669
   283328.5621769549
   263904.2686397583
   238162.6932506094
   321173.3989989497
   292060.1510446442
   266186.8753115368
   244141.3354480530
   220772.2316801955
   305072.4448624554
   284008.9443736185
   264909.9974101504
   246206.4466908406
   227506.4236366848
   204901.2008620431
   276821.0521599245
   252065.3367595050
   230842.8424366052
   215300.3428703744
   201155.9899043532
   184543.7618870769
   247779.5256189848
   226111.8945518997
   206336.2246064006
   189571.6562903463
   172705.6840613185
   236294.7130447133
   221184.6689676219
   205993.5171026532
   191981.9410778060
   176081.5698932938
   158354.0680657333
   207898.6053592444
   189597.9597774657
   174621.2181738505
   162592.1854533907
   149673.7838159271
   201777.3275220915
   187894.2365393050
   174176.2987958859
   161819.9053364235
   148686.7044985259
   134073.4178055172
   173273.9740758702
   158499.6946753370
   147247.5164028405
   138149.6536981726
   127939.2445212122
   169061.8619268241
   157885.9613954125
   147487.1321431036
   138128.5536137640
   128219.1017404110
   117117.1382164261
   150269.1300882446
   139635.6501881815
   131374.2422174453
   124290.7380112551
   116624.9642584908
   146164.9345474389
   138041.8207440078
   130793.2352626411
   123864.6983274365
   117312.7831423270
   110849.2948970126
   128978.0948731705
   121693.6994548645
   115663.2749065233
   111124.7042969128
   107097.3487103000
   100891.3474558210
   111033.4799752173
   104218.8647763870
    97282.7256692941
    91356.3572079863
    82798.1410152125
    87737.8377172405
    81380.9906905318
    79906.3871175949
    83664.1652143462
    96332.4262978316
   126129.2961920282
        0.0000000000
        0.0000000000
